xof 0303txt 0032

template XSkinMeshHeader {
  <3cf169ce-ff7c-44ab-93c0-f78f62d172e2>
  WORD nMaxSkinWeightsPerVertex;
  WORD nMaxSkinWeightsPerFace;
  WORD nBones;
}

template SkinWeights {
  <6f0d123b-bad2-4167-a0d0-80224f25fabb>
  STRING transformNodeName;
  DWORD nWeights;
  array DWORD vertexIndices[nWeights];
  array float weights[nWeights];
  Matrix4x4 matrixOffset;
}

Frame Root {
  FrameTransformMatrix {
     1.000000, 0.000000, 0.000000, 0.000000,
     0.000000,-0.000000, 1.000000, 0.000000,
     0.000000, 1.000000, 0.000000, 0.000000,
     0.000000, 0.000000, 0.000000, 1.000000;;
  }
  Frame Armature {
    FrameTransformMatrix {
       0.010000, 0.000000, 0.000000, 0.000000,
       0.000000,-0.000000, 0.010000, 0.000000,
       0.000000,-0.010000,-0.000000, 0.000000,
       0.000000, 0.000000, 0.000000, 1.000000;;
    }
    Frame Armature_root {
      FrameTransformMatrix {
         1.000000, 0.000000, 0.000000, 0.000000,
         0.000000, 1.000000, 0.000000, 0.000000,
         0.000000, 0.000000, 1.000000, 0.000000,
         0.000000, 0.000000,-0.000015, 1.000000;;
      }
      Frame Armature_ik_foot_root {
        FrameTransformMatrix {
           1.000000, 0.000000, 0.000000, 0.000000,
           0.000000, 1.000000, 0.000000, 0.000000,
           0.000000, 0.000000, 1.000000, 0.000000,
           0.000000, 0.000000, 0.000000, 1.000000;;
        }
        Frame Armature_ik_foot_l {
          FrameTransformMatrix {
            -0.017528, 0.999778, 0.011666, 0.000000,
            -0.999614,-0.017271,-0.021762, 0.000000,
            -0.021555,-0.012042, 0.999695, 0.000000,
            27.508148,13.551308,13.964251, 1.000000;;
          }
        } // End of Armature_ik_foot_l
        Frame Armature_ik_foot_r {
          FrameTransformMatrix {
             0.009263,-0.999888,-0.011742, 0.000000,
            -0.263209, 0.008891,-0.964698, 0.000000,
             0.964695, 0.012026,-0.263097, 0.000000,
            -11.096519,13.472946,-30.855343, 1.000000;;
          }
        } // End of Armature_ik_foot_r
      } // End of Armature_ik_foot_root
      Frame Armature_ik_hand_root {
        FrameTransformMatrix {
           1.000000, 0.000000, 0.000000, 0.000000,
           0.000000, 1.000000, 0.000000, 0.000000,
           0.000000, 0.000000, 1.000000, 0.000000,
           0.000000, 0.000000, 0.000000, 1.000000;;
        }
        Frame Armature_ik_hand_gun {
          FrameTransformMatrix {
            -0.126620, 0.779956, 0.612891, 0.000000,
             0.782501, 0.458268,-0.421524, 0.000000,
            -0.609639, 0.426215,-0.668342, 0.000000,
            -6.648115,92.632156,-44.700092, 1.000000;;
          }
          Frame Armature_ik_hand_l {
            FrameTransformMatrix {
              -0.124006,-0.803652,-0.582037, 0.000000,
               0.392367,-0.578473, 0.715135, 0.000000,
              -0.911412,-0.139691, 0.387060, 0.000000,
              35.921715,-1.309076,-63.014534, 1.000000;;
            }
          } // End of Armature_ik_hand_l
          Frame Armature_ik_hand_r {
            FrameTransformMatrix {
               1.000000,-0.000001,-0.000000, 0.000000,
               0.000001, 1.000000,-0.000001, 0.000000,
               0.000000, 0.000001, 1.000000, 0.000000,
              -0.000017, 0.000004, 0.000065, 1.000000;;
            }
          } // End of Armature_ik_hand_r
        } // End of Armature_ik_hand_gun
      } // End of Armature_ik_hand_root
      Frame Armature_pelvis {
        FrameTransformMatrix {
           0.218264, 0.968111,-0.122970, 0.000000,
          -0.805956, 0.249872, 0.536655, 0.000000,
           0.550269,-0.018024, 0.834793, 0.000000,
           0.266243,93.183044,-2.139813, 1.000000;;
        }
        Frame Armature_spine_01 {
          FrameTransformMatrix {
             0.099224,-0.994259, 0.040057, 0.000000,
             0.993059, 0.096389,-0.067406, 0.000000,
             0.063158, 0.046468, 0.996921, 0.000000,
            10.808886, 0.851428, 0.000003, 1.000000;;
          }
          Frame Armature_spine_02 {
            FrameTransformMatrix {
               0.969007, 0.243146,-0.043638, 0.000000,
              -0.243327, 0.969943, 0.001190, 0.000000,
               0.042616, 0.009465, 0.999047, 0.000000,
               3.799588,18.803820, 0.197476, 1.000000;;
            }
            Frame Armature_spine_03 {
              FrameTransformMatrix {
                 0.996788, 0.064108,-0.047994, 0.000000,
                -0.060917, 0.996009, 0.065227, 0.000000,
                 0.051984,-0.062094, 0.996716, 0.000000,
                 0.418755,13.412366, 0.040526, 1.000000;;
              }
              Frame Armature_clavicle_l {
                FrameTransformMatrix {
                   0.889727, 0.146058,-0.432496, 0.000000,
                   0.445137,-0.067589, 0.892908, 0.000000,
                   0.101184,-0.986964,-0.125152, 0.000000,
                  -2.732127,11.883690, 3.781993, 1.000000;;
                }
                Frame Armature_upperarm_l {
                  FrameTransformMatrix {
                     0.923159, 0.362563, 0.127773, 0.000000,
                    -0.255813, 0.331293, 0.908188, 0.000000,
                     0.286944,-0.871088, 0.398584, 0.000000,
                    -0.000006,15.784829,-0.000011, 1.000000;;
                  }
                  Frame Armature_lowerarm_l {
                    FrameTransformMatrix {
                       0.897358, 0.441157,-0.011337, 0.000000,
                      -0.440409, 0.896880, 0.040581, 0.000000,
                       0.028071,-0.031423, 0.999112, 0.000000,
                      -0.000023,30.339951, 0.000036, 1.000000;;
                    }
                    Frame Armature_hand_l {
                      FrameTransformMatrix {
                         0.402300, 0.280193, 0.871577, 0.000000,
                        -0.344581, 0.928350,-0.139394, 0.000000,
                        -0.848186,-0.244251, 0.470025, 0.000000,
                        -0.000008,26.975155, 0.000009, 1.000000;;
                      }
                      Frame Armature_index_01_l {
                        FrameTransformMatrix {
                           0.800537,-0.532903,-0.274142, 0.000000,
                           0.545005, 0.837627,-0.036757, 0.000000,
                           0.249217,-0.119984, 0.960986, 0.000000,
                           1.763458,12.068108, 2.109389, 1.000000;;
                        }
                        Frame Armature_index_02_l {
                          FrameTransformMatrix {
                             0.760099,-0.645649,-0.073390, 0.000000,
                             0.649747, 0.756703, 0.072318, 0.000000,
                             0.008842,-0.102654, 0.994678, 0.000000,
                             0.000001, 4.287476,-0.000001, 1.000000;;
                          }
                          Frame Armature_index_03_l {
                            FrameTransformMatrix {
                               0.905369,-0.424188,-0.019281, 0.000000,
                               0.424091, 0.905575,-0.009033, 0.000000,
                               0.021292, 0.000001, 0.999773, 0.000000,
                              -0.000006, 3.393796, 0.000001, 1.000000;;
                            }
                          } // End of Armature_index_03_l
                        } // End of Armature_index_02_l
                      } // End of Armature_index_01_l
                      Frame Armature_middle_01_l {
                        FrameTransformMatrix {
                           0.656223,-0.752830, 0.051170, 0.000000,
                           0.747307, 0.639030,-0.182135, 0.000000,
                           0.104417, 0.157761, 0.981941, 0.000000,
                           1.293627,12.244278,-0.571183, 1.000000;;
                        }
                        Frame Armature_middle_02_l {
                          FrameTransformMatrix {
                             0.660066,-0.750859,-0.022896, 0.000000,
                             0.749198, 0.655767, 0.093121, 0.000000,
                            -0.054906,-0.078620, 0.995391, 0.000000,
                             0.000000, 4.640365,-0.000001, 1.000000;;
                          }
                          Frame Armature_middle_03_l {
                            FrameTransformMatrix {
                               0.887979,-0.459875,-0.002907, 0.000000,
                               0.459872, 0.887984,-0.001511, 0.000000,
                               0.003276, 0.000005, 0.999995, 0.000000,
                              -0.000009, 3.648872,-0.000001, 1.000000;;
                            }
                          } // End of Armature_middle_03_l
                        } // End of Armature_middle_02_l
                      } // End of Armature_middle_01_l
                      Frame Armature_pinky_01_l {
                        FrameTransformMatrix {
                           0.461871,-0.758257, 0.460132, 0.000000,
                           0.878031, 0.464260,-0.116289, 0.000000,
                          -0.125445, 0.457721, 0.880202, 0.000000,
                           2.263133,10.140654,-4.643179, 1.000000;;
                        }
                        Frame Armature_pinky_02_l {
                          FrameTransformMatrix {
                             0.497033,-0.867218,-0.029838, 0.000000,
                             0.866779, 0.497805,-0.029736, 0.000000,
                             0.040641,-0.011084, 0.999112, 0.000000,
                            -0.000000, 3.570988,-0.000001, 1.000000;;
                          }
                          Frame Armature_pinky_03_l {
                            FrameTransformMatrix {
                               0.712787,-0.701362,-0.005103, 0.000000,
                               0.701344, 0.712805,-0.005024, 0.000000,
                               0.007161, 0.000003, 0.999974, 0.000000,
                              -0.000003, 2.985657, 0.000001, 1.000000;;
                            }
                          } // End of Armature_pinky_03_l
                        } // End of Armature_pinky_02_l
                      } // End of Armature_pinky_01_l
                      Frame Armature_ring_01_l {
                        FrameTransformMatrix {
                           0.459581,-0.812318, 0.359061, 0.000000,
                           0.882272, 0.463952,-0.079649, 0.000000,
                          -0.101887, 0.353395, 0.929909, 0.000000,
                           1.753527,11.497881,-2.846917, 1.000000;;
                        }
                        Frame Armature_ring_02_l {
                          FrameTransformMatrix {
                             0.846937,-0.531540,-0.012766, 0.000000,
                             0.531605, 0.846990, 0.002060, 0.000000,
                             0.009718,-0.008532, 0.999916, 0.000000,
                             0.000002, 4.430178,-0.000000, 1.000000;;
                          }
                          Frame Armature_ring_03_l {
                            FrameTransformMatrix {
                               0.912720,-0.408586, 0.000361, 0.000000,
                               0.408586, 0.912720, 0.000169, 0.000000,
                              -0.000398,-0.000007, 1.000000, 0.000000,
                              -0.000005, 3.476637, 0.000002, 1.000000;;
                            }
                          } // End of Armature_ring_03_l
                        } // End of Armature_ring_02_l
                      } // End of Armature_ring_01_l
                      Frame Armature_thumb_01_l {
                        FrameTransformMatrix {
                          -0.049888, 0.340785,-0.938817, 0.000000,
                           0.696400, 0.685662, 0.211885, 0.000000,
                           0.715918,-0.643221,-0.271529, 0.000000,
                           2.374966, 4.762030, 2.537805, 1.000000;;
                        }
                        Frame Armature_thumb_02_l {
                          FrameTransformMatrix {
                             0.994918,-0.094570,-0.034569, 0.000000,
                             0.097440, 0.990808, 0.093831, 0.000000,
                             0.025378,-0.096723, 0.994988, 0.000000,
                             0.000000, 3.869688, 0.000002, 1.000000;;
                          }
                          Frame Armature_thumb_03_l {
                            FrameTransformMatrix {
                               0.993104,-0.092367,-0.072193, 0.000000,
                               0.099653, 0.989482, 0.104859, 0.000000,
                               0.061748,-0.111330, 0.991863, 0.000000,
                              -0.000002, 4.062152,-0.000001, 1.000000;;
                            }
                          } // End of Armature_thumb_03_l
                        } // End of Armature_thumb_02_l
                      } // End of Armature_thumb_01_l
                    } // End of Armature_hand_l
                    Frame Armature_lowerarm_twist_01_l {
                      FrameTransformMatrix {
                         0.976179, 0.000000,-0.216966, 0.000000,
                        -0.000000, 1.000000,-0.000000, 0.000000,
                         0.216966, 0.000001, 0.976179, 0.000000,
                         0.000005,14.000008,-0.000007, 1.000000;;
                      }
                    } // End of Armature_lowerarm_twist_01_l
                  } // End of Armature_lowerarm_l
                  Frame Armature_upperarm_twist_01_l {
                    FrameTransformMatrix {
                       0.970777, 0.000001,-0.239985, 0.000000,
                      -0.000001, 1.000000, 0.000000, 0.000000,
                       0.239985,-0.000000, 0.970777, 0.000000,
                       0.000009, 0.500004,-0.000001, 1.000000;;
                    }
                  } // End of Armature_upperarm_twist_01_l
                } // End of Armature_upperarm_l
              } // End of Armature_clavicle_l
              Frame Armature_clavicle_r {
                FrameTransformMatrix {
                  -0.945832,-0.129492,-0.297715, 0.000000,
                   0.313350,-0.124213,-0.941479, 0.000000,
                   0.084934,-0.983770, 0.158061, 0.000000,
                  -2.732064,11.883798,-3.782010, 1.000000;;
                }
                Frame Armature_upperarm_r {
                  FrameTransformMatrix {
                     0.994114,-0.013156,-0.107534, 0.000000,
                     0.101725, 0.454794, 0.884768, 0.000000,
                     0.037266,-0.890500, 0.453455, 0.000000,
                    -0.000049,15.784842, 0.000080, 1.000000;;
                  }
                  Frame Armature_lowerarm_r {
                    FrameTransformMatrix {
                       0.984122,-0.111449,-0.138142, 0.000000,
                       0.114541, 0.993311, 0.014619, 0.000000,
                       0.135589,-0.030210, 0.990304, 0.000000,
                       0.000006,30.340115,-0.000060, 1.000000;;
                    }
                    Frame Armature_hand_r {
                      FrameTransformMatrix {
                         0.414125,-0.103332,-0.904336, 0.000000,
                        -0.273844, 0.933360,-0.232051, 0.000000,
                         0.868049, 0.343745, 0.358231, 0.000000,
                         0.000003,26.975264, 0.000039, 1.000000;;
                      }
                      Frame Armature_index_01_r {
                        FrameTransformMatrix {
                           0.680581, 0.711085, 0.176543, 0.000000,
                          -0.685834, 0.703073,-0.187937, 0.000000,
                          -0.257762, 0.006827, 0.966184, 0.000000,
                          -1.763771,12.067956, 2.109449, 1.000000;;
                        }
                        Frame Armature_index_02_r {
                          FrameTransformMatrix {
                            -0.096422, 0.990318, 0.099862, 0.000000,
                            -0.995295,-0.094973,-0.019176, 0.000000,
                            -0.009507,-0.101241, 0.994817, 0.000000,
                             0.000056, 4.287698,-0.000062, 1.000000;;
                          }
                          Frame Armature_index_03_r {
                            FrameTransformMatrix {
                               0.666922, 0.744992, 0.014205, 0.000000,
                              -0.744823, 0.667073,-0.015861, 0.000000,
                              -0.021292,-0.000002, 0.999773, 0.000000,
                               0.000130, 3.393812,-0.000004, 1.000000;;
                            }
                          } // End of Armature_index_03_r
                        } // End of Armature_index_02_r
                      } // End of Armature_index_01_r
                      Frame Armature_middle_01_r {
                        FrameTransformMatrix {
                           0.441926, 0.896674,-0.026033, 0.000000,
                          -0.895751, 0.439538,-0.066611, 0.000000,
                          -0.048286, 0.052756, 0.997439, 0.000000,
                          -1.293764,12.244137,-0.571113, 1.000000;;
                        }
                        Frame Armature_middle_02_r {
                          FrameTransformMatrix {
                             0.178860, 0.979905, 0.088288, 0.000000,
                            -0.981564, 0.171573, 0.084232, 0.000000,
                             0.067391,-0.101726, 0.992527, 0.000000,
                             0.000006, 4.640570, 0.000002, 1.000000;;
                          }
                          Frame Armature_middle_03_r {
                            FrameTransformMatrix {
                               0.131026, 0.991379, 0.000430, 0.000000,
                              -0.991373, 0.131027,-0.003245, 0.000000,
                              -0.003273,-0.000001, 0.999995, 0.000000,
                               0.000007, 3.649069,-0.000003, 1.000000;;
                            }
                          } // End of Armature_middle_03_r
                        } // End of Armature_middle_02_r
                      } // End of Armature_middle_01_r
                      Frame Armature_pinky_01_r {
                        FrameTransformMatrix {
                           0.827078, 0.473672,-0.302615, 0.000000,
                          -0.535498, 0.827637,-0.168104, 0.000000,
                           0.170829, 0.301085, 0.938171, 0.000000,
                          -2.263384,10.140607,-4.643078, 1.000000;;
                        }
                        Frame Armature_pinky_02_r {
                          FrameTransformMatrix {
                             0.135765, 0.989592, 0.047707, 0.000000,
                            -0.990283, 0.137010,-0.023854, 0.000000,
                            -0.030142,-0.044005, 0.998576, 0.000000,
                             0.000001, 3.571045,-0.000002, 1.000000;;
                          }
                          Frame Armature_pinky_03_r {
                            FrameTransformMatrix {
                              -0.138515, 0.990360,-0.000996, 0.000000,
                              -0.990334,-0.138519,-0.007121, 0.000000,
                              -0.007190,-0.000000, 0.999974, 0.000000,
                               0.000314, 2.985481,-0.000034, 1.000000;;
                            }
                          } // End of Armature_pinky_03_r
                        } // End of Armature_pinky_02_r
                      } // End of Armature_pinky_01_r
                      Frame Armature_ring_01_r {
                        FrameTransformMatrix {
                           0.488694, 0.835027,-0.252801, 0.000000,
                          -0.863051, 0.505117, 0.000075, 0.000000,
                           0.127757, 0.218143, 0.967518, 0.000000,
                          -1.753814,11.497984,-2.846899, 1.000000;;
                        }
                        Frame Armature_ring_02_r {
                          FrameTransformMatrix {
                            -0.098079, 0.994968, 0.020482, 0.000000,
                            -0.995158,-0.097923,-0.008494, 0.000000,
                            -0.006446,-0.021216, 0.999754, 0.000000,
                             0.000002, 4.429867,-0.000001, 1.000000;;
                          }
                          Frame Armature_ring_03_r {
                            FrameTransformMatrix {
                               0.264054, 0.964508,-0.000104, 0.000000,
                              -0.964508, 0.264054, 0.000406, 0.000000,
                               0.000419,-0.000007, 1.000000, 0.000000,
                              -0.000007, 3.476637, 0.000005, 1.000000;;
                            }
                          } // End of Armature_ring_03_r
                        } // End of Armature_ring_02_r
                      } // End of Armature_ring_01_r
                      Frame Armature_thumb_01_r {
                        FrameTransformMatrix {
                           0.166767,-0.399673, 0.901360, 0.000000,
                          -0.684857, 0.610706, 0.397504, 0.000000,
                          -0.709338,-0.683593,-0.171873, 0.000000,
                          -2.375152, 4.762116, 2.537822, 1.000000;;
                        }
                        Frame Armature_thumb_02_r {
                          FrameTransformMatrix {
                             0.809497, 0.587035, 0.010219, 0.000000,
                            -0.587121, 0.809318, 0.017127, 0.000000,
                             0.001784,-0.019864, 0.999801, 0.000000,
                             0.000117, 3.869585, 0.000103, 1.000000;;
                          }
                          Frame Armature_thumb_03_r {
                            FrameTransformMatrix {
                               0.696229, 0.717193, 0.029990, 0.000000,
                              -0.716528, 0.696875,-0.030869, 0.000000,
                              -0.043038, 0.000003, 0.999074, 0.000000,
                               0.000005, 4.062214, 0.000000, 1.000000;;
                            }
                          } // End of Armature_thumb_03_r
                        } // End of Armature_thumb_02_r
                      } // End of Armature_thumb_01_r
                      Frame Armature_weapon_r {
                        FrameTransformMatrix {
                          -0.005470,-0.000001,-0.999985, 0.000000,
                          -0.000000,-1.000000, 0.000001, 0.000000,
                          -0.999985, 0.000000, 0.005470, 0.000000,
                          -4.667036,11.308999,-1.092989, 1.000000;;
                        }
                      } // End of Armature_weapon_r
                    } // End of Armature_hand_r
                    Frame Armature_lowerarm_twist_01_r {
                      FrameTransformMatrix {
                         0.999873, 0.000000,-0.015963, 0.000000,
                        -0.000000, 1.000000, 0.000002, 0.000000,
                         0.015963,-0.000002, 0.999873, 0.000000,
                         0.000032,14.000001, 0.000010, 1.000000;;
                      }
                    } // End of Armature_lowerarm_twist_01_r
                  } // End of Armature_lowerarm_r
                  Frame Armature_upperarm_twist_01_r {
                    FrameTransformMatrix {
                       0.998770,-0.000001, 0.049582, 0.000000,
                       0.000001, 1.000000, 0.000001, 0.000000,
                      -0.049582,-0.000001, 0.998770, 0.000000,
                      -0.000012, 0.500047,-0.000024, 1.000000;;
                    }
                  } // End of Armature_upperarm_twist_01_r
                } // End of Armature_upperarm_r
              } // End of Armature_clavicle_r
              Frame Armature_neck_01 {
                FrameTransformMatrix {
                   0.669684, 0.417752,-0.614009, 0.000000,
                  -0.406394, 0.898152, 0.167830, 0.000000,
                   0.621585, 0.137136, 0.771250, 0.000000,
                  -0.355330,16.558769, 0.000002, 1.000000;;
                }
                Frame Armature_head {
                  FrameTransformMatrix {
                     0.990519,-0.137098,-0.008722, 0.000000,
                     0.135010, 0.959771, 0.246193, 0.000000,
                    -0.025382,-0.245037, 0.969181, 0.000000,
                     0.364148, 9.283592, 0.000002, 1.000000;;
                  }
                } // End of Armature_head
              } // End of Armature_neck_01
            } // End of Armature_spine_03
          } // End of Armature_spine_02
        } // End of Armature_spine_01
        Frame Armature_sword_holder {
          FrameTransformMatrix {
            -0.909314, 0.370362, 0.189679, 0.000000,
            -0.355305,-0.928335, 0.109324, 0.000000,
             0.216575, 0.032017, 0.975741, 0.000000,
            13.979965,19.493004,16.301004, 1.000000;;
          }
        } // End of Armature_sword_holder
        Frame Armature_thigh_l {
          FrameTransformMatrix {
            -0.159040,-0.513037,-0.843504, 0.000000,
            -0.859693,-0.348115, 0.373823, 0.000000,
            -0.485422, 0.784607,-0.385691, 0.000000,
            -1.448816, 0.531428, 9.005811, 1.000000;;
          }
          Frame Armature_calf_l {
            FrameTransformMatrix {
               0.957041,-0.274614,-0.093063, 0.000000,
               0.276413, 0.961015, 0.006770, 0.000000,
               0.087575,-0.032202, 0.995637, 0.000000,
               0.001608,42.536999, 0.000152, 1.000000;;
            }
            Frame Armature_calf_twist_01_l {
              FrameTransformMatrix {
                 0.999840,-0.015267,-0.009270, 0.000000,
                 0.015232, 0.999877,-0.003823, 0.000000,
                 0.009327, 0.003681, 0.999950, 0.000000,
                 0.000015,20.476795,-0.000008, 1.000000;;
              }
            } // End of Armature_calf_twist_01_l
            Frame Armature_foot_l {
              FrameTransformMatrix {
                 0.013330,-0.970281,-0.241612, 0.000000,
                -0.995242,-0.036198, 0.090460, 0.000000,
                -0.096518, 0.239257,-0.966147, 0.000000,
                 0.000112,40.196693, 0.000197, 1.000000;;
              }
              Frame Armature_ball_l {
                FrameTransformMatrix {
                   0.024621, 0.999697, 0.000150, 0.000000,
                  -0.999697, 0.024621, 0.000077, 0.000000,
                   0.000073,-0.000152, 1.000000, 0.000000,
                  -10.453847,16.577848,-0.080155, 1.000000;;
                }
              } // End of Armature_ball_l
            } // End of Armature_foot_l
          } // End of Armature_calf_l
          Frame Armature_thigh_twist_01_l {
            FrameTransformMatrix {
               0.502483,-0.000498,-0.864587, 0.000000,
               0.000985, 1.000000,-0.000003, 0.000000,
               0.864587,-0.000850, 0.502483, 0.000000,
              -0.000023,22.094229,-0.000004, 1.000000;;
            }
          } // End of Armature_thigh_twist_01_l
        } // End of Armature_thigh_l
        Frame Armature_thigh_r {
          FrameTransformMatrix {
            -0.096000, 0.949809,-0.297736, 0.000000,
            -0.938464,-0.186065,-0.290973, 0.000000,
            -0.331767, 0.251481, 0.909224, 0.000000,
            -1.448633, 0.531432,-9.005804, 1.000000;;
          }
          Frame Armature_calf_r {
            FrameTransformMatrix {
               0.948095, 0.304614, 0.091252, 0.000000,
              -0.306045, 0.952015, 0.001775, 0.000000,
              -0.086332,-0.029610, 0.995826, 0.000000,
              -0.001152,42.529797, 0.000298, 1.000000;;
            }
            Frame Armature_calf_twist_01_r {
              FrameTransformMatrix {
                 0.997999, 0.014972,-0.061439, 0.000000,
                -0.015236, 0.999877,-0.003825, 0.000000,
                 0.061374, 0.004753, 0.998104, 0.000000,
                 0.000012,20.476919,-0.000002, 1.000000;;
              }
            } // End of Armature_calf_twist_01_r
            Frame Armature_foot_r {
              FrameTransformMatrix {
                 0.160394, 0.954729, 0.250531, 0.000000,
                 0.986894,-0.150562,-0.058061, 0.000000,
                -0.017713, 0.256560,-0.966366, 0.000000,
                 0.000008,40.196812, 0.000235, 1.000000;;
              }
              Frame Armature_ball_r {
                FrameTransformMatrix {
                  -0.002066,-0.999998,-0.000153, 0.000000,
                   0.999998,-0.002066, 0.000072, 0.000000,
                  -0.000072,-0.000153, 1.000000, 0.000000,
                  10.453819,16.577803,-0.080164, 1.000000;;
                }
              } // End of Armature_ball_r
            } // End of Armature_foot_r
          } // End of Armature_calf_r
          Frame Armature_thigh_twist_01_r {
            FrameTransformMatrix {
               0.971316, 0.000956, 0.237790, 0.000000,
              -0.000984, 1.000000,-0.000002, 0.000000,
              -0.237789,-0.000232, 0.971317, 0.000000,
               0.000003,22.094225,-0.000002, 1.000000;;
            }
          } // End of Armature_thigh_twist_01_r
        } // End of Armature_thigh_r
      } // End of Armature_pelvis
    } // End of Armature_root
  } // End of Armature
} // End of Root
AnimationSet Global {
  Animation {
    {Armature}
    AnimationKey { // Rotation
      0;
      60;
      0;4;-0.707107, 0.707107, 0.000000, 0.000000;;,
      1;4;-0.707107, 0.707107, 0.000000, 0.000000;;,
      2;4;-0.707107, 0.707107, 0.000000, 0.000000;;,
      3;4;-0.707107, 0.707107, 0.000000, 0.000000;;,
      4;4;-0.707107, 0.707107, 0.000000, 0.000000;;,
      5;4;-0.707107, 0.707107, 0.000000, 0.000000;;,
      6;4;-0.707107, 0.707107, 0.000000, 0.000000;;,
      7;4;-0.707107, 0.707107, 0.000000, 0.000000;;,
      8;4;-0.707107, 0.707107, 0.000000, 0.000000;;,
      9;4;-0.707107, 0.707107, 0.000000, 0.000000;;,
      10;4;-0.707107, 0.707107, 0.000000, 0.000000;;,
      11;4;-0.707107, 0.707107, 0.000000, 0.000000;;,
      12;4;-0.707107, 0.707107, 0.000000, 0.000000;;,
      13;4;-0.707107, 0.707107, 0.000000, 0.000000;;,
      14;4;-0.707107, 0.707107, 0.000000, 0.000000;;,
      15;4;-0.707107, 0.707107, 0.000000, 0.000000;;,
      16;4;-0.707107, 0.707107, 0.000000, 0.000000;;,
      17;4;-0.707107, 0.707107, 0.000000, 0.000000;;,
      18;4;-0.707107, 0.707107, 0.000000, 0.000000;;,
      19;4;-0.707107, 0.707107, 0.000000, 0.000000;;,
      20;4;-0.707107, 0.707107, 0.000000, 0.000000;;,
      21;4;-0.707107, 0.707107, 0.000000, 0.000000;;,
      22;4;-0.707107, 0.707107, 0.000000, 0.000000;;,
      23;4;-0.707107, 0.707107, 0.000000, 0.000000;;,
      24;4;-0.707107, 0.707107, 0.000000, 0.000000;;,
      25;4;-0.707107, 0.707107, 0.000000, 0.000000;;,
      26;4;-0.707107, 0.707107, 0.000000, 0.000000;;,
      27;4;-0.707107, 0.707107, 0.000000, 0.000000;;,
      28;4;-0.707107, 0.707107, 0.000000, 0.000000;;,
      29;4;-0.707107, 0.707107, 0.000000, 0.000000;;,
      30;4;-0.707107, 0.707107, 0.000000, 0.000000;;,
      31;4;-0.707107, 0.707107, 0.000000, 0.000000;;,
      32;4;-0.707107, 0.707107, 0.000000, 0.000000;;,
      33;4;-0.707107, 0.707107, 0.000000, 0.000000;;,
      34;4;-0.707107, 0.707107, 0.000000, 0.000000;;,
      35;4;-0.707107, 0.707107, 0.000000, 0.000000;;,
      36;4;-0.707107, 0.707107, 0.000000, 0.000000;;,
      37;4;-0.707107, 0.707107, 0.000000, 0.000000;;,
      38;4;-0.707107, 0.707107, 0.000000, 0.000000;;,
      39;4;-0.707107, 0.707107, 0.000000, 0.000000;;,
      40;4;-0.707107, 0.707107, 0.000000, 0.000000;;,
      41;4;-0.707107, 0.707107, 0.000000, 0.000000;;,
      42;4;-0.707107, 0.707107, 0.000000, 0.000000;;,
      43;4;-0.707107, 0.707107, 0.000000, 0.000000;;,
      44;4;-0.707107, 0.707107, 0.000000, 0.000000;;,
      45;4;-0.707107, 0.707107, 0.000000, 0.000000;;,
      46;4;-0.707107, 0.707107, 0.000000, 0.000000;;,
      47;4;-0.707107, 0.707107, 0.000000, 0.000000;;,
      48;4;-0.707107, 0.707107, 0.000000, 0.000000;;,
      49;4;-0.707107, 0.707107, 0.000000, 0.000000;;,
      50;4;-0.707107, 0.707107, 0.000000, 0.000000;;,
      51;4;-0.707107, 0.707107, 0.000000, 0.000000;;,
      52;4;-0.707107, 0.707107, 0.000000, 0.000000;;,
      53;4;-0.707107, 0.707107, 0.000000, 0.000000;;,
      54;4;-0.707107, 0.707107, 0.000000, 0.000000;;,
      55;4;-0.707107, 0.707107, 0.000000, 0.000000;;,
      56;4;-0.707107, 0.707107, 0.000000, 0.000000;;,
      57;4;-0.707107, 0.707107, 0.000000, 0.000000;;,
      58;4;-0.707107, 0.707107, 0.000000, 0.000000;;,
      59;4;-0.707107, 0.707107, 0.000000, 0.000000;;;
    }
    AnimationKey { // Scale
      1;
      60;
      0;3; 0.010000, 0.010000, 0.010000;;,
      1;3; 0.010000, 0.010000, 0.010000;;,
      2;3; 0.010000, 0.010000, 0.010000;;,
      3;3; 0.010000, 0.010000, 0.010000;;,
      4;3; 0.010000, 0.010000, 0.010000;;,
      5;3; 0.010000, 0.010000, 0.010000;;,
      6;3; 0.010000, 0.010000, 0.010000;;,
      7;3; 0.010000, 0.010000, 0.010000;;,
      8;3; 0.010000, 0.010000, 0.010000;;,
      9;3; 0.010000, 0.010000, 0.010000;;,
      10;3; 0.010000, 0.010000, 0.010000;;,
      11;3; 0.010000, 0.010000, 0.010000;;,
      12;3; 0.010000, 0.010000, 0.010000;;,
      13;3; 0.010000, 0.010000, 0.010000;;,
      14;3; 0.010000, 0.010000, 0.010000;;,
      15;3; 0.010000, 0.010000, 0.010000;;,
      16;3; 0.010000, 0.010000, 0.010000;;,
      17;3; 0.010000, 0.010000, 0.010000;;,
      18;3; 0.010000, 0.010000, 0.010000;;,
      19;3; 0.010000, 0.010000, 0.010000;;,
      20;3; 0.010000, 0.010000, 0.010000;;,
      21;3; 0.010000, 0.010000, 0.010000;;,
      22;3; 0.010000, 0.010000, 0.010000;;,
      23;3; 0.010000, 0.010000, 0.010000;;,
      24;3; 0.010000, 0.010000, 0.010000;;,
      25;3; 0.010000, 0.010000, 0.010000;;,
      26;3; 0.010000, 0.010000, 0.010000;;,
      27;3; 0.010000, 0.010000, 0.010000;;,
      28;3; 0.010000, 0.010000, 0.010000;;,
      29;3; 0.010000, 0.010000, 0.010000;;,
      30;3; 0.010000, 0.010000, 0.010000;;,
      31;3; 0.010000, 0.010000, 0.010000;;,
      32;3; 0.010000, 0.010000, 0.010000;;,
      33;3; 0.010000, 0.010000, 0.010000;;,
      34;3; 0.010000, 0.010000, 0.010000;;,
      35;3; 0.010000, 0.010000, 0.010000;;,
      36;3; 0.010000, 0.010000, 0.010000;;,
      37;3; 0.010000, 0.010000, 0.010000;;,
      38;3; 0.010000, 0.010000, 0.010000;;,
      39;3; 0.010000, 0.010000, 0.010000;;,
      40;3; 0.010000, 0.010000, 0.010000;;,
      41;3; 0.010000, 0.010000, 0.010000;;,
      42;3; 0.010000, 0.010000, 0.010000;;,
      43;3; 0.010000, 0.010000, 0.010000;;,
      44;3; 0.010000, 0.010000, 0.010000;;,
      45;3; 0.010000, 0.010000, 0.010000;;,
      46;3; 0.010000, 0.010000, 0.010000;;,
      47;3; 0.010000, 0.010000, 0.010000;;,
      48;3; 0.010000, 0.010000, 0.010000;;,
      49;3; 0.010000, 0.010000, 0.010000;;,
      50;3; 0.010000, 0.010000, 0.010000;;,
      51;3; 0.010000, 0.010000, 0.010000;;,
      52;3; 0.010000, 0.010000, 0.010000;;,
      53;3; 0.010000, 0.010000, 0.010000;;,
      54;3; 0.010000, 0.010000, 0.010000;;,
      55;3; 0.010000, 0.010000, 0.010000;;,
      56;3; 0.010000, 0.010000, 0.010000;;,
      57;3; 0.010000, 0.010000, 0.010000;;,
      58;3; 0.010000, 0.010000, 0.010000;;,
      59;3; 0.010000, 0.010000, 0.010000;;;
    }
    AnimationKey { // Position
      2;
      60;
      0;3; 0.000000, 0.000000, 0.000000;;,
      1;3; 0.000000, 0.000000, 0.000000;;,
      2;3; 0.000000, 0.000000, 0.000000;;,
      3;3; 0.000000, 0.000000, 0.000000;;,
      4;3; 0.000000, 0.000000, 0.000000;;,
      5;3; 0.000000, 0.000000, 0.000000;;,
      6;3; 0.000000, 0.000000, 0.000000;;,
      7;3; 0.000000, 0.000000, 0.000000;;,
      8;3; 0.000000, 0.000000, 0.000000;;,
      9;3; 0.000000, 0.000000, 0.000000;;,
      10;3; 0.000000, 0.000000, 0.000000;;,
      11;3; 0.000000, 0.000000, 0.000000;;,
      12;3; 0.000000, 0.000000, 0.000000;;,
      13;3; 0.000000, 0.000000, 0.000000;;,
      14;3; 0.000000, 0.000000, 0.000000;;,
      15;3; 0.000000, 0.000000, 0.000000;;,
      16;3; 0.000000, 0.000000, 0.000000;;,
      17;3; 0.000000, 0.000000, 0.000000;;,
      18;3; 0.000000, 0.000000, 0.000000;;,
      19;3; 0.000000, 0.000000, 0.000000;;,
      20;3; 0.000000, 0.000000, 0.000000;;,
      21;3; 0.000000, 0.000000, 0.000000;;,
      22;3; 0.000000, 0.000000, 0.000000;;,
      23;3; 0.000000, 0.000000, 0.000000;;,
      24;3; 0.000000, 0.000000, 0.000000;;,
      25;3; 0.000000, 0.000000, 0.000000;;,
      26;3; 0.000000, 0.000000, 0.000000;;,
      27;3; 0.000000, 0.000000, 0.000000;;,
      28;3; 0.000000, 0.000000, 0.000000;;,
      29;3; 0.000000, 0.000000, 0.000000;;,
      30;3; 0.000000, 0.000000, 0.000000;;,
      31;3; 0.000000, 0.000000, 0.000000;;,
      32;3; 0.000000, 0.000000, 0.000000;;,
      33;3; 0.000000, 0.000000, 0.000000;;,
      34;3; 0.000000, 0.000000, 0.000000;;,
      35;3; 0.000000, 0.000000, 0.000000;;,
      36;3; 0.000000, 0.000000, 0.000000;;,
      37;3; 0.000000, 0.000000, 0.000000;;,
      38;3; 0.000000, 0.000000, 0.000000;;,
      39;3; 0.000000, 0.000000, 0.000000;;,
      40;3; 0.000000, 0.000000, 0.000000;;,
      41;3; 0.000000, 0.000000, 0.000000;;,
      42;3; 0.000000, 0.000000, 0.000000;;,
      43;3; 0.000000, 0.000000, 0.000000;;,
      44;3; 0.000000, 0.000000, 0.000000;;,
      45;3; 0.000000, 0.000000, 0.000000;;,
      46;3; 0.000000, 0.000000, 0.000000;;,
      47;3; 0.000000, 0.000000, 0.000000;;,
      48;3; 0.000000, 0.000000, 0.000000;;,
      49;3; 0.000000, 0.000000, 0.000000;;,
      50;3; 0.000000, 0.000000, 0.000000;;,
      51;3; 0.000000, 0.000000, 0.000000;;,
      52;3; 0.000000, 0.000000, 0.000000;;,
      53;3; 0.000000, 0.000000, 0.000000;;,
      54;3; 0.000000, 0.000000, 0.000000;;,
      55;3; 0.000000, 0.000000, 0.000000;;,
      56;3; 0.000000, 0.000000, 0.000000;;,
      57;3; 0.000000, 0.000000, 0.000000;;,
      58;3; 0.000000, 0.000000, 0.000000;;,
      59;3; 0.000000, 0.000000, 0.000000;;;
    }
  }
  Animation {
    {Armature_root}
    AnimationKey { // Rotation
      0;
      60;
      0;4;-1.000000, 0.000000, 0.000000, 0.000000;;,
      1;4;-1.000000, 0.000000, 0.000000, 0.000000;;,
      2;4;-1.000000, 0.000000, 0.000000, 0.000000;;,
      3;4;-1.000000, 0.000000, 0.000000, 0.000000;;,
      4;4;-1.000000, 0.000000, 0.000000, 0.000000;;,
      5;4;-1.000000, 0.000000, 0.000000, 0.000000;;,
      6;4;-1.000000, 0.000000, 0.000000, 0.000000;;,
      7;4;-1.000000, 0.000000, 0.000000, 0.000000;;,
      8;4;-1.000000, 0.000000, 0.000000, 0.000000;;,
      9;4;-1.000000, 0.000000, 0.000000, 0.000000;;,
      10;4;-1.000000, 0.000000, 0.000000, 0.000000;;,
      11;4;-1.000000, 0.000000, 0.000000, 0.000000;;,
      12;4;-1.000000, 0.000000, 0.000000, 0.000000;;,
      13;4;-1.000000, 0.000000, 0.000000, 0.000000;;,
      14;4;-1.000000, 0.000000, 0.000000, 0.000000;;,
      15;4;-1.000000, 0.000000, 0.000000, 0.000000;;,
      16;4;-1.000000, 0.000000, 0.000000, 0.000000;;,
      17;4;-1.000000, 0.000000, 0.000000, 0.000000;;,
      18;4;-1.000000, 0.000000, 0.000000, 0.000000;;,
      19;4;-1.000000, 0.000000, 0.000000, 0.000000;;,
      20;4;-1.000000, 0.000000, 0.000000, 0.000000;;,
      21;4;-1.000000, 0.000000, 0.000000, 0.000000;;,
      22;4;-1.000000, 0.000000, 0.000000, 0.000000;;,
      23;4;-1.000000, 0.000000, 0.000000, 0.000000;;,
      24;4;-1.000000, 0.000000, 0.000000, 0.000000;;,
      25;4;-1.000000, 0.000000, 0.000000, 0.000000;;,
      26;4;-1.000000, 0.000000, 0.000000, 0.000000;;,
      27;4;-1.000000, 0.000000, 0.000000, 0.000000;;,
      28;4;-1.000000, 0.000000, 0.000000, 0.000000;;,
      29;4;-1.000000, 0.000000, 0.000000, 0.000000;;,
      30;4;-1.000000, 0.000000, 0.000000, 0.000000;;,
