xof 0303txt 0032

template XSkinMeshHeader {
  <3cf169ce-ff7c-44ab-93c0-f78f62d172e2>
  WORD nMaxSkinWeightsPerVertex;
  WORD nMaxSkinWeightsPerFace;
  WORD nBones;
}

template SkinWeights {
  <6f0d123b-bad2-4167-a0d0-80224f25fabb>
  STRING transformNodeName;
  DWORD nWeights;
  array DWORD vertexIndices[nWeights];
  array float weights[nWeights];
  Matrix4x4 matrixOffset;
}

Frame Root {
  FrameTransformMatrix {
     1.000000, 0.000000, 0.000000, 0.000000,
     0.000000,-0.000000, 1.000000, 0.000000,
     0.000000, 1.000000, 0.000000, 0.000000,
     0.000000, 0.000000, 0.000000, 1.000000;;
  }
  Frame Armature {
    FrameTransformMatrix {
       0.010000, 0.000000, 0.000000, 0.000000,
       0.000000,-0.000000, 0.010000, 0.000000,
       0.000000,-0.010000,-0.000000, 0.000000,
       0.000000, 0.000000, 0.000000, 1.000000;;
    }
    Frame Armature_root {
      FrameTransformMatrix {
         1.000000, 0.000000, 0.000000, 0.000000,
         0.000000, 1.000000,-0.000000, 0.000000,
         0.000000, 0.000000, 1.000000, 0.000000,
         0.000000, 0.000000, 0.000000, 1.000000;;
      }
      Frame Armature_ik_foot_root {
        FrameTransformMatrix {
           1.000000, 0.000000, 0.000000, 0.000000,
           0.000000, 1.000000, 0.000000, 0.000000,
           0.000000, 0.000000, 1.000000, 0.000000,
           0.000000, 0.000000, 0.000000, 1.000000;;
        }
        Frame Armature_ik_foot_l {
          FrameTransformMatrix {
             0.590167,-0.001310, 0.807280, 0.000000,
            -0.788505,-0.215353, 0.576092, 0.000000,
             0.173096,-0.976535,-0.128127, 0.000000,
            18.352772,71.598228,-2.356359, 1.000000;;
          }
        } // End of Armature_ik_foot_l
        Frame Armature_ik_foot_r {
          FrameTransformMatrix {
             0.127908, 0.503756,-0.854324, 0.000000,
            -0.951560, 0.305169, 0.037478, 0.000000,
             0.279593, 0.808147, 0.518388, 0.000000,
            -19.030594,42.316578,-42.116081, 1.000000;;
          }
        } // End of Armature_ik_foot_r
      } // End of Armature_ik_foot_root
      Frame Armature_ik_hand_root {
        FrameTransformMatrix {
           1.000000, 0.000000, 0.000000, 0.000000,
           0.000000, 1.000000, 0.000000, 0.000000,
           0.000000, 0.000000, 1.000000, 0.000000,
           0.000000, 0.000000, 0.000000, 1.000000;;
        }
        Frame Armature_ik_hand_gun {
          FrameTransformMatrix {
            -0.420179,-0.894710, 0.151470, 0.000000,
            -0.596740, 0.398187, 0.696669, 0.000000,
            -0.683631, 0.202338,-0.701219, 0.000000,
            44.938751,103.109848,20.415724, 1.000000;;
          }
          Frame Armature_ik_hand_l {
            FrameTransformMatrix {
               0.940106,-0.185513,-0.285982, 0.000000,
               0.055717, 0.911288,-0.407982, 0.000000,
               0.336298, 0.367612, 0.867044, 0.000000,
              -7.037249,35.686920,14.579398, 1.000000;;
            }
          } // End of Armature_ik_hand_l
          Frame Armature_ik_hand_r {
            FrameTransformMatrix {
               1.000000, 0.000000, 0.000000, 0.000000,
              -0.000000, 1.000000, 0.000000, 0.000000,
              -0.000000, 0.000000, 1.000000, 0.000000,
               0.000003,-0.000014, 0.000003, 1.000000;;
            }
          } // End of Armature_ik_hand_r
        } // End of Armature_ik_hand_gun
      } // End of Armature_ik_hand_root
      Frame Armature_pelvis {
        FrameTransformMatrix {
          -0.526287, 0.844201, 0.101720, 0.000000,
           0.353028, 0.108103, 0.929347, 0.000000,
           0.773559, 0.525012,-0.354920, 0.000000,
           0.266243,91.668541,-2.139817, 1.000000;;
        }
        Frame Armature_spine_01 {
          FrameTransformMatrix {
             0.624826,-0.514041,-0.587668, 0.000000,
             0.774133, 0.505767, 0.380681, 0.000000,
             0.101538,-0.692793, 0.713953, 0.000000,
            10.808883, 0.851413,-0.000000, 1.000000;;
          }
          Frame Armature_spine_02 {
            FrameTransformMatrix {
               0.958236, 0.145474,-0.246214, 0.000000,
              -0.169962, 0.982099,-0.081206, 0.000000,
               0.229993, 0.119661, 0.965807, 0.000000,
               3.685462,18.818989, 0.984511, 1.000000;;
            }
            Frame Armature_spine_03 {
              FrameTransformMatrix {
                 0.916819, 0.309061,-0.252832, 0.000000,
                -0.352158, 0.924304,-0.147127, 0.000000,
                 0.188222, 0.223926, 0.956258, 0.000000,
                 0.371179,13.411861, 0.198019, 1.000000;;
              }
              Frame Armature_clavicle_l {
                FrameTransformMatrix {
                   0.787605, 0.156156,-0.596065, 0.000000,
                   0.604028,-0.004491, 0.796951, 0.000000,
                   0.121772,-0.987722,-0.097860, 0.000000,
                  -2.732083,11.883686, 3.781968, 1.000000;;
                }
                Frame Armature_upperarm_l {
                  FrameTransformMatrix {
                    -0.884503, 0.432797, 0.174192, 0.000000,
                    -0.455892,-0.881116,-0.125685, 0.000000,
                     0.099087,-0.190581, 0.976658, 0.000000,
                    -0.000002,15.784880,-0.000011, 1.000000;;
                  }
                  Frame Armature_lowerarm_l {
                    FrameTransformMatrix {
                       0.002562, 0.999505, 0.031362, 0.000000,
                      -0.999599, 0.001676, 0.028256, 0.000000,
                       0.028190,-0.031422, 0.999108, 0.000000,
                      -0.000001,30.339922, 0.000004, 1.000000;;
                    }
                    Frame Armature_hand_l {
                      FrameTransformMatrix {
                         0.454852, 0.519007, 0.723699, 0.000000,
                        -0.458680, 0.833083,-0.309168, 0.000000,
                        -0.763362,-0.191320, 0.616988, 0.000000,
                        -0.000009,26.975147,-0.000006, 1.000000;;
                      }
                      Frame Armature_index_01_l {
                        FrameTransformMatrix {
                           0.964792, 0.116887,-0.235615, 0.000000,
                          -0.083987, 0.985837, 0.145161, 0.000000,
                           0.249245,-0.120262, 0.960944, 0.000000,
                           1.763461,12.068111, 2.109398, 1.000000;;
                        }
                        Frame Armature_index_02_l {
                          FrameTransformMatrix {
                             0.999704,-0.021629,-0.011120, 0.000000,
                             0.022657, 0.994460, 0.102643, 0.000000,
                             0.008838,-0.102865, 0.994656, 0.000000,
                            -0.000002, 4.287493,-0.000001, 1.000000;;
                          }
                          Frame Armature_index_03_l {
                            FrameTransformMatrix {
                               0.969536, 0.244079,-0.020649, 0.000000,
                              -0.244024, 0.969755, 0.005158, 0.000000,
                               0.021283, 0.000038, 0.999773, 0.000000,
                               0.000006, 3.393795, 0.000002, 1.000000;;
                            }
                          } // End of Armature_index_03_l
                        } // End of Armature_index_02_l
                      } // End of Armature_index_01_l
                      Frame Armature_middle_01_l {
                        FrameTransformMatrix {
                           0.980932,-0.179068,-0.075538, 0.000000,
                           0.163888, 0.971062,-0.173722, 0.000000,
                           0.104461, 0.158030, 0.981893, 0.000000,
                           1.293640,12.244278,-0.571163, 1.000000;;
                        }
                        Frame Armature_middle_02_l {
                          FrameTransformMatrix {
                             0.985105,-0.166955, 0.041150, 0.000000,
                             0.162947, 0.982819, 0.086686, 0.000000,
                            -0.054916,-0.078690, 0.995385, 0.000000,
                            -0.000018, 4.640375, 0.000000, 1.000000;;
                          }
                          Frame Armature_middle_03_l {
                            FrameTransformMatrix {
                               0.978693, 0.205302,-0.003205, 0.000000,
                              -0.205301, 0.978699, 0.000751, 0.000000,
                               0.003291,-0.000077, 0.999995, 0.000000,
                               0.000019, 3.648853, 0.000001, 1.000000;;
                            }
                          } // End of Armature_middle_03_l
                        } // End of Armature_middle_02_l
                      } // End of Armature_middle_01_l
                      Frame Armature_pinky_01_l {
                        FrameTransformMatrix {
                           0.913045,-0.293788, 0.282908, 0.000000,
                           0.388097, 0.839111,-0.381147, 0.000000,
                          -0.125415, 0.457800, 0.880165, 0.000000,
                           2.263147,10.140668,-4.643145, 1.000000;;
                        }
                        Frame Armature_pinky_02_l {
                          FrameTransformMatrix {
                             0.933165,-0.356997,-0.041905, 0.000000,
                             0.357145, 0.934040,-0.004164, 0.000000,
                             0.040627,-0.011080, 0.999113, 0.000000,
                            -0.000009, 3.570988,-0.000003, 1.000000;;
                          }
                          Frame Armature_pinky_03_l {
                            FrameTransformMatrix {
                               0.995684,-0.092536,-0.007139, 0.000000,
                               0.092533, 0.995709,-0.000648, 0.000000,
                               0.007168,-0.000015, 0.999974, 0.000000,
                              -0.000003, 2.985628, 0.000001, 1.000000;;
                            }
                          } // End of Armature_pinky_03_l
                        } // End of Armature_pinky_02_l
                      } // End of Armature_pinky_01_l
                      Frame Armature_ring_01_l {
                        FrameTransformMatrix {
                           0.913952,-0.335869, 0.227780, 0.000000,
                           0.392820, 0.873112,-0.288733, 0.000000,
                          -0.101901, 0.353364, 0.929919, 0.000000,
                           1.753524,11.497887,-2.846917, 1.000000;;
                        }
                        Frame Armature_ring_02_l {
                          FrameTransformMatrix {
                             0.992261, 0.123869,-0.008590, 0.000000,
                            -0.123784, 0.992261, 0.009780, 0.000000,
                             0.009735,-0.008641, 0.999915, 0.000000,
                            -0.000002, 4.430173,-0.000002, 1.000000;;
                          }
                          Frame Armature_ring_03_l {
                            FrameTransformMatrix {
                               0.965424, 0.260683, 0.000389, 0.000000,
                              -0.260683, 0.965424,-0.000234, 0.000000,
                              -0.000437, 0.000125, 1.000000, 0.000000,
                               0.000012, 3.476649, 0.000000, 1.000000;;
                            }
                          } // End of Armature_ring_03_l
                        } // End of Armature_ring_02_l
                      } // End of Armature_ring_01_l
                      Frame Armature_thumb_01_l {
                        FrameTransformMatrix {
                          -0.015639, 0.474609,-0.880057, 0.000000,
                           0.674899, 0.654427, 0.340935, 0.000000,
                           0.737745,-0.588618,-0.330548, 0.000000,
                           2.374979, 4.762032, 2.537819, 1.000000;;
                        }
                        Frame Armature_thumb_02_l {
                          FrameTransformMatrix {
                             0.991297, 0.131042,-0.012539, 0.000000,
                            -0.129172, 0.986647, 0.099209, 0.000000,
                             0.025372,-0.096725, 0.994988, 0.000000,
                            -0.000003, 3.869677, 0.000005, 1.000000;;
                          }
                          Frame Armature_thumb_03_l {
                            FrameTransformMatrix {
                               0.974354, 0.222167,-0.035728, 0.000000,
                              -0.216382, 0.968632, 0.122192, 0.000000,
                               0.061754,-0.111328, 0.991863, 0.000000,
                              -0.000007, 4.062183, 0.000007, 1.000000;;
                            }
                          } // End of Armature_thumb_03_l
                        } // End of Armature_thumb_02_l
                      } // End of Armature_thumb_01_l
                    } // End of Armature_hand_l
                    Frame Armature_lowerarm_twist_01_l {
                      FrameTransformMatrix {
                         0.964844,-0.000000,-0.262822, 0.000000,
                         0.000000, 1.000000,-0.000001, 0.000000,
                         0.262822, 0.000000, 0.964844, 0.000000,
                        -0.000011,14.000001,-0.000004, 1.000000;;
                      }
                    } // End of Armature_lowerarm_twist_01_l
                  } // End of Armature_lowerarm_l
                  Frame Armature_upperarm_twist_01_l {
                    FrameTransformMatrix {
                       0.765788, 0.000000,-0.643093, 0.000000,
                       0.000000, 1.000000, 0.000000, 0.000000,
                       0.643093,-0.000000, 0.765788, 0.000000,
                       0.000001, 0.499984,-0.000007, 1.000000;;
                    }
                  } // End of Armature_upperarm_twist_01_l
                } // End of Armature_upperarm_l
              } // End of Armature_clavicle_l
              Frame Armature_clavicle_r {
                FrameTransformMatrix {
                  -0.784003,-0.179571,-0.594217, 0.000000,
                   0.620384,-0.259871,-0.739994, 0.000000,
                  -0.021538,-0.948800, 0.315143, 0.000000,
                  -2.732103,11.883790,-3.782007, 1.000000;;
                }
                Frame Armature_upperarm_r {
                  FrameTransformMatrix {
                    -0.059113,-0.230172,-0.971353, 0.000000,
                     0.914772,-0.402026, 0.039594, 0.000000,
                    -0.399623,-0.886226, 0.234320, 0.000000,
                    -0.000045,15.784722, 0.000088, 1.000000;;
                  }
                  Frame Armature_lowerarm_r {
                    FrameTransformMatrix {
                       0.893126,-0.428953,-0.135370, 0.000000,
                       0.428884, 0.902822,-0.031177, 0.000000,
                       0.135589,-0.030213, 0.990304, 0.000000,
                       0.000007,30.340057, 0.000001, 1.000000;;
                    }
                    Frame Armature_hand_r {
                      FrameTransformMatrix {
                        -0.496977,-0.167789,-0.851388, 0.000000,
                        -0.673420, 0.693354, 0.256449, 0.000000,
                         0.547283, 0.700791,-0.457573, 0.000000,
                        -0.000010,26.975239,-0.000010, 1.000000;;
                      }
                      Frame Armature_index_01_r {
                        FrameTransformMatrix {
                           0.680579, 0.711087, 0.176543, 0.000000,
                          -0.685836, 0.703071,-0.187936, 0.000000,
                          -0.257761, 0.006826, 0.966184, 0.000000,
                          -1.763743,12.067937, 2.109440, 1.000000;;
                        }
                        Frame Armature_index_02_r {
                          FrameTransformMatrix {
                            -0.096417, 0.990319, 0.099860, 0.000000,
                            -0.995296,-0.094969,-0.019175, 0.000000,
                            -0.009506,-0.101239, 0.994817, 0.000000,
                             0.000099, 4.287692,-0.000080, 1.000000;;
                          }
                          Frame Armature_index_03_r {
                            FrameTransformMatrix {
                               0.666916, 0.744998, 0.014205, 0.000000,
                              -0.744829, 0.667067,-0.015866, 0.000000,
                              -0.021296, 0.000001, 0.999773, 0.000000,
                               0.000119, 3.393799,-0.000011, 1.000000;;
                            }
                          } // End of Armature_index_03_r
                        } // End of Armature_index_02_r
                      } // End of Armature_index_01_r
                      Frame Armature_middle_01_r {
                        FrameTransformMatrix {
                           0.441930, 0.896671,-0.026033, 0.000000,
                          -0.895749, 0.439541,-0.066612, 0.000000,
                          -0.048286, 0.052757, 0.997439, 0.000000,
                          -1.293749,12.244108,-0.571118, 1.000000;;
                        }
                        Frame Armature_middle_02_r {
                          FrameTransformMatrix {
                             0.178866, 0.979905, 0.088285, 0.000000,
                            -0.981563, 0.171579, 0.084235, 0.000000,
                             0.067394,-0.101724, 0.992527, 0.000000,
                            -0.000144, 4.640574, 0.000005, 1.000000;;
                          }
                          Frame Armature_middle_03_r {
                            FrameTransformMatrix {
                               0.131026, 0.991379, 0.000430, 0.000000,
                              -0.991373, 0.131027,-0.003249, 0.000000,
                              -0.003278,-0.000000, 0.999995, 0.000000,
                               0.000004, 3.648911, 0.000000, 1.000000;;
                            }
                          } // End of Armature_middle_03_r
                        } // End of Armature_middle_02_r
                      } // End of Armature_middle_01_r
                      Frame Armature_pinky_01_r {
                        FrameTransformMatrix {
                           0.827082, 0.473667,-0.302614, 0.000000,
                          -0.535493, 0.827640,-0.168105, 0.000000,
                           0.170830, 0.301084, 0.938172, 0.000000,
                          -2.263391,10.140587,-4.643081, 1.000000;;
                        }
                        Frame Armature_pinky_02_r {
                          FrameTransformMatrix {
                             0.135754, 0.989591, 0.047757, 0.000000,
                            -0.990284, 0.137000,-0.023855, 0.000000,
                            -0.030150,-0.044054, 0.998574, 0.000000,
                            -0.000002, 3.571061, 0.000001, 1.000000;;
                          }
                          Frame Armature_pinky_03_r {
                            FrameTransformMatrix {
                              -0.138517, 0.990360,-0.000987, 0.000000,
                              -0.990334,-0.138520,-0.007071, 0.000000,
                              -0.007139,-0.000002, 0.999975, 0.000000,
                               0.000312, 2.985500,-0.000031, 1.000000;;
                            }
                          } // End of Armature_pinky_03_r
                        } // End of Armature_pinky_02_r
                      } // End of Armature_pinky_01_r
                      Frame Armature_ring_01_r {
                        FrameTransformMatrix {
                           0.488692, 0.835028,-0.252801, 0.000000,
                          -0.863052, 0.505115, 0.000075, 0.000000,
                           0.127756, 0.218143, 0.967518, 0.000000,
                          -1.753783,11.497971,-2.846908, 1.000000;;
                        }
                        Frame Armature_ring_02_r {
                          FrameTransformMatrix {
                            -0.098081, 0.994968, 0.020485, 0.000000,
                            -0.995158,-0.097924,-0.008494, 0.000000,
                            -0.006445,-0.021219, 0.999754, 0.000000,
                             0.000001, 4.429874,-0.000009, 1.000000;;
                          }
                          Frame Armature_ring_03_r {
                            FrameTransformMatrix {
                               0.264066, 0.964505,-0.000106, 0.000000,
                              -0.964505, 0.264066, 0.000409, 0.000000,
                               0.000423,-0.000006, 1.000000, 0.000000,
                               0.000071, 3.476576,-0.000002, 1.000000;;
                            }
                          } // End of Armature_ring_03_r
                        } // End of Armature_ring_02_r
                      } // End of Armature_ring_01_r
                      Frame Armature_thumb_01_r {
                        FrameTransformMatrix {
                           0.166767,-0.399674, 0.901360, 0.000000,
                          -0.684860, 0.610703, 0.397504, 0.000000,
                          -0.709335,-0.683595,-0.171875, 0.000000,
                          -2.375132, 4.762116, 2.537814, 1.000000;;
                        }
                        Frame Armature_thumb_02_r {
                          FrameTransformMatrix {
                             0.809496, 0.587036, 0.010216, 0.000000,
                            -0.587122, 0.809317, 0.017122, 0.000000,
                             0.001783,-0.019858, 0.999801, 0.000000,
                             0.000113, 3.869566, 0.000058, 1.000000;;
                          }
                          Frame Armature_thumb_03_r {
                            FrameTransformMatrix {
                               0.696231, 0.717191, 0.029992, 0.000000,
                              -0.716526, 0.696877,-0.030869, 0.000000,
                              -0.043040, 0.000002, 0.999073, 0.000000,
                              -0.000002, 4.062184,-0.000010, 1.000000;;
                            }
                          } // End of Armature_thumb_03_r
                        } // End of Armature_thumb_02_r
                      } // End of Armature_thumb_01_r
                      Frame Armature_weapon_r {
                        FrameTransformMatrix {
                          -0.005470,-0.000002,-0.999985, 0.000000,
                          -0.000002,-1.000000, 0.000002, 0.000000,
                          -0.999985, 0.000002, 0.005470, 0.000000,
                          -4.666997,11.309002,-1.092996, 1.000000;;
                        }
                      } // End of Armature_weapon_r
                    } // End of Armature_hand_r
                    Frame Armature_lowerarm_twist_01_r {
                      FrameTransformMatrix {
                         0.821269, 0.000000,-0.570541, 0.000000,
                         0.000000, 1.000000, 0.000001, 0.000000,
                         0.570541,-0.000001, 0.821269, 0.000000,
                         0.000016,14.000000,-0.000006, 1.000000;;
                      }
                    } // End of Armature_lowerarm_twist_01_r
                  } // End of Armature_lowerarm_r
                  Frame Armature_upperarm_twist_01_r {
                    FrameTransformMatrix {
                       0.529777, 0.000000, 0.848137, 0.000000,
                       0.000000, 1.000000,-0.000000, 0.000000,
                      -0.848137, 0.000000, 0.529778, 0.000000,
                      -0.000003, 0.500011,-0.000010, 1.000000;;
                    }
                  } // End of Armature_upperarm_twist_01_r
                } // End of Armature_upperarm_r
              } // End of Armature_clavicle_r
              Frame Armature_neck_01 {
                FrameTransformMatrix {
                   0.648923, 0.254955, 0.716866, 0.000000,
                  -0.052998, 0.955044,-0.291689, 0.000000,
                  -0.759006, 0.151291, 0.633262, 0.000000,
                  -0.355313,16.558781,-0.000012, 1.000000;;
                }
                Frame Armature_head {
                  FrameTransformMatrix {
                     0.701574,-0.485640, 0.521487, 0.000000,
                     0.650827, 0.734712,-0.191372, 0.000000,
                    -0.290205, 0.473659, 0.831522, 0.000000,
                     0.364153, 9.283622,-0.000005, 1.000000;;
                  }
                } // End of Armature_head
              } // End of Armature_neck_01
            } // End of Armature_spine_03
          } // End of Armature_spine_02
        } // End of Armature_spine_01
        Frame Armature_sword_holder {
          FrameTransformMatrix {
            -0.909315, 0.370363, 0.189679, 0.000000,
            -0.355306,-0.928335, 0.109324, 0.000000,
             0.216575, 0.032016, 0.975741, 0.000000,
            13.980004,19.492998,16.300999, 1.000000;;
          }
        } // End of Armature_sword_holder
        Frame Armature_thigh_l {
          FrameTransformMatrix {
            -0.879445,-0.235077,-0.413901, 0.000000,
            -0.300967, 0.948281, 0.100904, 0.000000,
             0.368774, 0.213311,-0.904712, 0.000000,
            -1.448827, 0.531422, 9.005808, 1.000000;;
          }
          Frame Armature_calf_l {
            FrameTransformMatrix {
              -0.784632,-0.599268, 0.158834, 0.000000,
               0.593066,-0.800185,-0.089314, 0.000000,
               0.180619, 0.024120, 0.983257, 0.000000,
              -0.373893,42.450012, 0.053981, 1.000000;;
            }
            Frame Armature_calf_twist_01_l {
              FrameTransformMatrix {
                 0.999881,-0.015245,-0.002187, 0.000000,
                 0.015236, 0.999877,-0.003824, 0.000000,
                 0.002245, 0.003790, 0.999990, 0.000000,
                -0.000007,20.476786, 0.000002, 1.000000;;
              }
            } // End of Armature_calf_twist_01_l
            Frame Armature_foot_l {
              FrameTransformMatrix {
                -0.528263,-0.848691,-0.025731, 0.000000,
                -0.845545, 0.523059, 0.107069, 0.000000,
                -0.077410, 0.078318,-0.993918, 0.000000,
                 0.000781,40.196484,-0.000071, 1.000000;;
              }
              Frame Armature_ball_l {
                FrameTransformMatrix {
                   0.024621, 0.999697, 0.000151, 0.000000,
                  -0.999697, 0.024621, 0.000077, 0.000000,
                   0.000074,-0.000153, 1.000000, 0.000000,
                  -10.453844,16.577869,-0.080151, 1.000000;;
                }
              } // End of Armature_ball_l
            } // End of Armature_foot_l
          } // End of Armature_calf_l
          Frame Armature_thigh_twist_01_l {
            FrameTransformMatrix {
               0.825715,-0.000814,-0.564088, 0.000000,
               0.000983, 1.000000,-0.000004, 0.000000,
               0.564087,-0.000551, 0.825715, 0.000000,
              -0.000005,22.094234,-0.000000, 1.000000;;
            }
          } // End of Armature_thigh_twist_01_l
        } // End of Armature_thigh_l
        Frame Armature_thigh_r {
          FrameTransformMatrix {
             0.195246, 0.835505,-0.513624, 0.000000,
            -0.611048,-0.306005,-0.730056, 0.000000,
            -0.767137, 0.456389, 0.450787, 0.000000,
            -1.448647, 0.531425,-9.005805, 1.000000;;
          }
          Frame Armature_calf_r {
            FrameTransformMatrix {
               0.169501, 0.985038,-0.031161, 0.000000,
              -0.979800, 0.165026,-0.112959, 0.000000,
              -0.106127, 0.049678, 0.993111, 0.000000,
               0.150160,42.348549, 0.023763, 1.000000;;
            }
            Frame Armature_calf_twist_01_r {
              FrameTransformMatrix {
                 0.999208, 0.015084,-0.036826, 0.000000,
                -0.015235, 0.999877,-0.003824, 0.000000,
                 0.036763, 0.004382, 0.999314, 0.000000,
                 0.000000,20.476912,-0.000004, 1.000000;;
              }
            } // End of Armature_calf_twist_01_r
            Frame Armature_foot_r {
              FrameTransformMatrix {
                -0.573665, 0.804801,-0.152332, 0.000000,
                 0.811037, 0.584130, 0.031803, 0.000000,
                 0.114577,-0.105303,-0.987817, 0.000000,
                -0.000818,40.196507,-0.000258, 1.000000;;
              }
              Frame Armature_ball_r {
                FrameTransformMatrix {
                  -0.002068,-0.999998,-0.000153, 0.000000,
                   0.999998,-0.002068, 0.000073, 0.000000,
                  -0.000073,-0.000153, 1.000000, 0.000000,
                  10.453819,16.577797,-0.080155, 1.000000;;
                }
              } // End of Armature_ball_r
            } // End of Armature_foot_r
          } // End of Armature_calf_r
          Frame Armature_thigh_twist_01_r {
            FrameTransformMatrix {
               0.773112, 0.000762, 0.634269, 0.000000,
              -0.000983, 1.000000,-0.000003, 0.000000,
              -0.634268,-0.000621, 0.773113, 0.000000,
              -0.000000,22.094223,-0.000003, 1.000000;;
            }
          } // End of Armature_thigh_twist_01_r
        } // End of Armature_thigh_r
      } // End of Armature_pelvis
    } // End of Armature_root
  } // End of Armature
} // End of Root
AnimationSet Global {
  Animation {
    {Armature}
    AnimationKey { // Rotation
      0;
      15;
      0;4;-0.707107, 0.707107, 0.000000, 0.000000;;,
      1;4;-0.707107, 0.707107, 0.000000, 0.000000;;,
      2;4;-0.707107, 0.707107, 0.000000, 0.000000;;,
      3;4;-0.707107, 0.707107, 0.000000, 0.000000;;,
      4;4;-0.707107, 0.707107, 0.000000, 0.000000;;,
      5;4;-0.707107, 0.707107, 0.000000, 0.000000;;,
      6;4;-0.707107, 0.707107, 0.000000, 0.000000;;,
      7;4;-0.707107, 0.707107, 0.000000, 0.000000;;,
      8;4;-0.707107, 0.707107, 0.000000, 0.000000;;,
      9;4;-0.707107, 0.707107, 0.000000, 0.000000;;,
      10;4;-0.707107, 0.707107, 0.000000, 0.000000;;,
      11;4;-0.707107, 0.707107, 0.000000, 0.000000;;,
      12;4;-0.707107, 0.707107, 0.000000, 0.000000;;,
      13;4;-0.707107, 0.707107, 0.000000, 0.000000;;,
      14;4;-0.707107, 0.707107, 0.000000, 0.000000;;;
    }
    AnimationKey { // Scale
      1;
      15;
      0;3; 0.010000, 0.010000, 0.010000;;,
      1;3; 0.010000, 0.010000, 0.010000;;,
      2;3; 0.010000, 0.010000, 0.010000;;,
      3;3; 0.010000, 0.010000, 0.010000;;,
      4;3; 0.010000, 0.010000, 0.010000;;,
      5;3; 0.010000, 0.010000, 0.010000;;,
      6;3; 0.010000, 0.010000, 0.010000;;,
      7;3; 0.010000, 0.010000, 0.010000;;,
      8;3; 0.010000, 0.010000, 0.010000;;,
      9;3; 0.010000, 0.010000, 0.010000;;,
      10;3; 0.010000, 0.010000, 0.010000;;,
      11;3; 0.010000, 0.010000, 0.010000;;,
      12;3; 0.010000, 0.010000, 0.010000;;,
      13;3; 0.010000, 0.010000, 0.010000;;,
      14;3; 0.010000, 0.010000, 0.010000;;;
    }
    AnimationKey { // Position
      2;
      15;
      0;3; 0.000000, 0.000000, 0.000000;;,
      1;3; 0.000000, 0.000000, 0.000000;;,
      2;3; 0.000000, 0.000000, 0.000000;;,
      3;3; 0.000000, 0.000000, 0.000000;;,
      4;3; 0.000000, 0.000000, 0.000000;;,
      5;3; 0.000000, 0.000000, 0.000000;;,
      6;3; 0.000000, 0.000000, 0.000000;;,
      7;3; 0.000000, 0.000000, 0.000000;;,
      8;3; 0.000000, 0.000000, 0.000000;;,
      9;3; 0.000000, 0.000000, 0.000000;;,
      10;3; 0.000000, 0.000000, 0.000000;;,
      11;3; 0.000000, 0.000000, 0.000000;;,
      12;3; 0.000000, 0.000000, 0.000000;;,
      13;3; 0.000000, 0.000000, 0.000000;;,
      14;3; 0.000000, 0.000000, 0.000000;;;
    }
  }
  Animation {
    {Armature_root}
    AnimationKey { // Rotation
      0;
      15;
      0;4;-1.000000,-0.000000, 0.000000, 0.000000;;,
      1;4;-1.000000,-0.000000, 0.000000, 0.000000;;,
      2;4;-1.000000,-0.000000, 0.000000, 0.000000;;,
      3;4;-1.000000,-0.000000, 0.000000, 0.000000;;,
      4;4;-1.000000,-0.000000, 0.000000, 0.000000;;,
      5;4;-1.000000,-0.000000, 0.000000, 0.000000;;,
      6;4;-1.000000,-0.000000, 0.000000, 0.000000;;,
      7;4;-1.000000,-0.000000, 0.000000, 0.000000;;,
      8;4;-1.000000,-0.000000, 0.000000, 0.000000;;,
      9;4;-1.000000,-0.000000, 0.000000, 0.000000;;,
      10;4;-1.000000,-0.000000, 0.000000, 0.000000;;,
      11;4;-1.000000,-0.000000, 0.000000, 0.000000;;,
      12;4;-1.000000,-0.000000, 0.000000, 0.000000;;,
      13;4;-1.000000,-0.000000, 0.000000, 0.000000;;,
      14;4;-1.000000,-0.000000, 0.000000, 0.000000;;;
    }
    AnimationKey { // Scale
      1;
      15;
      0;3; 1.000000, 1.000000, 1.000000;;,
      1;3; 1.000000, 1.000000, 1.000000;;,
      2;3; 1.000000, 1.000000, 1.000000;;,
      3;3; 1.000000, 1.000000, 1.000000;;,
      4;3; 1.000000, 1.000000, 1.000000;;,
      5;3; 1.000000, 1.000000, 1.000000;;,
      6;3; 1.000000, 1.000000, 1.000000;;,
      7;3; 1.000000, 1.000000, 1.000000;;,
      8;3; 1.000000, 1.000000, 1.000000;;,
      9;3; 1.000000, 1.000000, 1.000000;;,
      10;3; 1.000000, 1.000000, 1.000000;;,
      11;3; 1.000000, 1.000000, 1.000000;;,
      12;3; 1.000000, 1.000000, 1.000000;;,
      13;3; 1.000000, 1.000000, 1.000000;;,
      14;3; 1.000000, 1.000000, 1.000000;;;
    }
    AnimationKey { // Position
      2;
      15;
      0;3; 0.000000, 0.000000, 0.000000;;,
      1;3; 0.000000, 0.000000, 0.000000;;,
      2;3; 0.000000, 0.000000, 0.000000;;,
      3;3; 0.000000, 0.000000, 0.000000;;,
      4;3; 0.000000, 0.000000, 0.000000;;,
      5;3; 0.000000, 0.000000, 0.000000;;,
      6;3; 0.000000, 0.000000, 0.000000;;,
      7;3; 0.000000, 0.000000, 0.000000;;,
      8;3; 0.000000, 0.000000, 0.000000;;,
      9;3; 0.000000, 0.000000, 0.000000;;,
      10;3; 0.000000, 0.000000, 0.000000;;,
      11;3; 0.000000, 0.000000, 0.000000;;,
      12;3; 0.000000, 0.000000, 0.000000;;,
      13;3; 0.000000, 0.000000, 0.000000;;,
      14;3; 0.000000, 0.000000, 0.000000;;;
    }
  }
  Animation {
    {Armature_pelvis}
    AnimationKey { // Rotation
      0;
      15;
      0;4;-0.238168, 0.424420, 0.705215, 0.515573;;,
      1;4;-0.248220, 0.424971, 0.702663, 0.513859;;,
      2;4;-0.275167, 0.423401, 0.696984, 0.509145;;,
      3;4;-0.314025, 0.421291, 0.686639, 0.502424;;,
      4;4;-0.359509, 0.420144, 0.670384, 0.494791;;,
      5;4;-0.406256, 0.420954, 0.648340, 0.487246;;,
      6;4;-0.449308, 0.424053, 0.622521, 0.480385;;,
      7;4;-0.494506, 0.429338, 0.585933, 0.477301;;,
      8;4;-0.544176, 0.435680, 0.530755, 0.482032;;,
      9;4;-0.589861, 0.440711, 0.461587, 0.494748;;,
      10;4;-0.625995, 0.442094, 0.386180, 0.513370;;,
      11;4;-0.650988, 0.438714, 0.314415, 0.533749;;,
      12;4;-0.667029, 0.431237, 0.256810, 0.550596;;,
      13;4;-0.678441, 0.421525, 0.223455, 0.558662;;,
      14;4;-0.689558, 0.404153, 0.209470, 0.563287;;;
    }
    AnimationKey { // Scale
      1;
      15;
      0;3; 1.000000, 1.000000, 1.000000;;,
      1;3; 1.000000, 1.000000, 1.000000;;,
      2;3; 1.000000, 1.000000, 1.000000;;,
      3;3; 1.000000, 1.000000, 1.000000;;,
      4;3; 1.000000, 1.000000, 1.000000;;,
      5;3; 1.000000, 1.000000, 1.000000;;,
      6;3; 1.000000, 1.000000, 1.000000;;,
      7;3; 1.000000, 1.000000, 1.000000;;,
      8;3; 1.000000, 1.000000, 1.000000;;,
      9;3; 1.000000, 1.000000, 1.000000;;,
      10;3; 1.000000, 1.000000, 1.000000;;,
      11;3; 1.000000, 1.000000, 1.000000;;,
      12;3; 1.000000, 1.000000, 1.000000;;,
      13;3; 1.000000, 1.000000, 1.000000;;,
      14;3; 1.000000, 1.000000, 1.000000;;;
    }
    AnimationKey { // Position
      2;
      15;
      0;3; 0.266243,91.668541,-2.139817;;,
      1;3; 0.266242,92.144592,-2.139815;;,
      2;3; 0.266243,92.701744,-2.139816;;,
      3;3; 0.266242,93.265236,-2.139815;;,
      4;3; 0.266243,93.760300,-2.139817;;,
      5;3; 0.266242,94.112160,-2.139815;;,
      6;3; 0.266241,94.246063,-2.139815;;,
      7;3; 0.266243,94.167351,-2.139816;;,
      8;3; 0.266243,93.955093,-2.139817;;,
      9;3; 0.266242,93.645218,-2.139816;;,
      10;3; 0.266243,93.273613,-2.139816;;,
      11;3; 0.266242,92.876175,-2.139816;;,
      12;3; 0.266241,92.488800,-2.139814;;,
      13;3; 0.266241,92.147392,-2.139814;;,
      14;3; 0.266243,91.794930,-2.139817;;;
    }
  }
  Animation {
    {Armature_spine_01}
    AnimationKey { // Rotation
      0;
      15;
      0;4;-0.843289, 0.318240, 0.204321,-0.381890;;,
      1;4;-0.846254, 0.313225, 0.196075,-0.383794;;,
      2;4;-0.852892, 0.300768, 0.182620,-0.385699;;,
      3;4;-0.862228, 0.281959, 0.164743,-0.387197;;,
      4;4;-0.873222, 0.257904, 0.143277,-0.387868;;,
      5;4;-0.884855, 0.229792, 0.119103,-0.387352;;,
      6;4;-0.896224, 0.198928, 0.093141,-0.385401;;,
      7;4;-0.906605, 0.166738, 0.066324,-0.381924;;,
      8;4;-0.915507, 0.134748, 0.039575,-0.376993;;,
      9;4;-0.922688, 0.104538, 0.013787,-0.370848;;,
      10;4;-0.928145, 0.077700,-0.010198,-0.363876;;,
      11;4;-0.932062, 0.055790,-0.031592,-0.356582;;,
      12;4;-0.934735, 0.040298,-0.049661,-0.349543;;,
      13;4;-0.936471, 0.032637,-0.063713,-0.343364;;,
      14;4;-0.937028, 0.041012,-0.078291,-0.337887;;;
    }
    AnimationKey { // Scale
      1;
      15;
      0;3; 1.000000, 1.000000, 1.000000;;,
      1;3; 1.000000, 1.000000, 1.000000;;,
      2;3; 1.000000, 1.000000, 1.000000;;,
      3;3; 1.000000, 1.000000, 1.000000;;,
      4;3; 1.000000, 1.000000, 1.000000;;,
      5;3; 1.000000, 1.000000, 1.000000;;,
      6;3; 1.000000, 1.000000, 1.000000;;,
      7;3; 1.000000, 1.000000, 1.000000;;,
      8;3; 1.000000, 1.000000, 1.000000;;,
      9;3; 1.000000, 1.000000, 1.000000;;,
      10;3; 1.000000, 1.000000, 1.000000;;,
      11;3; 1.000000, 1.000000, 1.000000;;,
      12;3; 1.000000, 1.000000, 1.000000;;,
      13;3; 1.000000, 1.000000, 1.000000;;,
      14;3; 1.000000, 1.000000, 1.000000;;;
    }
    AnimationKey { // Position
      2;
      15;
      0;3;10.808883, 0.851413,-0.000000;;,
      1;3;10.808879, 0.851412,-0.000001;;,
      2;3;10.808874, 0.851413, 0.000001;;,
      3;3;10.808887, 0.851414, 0.000003;;,
      4;3;10.808887, 0.851413, 0.000001;;,
      5;3;10.808880, 0.851413, 0.000002;;,
      6;3;10.808888, 0.851412, 0.000001;;,
      7;3;10.808883, 0.851413, 0.000000;;,
      8;3;10.808889, 0.851415, 0.000002;;,
      9;3;10.808886, 0.851414, 0.000003;;,
      10;3;10.808876, 0.851414, 0.000001;;,
      11;3;10.808888, 0.851413, 0.000002;;,
      12;3;10.808875, 0.851411, 0.000004;;,
      13;3;10.808887, 0.851414, 0.000001;;,
      14;3;10.808875, 0.851415, 0.000004;;;
    }
  }
  Animation {
    {Armature_spine_02}
    AnimationKey { // Rotation
      0;
      15;
      0;4;-0.988198,-0.050816, 0.120474, 0.079801;;,
      1;4;-0.989039,-0.051269, 0.113372, 0.079498;;,
      2;4;-0.990209,-0.050252, 0.103530, 0.079013;;,
      3;4;-0.991572,-0.047888, 0.091324, 0.078431;;,
      4;4;-0.992990,-0.044320, 0.077138, 0.077828;;,
      5;4;-0.994327,-0.039729, 0.061361, 0.077273;;,
      6;4;-0.995464,-0.034343, 0.044393, 0.076825;;,
      7;4;-0.996305,-0.028428, 0.026643, 0.076535;;,
      8;4;-0.996789,-0.022279, 0.008534, 0.076438;;,
      9;4;-0.996889,-0.016198,-0.009505, 0.076550;;,
      10;4;-0.996619,-0.010475,-0.027033, 0.076871;;,
      11;4;-0.996033,-0.005372,-0.043607, 0.077381;;,
      12;4;-0.995214,-0.001108,-0.058787, 0.078047;;,
      13;4;-0.994273, 0.002140,-0.072133, 0.078828;;,
      14;4;-0.993365, 0.004003,-0.082496, 0.080027;;;
    }
    AnimationKey { // Scale
      1;
      15;
      0;3; 1.000000, 1.000000, 1.000000;;,
      1;3; 1.000000, 1.000000, 1.000000;;,
      2;3; 1.000000, 1.000000, 1.000000;;,
      3;3; 1.000000, 1.000000, 1.000000;;,
      4;3; 1.000000, 1.000000, 1.000000;;,
      5;3; 1.000000, 1.000000, 1.000000;;,
