xof 0303txt 0032

template XSkinMeshHeader {
  <3cf169ce-ff7c-44ab-93c0-f78f62d172e2>
  WORD nMaxSkinWeightsPerVertex;
  WORD nMaxSkinWeightsPerFace;
  WORD nBones;
}

template SkinWeights {
  <6f0d123b-bad2-4167-a0d0-80224f25fabb>
  STRING transformNodeName;
  DWORD nWeights;
  array DWORD vertexIndices[nWeights];
  array float weights[nWeights];
  Matrix4x4 matrixOffset;
}

Frame Root {
  FrameTransformMatrix {
     1.000000, 0.000000, 0.000000, 0.000000,
     0.000000,-0.000000, 1.000000, 0.000000,
     0.000000, 1.000000, 0.000000, 0.000000,
     0.000000, 0.000000, 0.000000, 1.000000;;
  }
  Frame Armature {
    FrameTransformMatrix {
       0.010000, 0.000000, 0.000000, 0.000000,
       0.000000,-0.000000, 0.010000, 0.000000,
       0.000000,-0.010000,-0.000000, 0.000000,
       0.000000, 0.000000, 0.000000, 1.000000;;
    }
    Frame Armature_root {
      FrameTransformMatrix {
         1.000000, 0.000000, 0.000000, 0.000000,
         0.000000, 1.000000, 0.000000, 0.000000,
         0.000000, 0.000000, 1.000000, 0.000000,
         0.000000, 0.000009, 0.000000, 1.000000;;
      }
      Frame Armature_ik_foot_root {
        FrameTransformMatrix {
           0.000000,-0.000000,-1.000000, 0.000000,
           1.000000, 0.000000, 0.000000, 0.000000,
           0.000000,-1.000000, 0.000000, 0.000000,
           0.000000, 0.000000, 0.000000, 1.000000;;
        }
        Frame Armature_ik_foot_l {
          FrameTransformMatrix {
             0.991678, 0.019382,-0.127273, 0.000000,
            -0.126890,-0.019879,-0.991718, 0.000000,
            -0.021751, 0.999614,-0.017254, 0.000000,
            -21.168150,27.447546,-15.377295, 1.000000;;
          }
        } // End of Armature_ik_foot_l
        Frame Armature_ik_foot_r {
          FrameTransformMatrix {
            -0.352519,-0.935715, 0.012943, 0.000000,
             0.013803, 0.008631, 0.999868, 0.000000,
            -0.935703, 0.352651, 0.009873, 0.000000,
            24.844885,-11.663198,-13.532008, 1.000000;;
          }
        } // End of Armature_ik_foot_r
      } // End of Armature_ik_foot_root
      Frame Armature_ik_hand_root {
        FrameTransformMatrix {
           1.000000, 0.000000, 0.000000, 0.000000,
           0.000000, 1.000000, 0.000000, 0.000000,
           0.000000, 0.000000, 1.000000, 0.000000,
           0.000000, 0.000000, 0.000000, 1.000000;;
        }
        Frame Armature_ik_hand_gun {
          FrameTransformMatrix {
            -0.297119, 0.849768, 0.435447, 0.000000,
            -0.150204,-0.491959, 0.857563, 0.000000,
             0.942952, 0.189393, 0.273809, 0.000000,
            -15.217882,96.632713,-53.568794, 1.000000;;
          }
          Frame Armature_ik_hand_l {
            FrameTransformMatrix {
              -0.025074, 0.988255,-0.150745, 0.000000,
               0.736138, 0.120276, 0.666058, 0.000000,
               0.676366,-0.094269,-0.730508, 0.000000,
              29.313353,71.337837,45.989731, 1.000000;;
            }
          } // End of Armature_ik_hand_l
          Frame Armature_ik_hand_r {
            FrameTransformMatrix {
               1.000000, 0.000000, 0.000000, 0.000000,
              -0.000000, 1.000000,-0.000000, 0.000000,
              -0.000000, 0.000000, 1.000000, 0.000000,
               0.000017, 0.000006, 0.000003, 1.000000;;
            }
          } // End of Armature_ik_hand_r
        } // End of Armature_ik_hand_gun
      } // End of Armature_ik_hand_root
      Frame Armature_pelvis {
        FrameTransformMatrix {
           0.229225, 0.930402,-0.286023, 0.000000,
          -0.755150, 0.355392, 0.550858, 0.000000,
           0.614169, 0.089720, 0.784058, 0.000000,
          -0.693584,91.253929,-2.152208, 1.000000;;
        }
        Frame Armature_spine_01 {
          FrameTransformMatrix {
             0.223265,-0.953514, 0.202394, 0.000000,
             0.962542, 0.248431, 0.108602, 0.000000,
            -0.153835, 0.170566, 0.973264, 0.000000,
            10.808874, 0.851418, 0.000006, 1.000000;;
          }
          Frame Armature_spine_02 {
            FrameTransformMatrix {
               0.978121, 0.207541,-0.014383, 0.000000,
              -0.207478, 0.978223, 0.005779, 0.000000,
               0.015269,-0.002668, 0.999880, 0.000000,
               3.801715,18.808966, 0.093886, 1.000000;;
            }
            Frame Armature_spine_03 {
              FrameTransformMatrix {
                 0.998891,-0.045512,-0.012078, 0.000000,
                 0.045579, 0.998947, 0.005293, 0.000000,
                 0.011824,-0.005838, 0.999913, 0.000000,
                 0.420358,13.412391, 0.017235, 1.000000;;
              }
              Frame Armature_clavicle_l {
                FrameTransformMatrix {
                   0.889723, 0.146061,-0.432503, 0.000000,
                   0.445145,-0.067587, 0.892905, 0.000000,
                   0.101187,-0.986964,-0.125152, 0.000000,
                  -2.732090,11.883698, 3.781988, 1.000000;;
                }
                Frame Armature_upperarm_l {
                  FrameTransformMatrix {
                     0.879210, 0.285920, 0.381103, 0.000000,
                    -0.455352, 0.268973, 0.848710, 0.000000,
                     0.140157,-0.919730, 0.366678, 0.000000,
                     0.000000,15.784868, 0.000006, 1.000000;;
                  }
                  Frame Armature_lowerarm_l {
                    FrameTransformMatrix {
                       0.910545, 0.413349,-0.007023, 0.000000,
                      -0.412822, 0.910027, 0.037796, 0.000000,
                       0.022015,-0.031516, 0.999261, 0.000000,
                      -0.000009,30.339956, 0.000002, 1.000000;;
                    }
                    Frame Armature_hand_l {
                      FrameTransformMatrix {
                         0.357950, 0.331207, 0.873026, 0.000000,
                        -0.197993, 0.940638,-0.275678, 0.000000,
                        -0.912508,-0.074175, 0.402278, 0.000000,
                        -0.000002,26.975155, 0.000008, 1.000000;;
                      }
                      Frame Armature_index_01_l {
                        FrameTransformMatrix {
                           0.816640,-0.507422,-0.274996, 0.000000,
                           0.520482, 0.853380,-0.029009, 0.000000,
                           0.249396,-0.119441, 0.961008, 0.000000,
                           1.763466,12.068114, 2.109397, 1.000000;;
                        }
                        Frame Armature_index_02_l {
                          FrameTransformMatrix {
                             0.779355,-0.622564,-0.070850, 0.000000,
                             0.626517, 0.775917, 0.073684, 0.000000,
                             0.009101,-0.101815, 0.994762, 0.000000,
                             0.000004, 4.287501,-0.000001, 1.000000;;
                          }
                          Frame Armature_index_03_l {
                            FrameTransformMatrix {
                               0.917743,-0.396691,-0.019585, 0.000000,
                               0.396603, 0.917952,-0.008337, 0.000000,
                               0.021285,-0.000116, 0.999774, 0.000000,
                              -0.000001, 3.393801,-0.000003, 1.000000;;
                            }
                          } // End of Armature_index_03_l
                        } // End of Armature_index_02_l
                      } // End of Armature_index_01_l
                      Frame Armature_middle_01_l {
                        FrameTransformMatrix {
                           0.678444,-0.733239, 0.045533, 0.000000,
                           0.727236, 0.661520,-0.183078, 0.000000,
                           0.104119, 0.157322, 0.982043, 0.000000,
                           1.293639,12.244281,-0.571159, 1.000000;;
                        }
                        Frame Armature_middle_02_l {
                          FrameTransformMatrix {
                             0.682350,-0.730756,-0.019837, 0.000000,
                             0.728975, 0.678155, 0.093282, 0.000000,
                            -0.054714,-0.078112, 0.995442, 0.000000,
                             0.000003, 4.640378, 0.000002, 1.000000;;
                          }
                          Frame Armature_middle_03_l {
                            FrameTransformMatrix {
                               0.901442,-0.432891,-0.002679, 0.000000,
                               0.432887, 0.901446,-0.001976, 0.000000,
                               0.003270, 0.000622, 0.999995, 0.000000,
                               0.000001, 3.648844,-0.000001, 1.000000;;
                            }
                          } // End of Armature_middle_03_l
                        } // End of Armature_middle_02_l
                      } // End of Armature_middle_01_l
                      Frame Armature_pinky_01_l {
                        FrameTransformMatrix {
                           0.488122,-0.743912, 0.456434, 0.000000,
                           0.863603, 0.487298,-0.129343, 0.000000,
                          -0.126199, 0.457313, 0.880306, 0.000000,
                           2.263151,10.140667,-4.643153, 1.000000;;
                        }
                        Frame Armature_pinky_02_l {
                          FrameTransformMatrix {
                             0.522941,-0.851826,-0.030405, 0.000000,
                             0.851406, 0.523713,-0.028862, 0.000000,
                             0.040509,-0.010794, 0.999121, 0.000000,
                             0.000000, 3.570986, 0.000000, 1.000000;;
                          }
                          Frame Armature_pinky_03_l {
                            FrameTransformMatrix {
                               0.733624,-0.679533,-0.005581, 0.000000,
                               0.679518, 0.733644,-0.004490, 0.000000,
                               0.007146,-0.000499, 0.999974, 0.000000,
                              -0.000001, 2.985632,-0.000003, 1.000000;;
                            }
                          } // End of Armature_pinky_03_l
                        } // End of Armature_pinky_02_l
                      } // End of Armature_pinky_01_l
                      Frame Armature_ring_01_l {
                        FrameTransformMatrix {
                           0.486039,-0.798097, 0.356100, 0.000000,
                           0.867934, 0.488488,-0.089831, 0.000000,
                          -0.102256, 0.352733, 0.930120, 0.000000,
                           1.753512,11.497887,-2.846912, 1.000000;;
                        }
                        Frame Armature_ring_02_l {
                          FrameTransformMatrix {
                             0.862581,-0.505762,-0.012608, 0.000000,
                             0.505825, 0.862634, 0.002155, 0.000000,
                             0.009786,-0.008237, 0.999918, 0.000000,
                            -0.000001, 4.430181, 0.000000, 1.000000;;
                          }
                          Frame Armature_ring_03_l {
                            FrameTransformMatrix {
                               0.924626,-0.380876, 0.000221, 0.000000,
                               0.380876, 0.924626, 0.000563, 0.000000,
                              -0.000419,-0.000436, 1.000000, 0.000000,
                              -0.000005, 3.476659,-0.000001, 1.000000;;
                            }
                          } // End of Armature_ring_03_l
                        } // End of Armature_ring_02_l
                      } // End of Armature_ring_01_l
                      Frame Armature_thumb_01_l {
                        FrameTransformMatrix {
                          -0.049893, 0.340793,-0.938814, 0.000000,
                           0.696401, 0.685660, 0.211887, 0.000000,
                           0.715917,-0.643219,-0.271538, 0.000000,
                           2.374972, 4.762034, 2.537821, 1.000000;;
                        }
                        Frame Armature_thumb_02_l {
                          FrameTransformMatrix {
                             0.994918,-0.094576,-0.034550, 0.000000,
                             0.097444, 0.990808, 0.093830, 0.000000,
                             0.025358,-0.096720, 0.994989, 0.000000,
                            -0.000004, 3.869668,-0.000001, 1.000000;;
                          }
                          Frame Armature_thumb_03_l {
                            FrameTransformMatrix {
                               0.993104,-0.092365,-0.072210, 0.000000,
                               0.099652, 0.989482, 0.104859, 0.000000,
                               0.061765,-0.111332, 0.991862, 0.000000,
                               0.000001, 4.062172,-0.000004, 1.000000;;
                            }
                          } // End of Armature_thumb_03_l
                        } // End of Armature_thumb_02_l
                      } // End of Armature_thumb_01_l
                    } // End of Armature_hand_l
                    Frame Armature_lowerarm_twist_01_l {
                      FrameTransformMatrix {
                         0.983087,-0.000000,-0.183137, 0.000000,
                         0.000000, 1.000000,-0.000000, 0.000000,
                         0.183137, 0.000000, 0.983087, 0.000000,
                        -0.000010,13.999997, 0.000005, 1.000000;;
                      }
                    } // End of Armature_lowerarm_twist_01_l
                  } // End of Armature_lowerarm_l
                  Frame Armature_upperarm_twist_01_l {
                    FrameTransformMatrix {
                       0.864247, 0.000000,-0.503067, 0.000000,
                      -0.000000, 1.000000,-0.000000, 0.000000,
                       0.503067, 0.000000, 0.864248, 0.000000,
                       0.000005, 0.500023, 0.000004, 1.000000;;
                    }
                  } // End of Armature_upperarm_twist_01_l
                } // End of Armature_upperarm_l
              } // End of Armature_clavicle_l
              Frame Armature_clavicle_r {
                FrameTransformMatrix {
                  -0.945834,-0.129491,-0.297709, 0.000000,
                   0.313345,-0.124215,-0.941480, 0.000000,
                   0.084934,-0.983769, 0.158063, 0.000000,
                  -2.732106,11.883799,-3.782001, 1.000000;;
                }
                Frame Armature_upperarm_r {
                  FrameTransformMatrix {
                     0.957801, 0.052095,-0.282672, 0.000000,
                     0.187745, 0.631273, 0.752493, 0.000000,
                     0.217644,-0.773809, 0.594854, 0.000000,
                    -0.000052,15.784749, 0.000092, 1.000000;;
                  }
                  Frame Armature_lowerarm_r {
                    FrameTransformMatrix {
                       0.964551,-0.237323,-0.115408, 0.000000,
                       0.240278, 0.970627, 0.012203, 0.000000,
                       0.109122,-0.039501, 0.993243, 0.000000,
                      -0.000005,30.340082,-0.000016, 1.000000;;
                    }
                    Frame Armature_hand_r {
                      FrameTransformMatrix {
                        -0.057487,-0.027451,-0.997969, 0.000000,
                        -0.629653, 0.776734, 0.014905, 0.000000,
                         0.774747, 0.629231,-0.061937, 0.000000,
                        -0.000009,26.975258,-0.000008, 1.000000;;
                      }
                      Frame Armature_index_01_r {
                        FrameTransformMatrix {
                           0.680580, 0.711086, 0.176545, 0.000000,
                          -0.685835, 0.703072,-0.187937, 0.000000,
                          -0.257763, 0.006826, 0.966184, 0.000000,
                          -1.763750,12.067947, 2.109445, 1.000000;;
                        }
                        Frame Armature_index_02_r {
                          FrameTransformMatrix {
                            -0.096425, 0.990317, 0.099871, 0.000000,
                            -0.995295,-0.094973,-0.019197, 0.000000,
                            -0.009526,-0.101252, 0.994815, 0.000000,
                             0.000001, 4.287687,-0.000003, 1.000000;;
                          }
                          Frame Armature_index_03_r {
                            FrameTransformMatrix {
                               0.666919, 0.744995, 0.014214, 0.000000,
                              -0.744826, 0.667071,-0.015845, 0.000000,
                              -0.021286,-0.000020, 0.999773, 0.000000,
                               0.000118, 3.393708,-0.000017, 1.000000;;
                            }
                          } // End of Armature_index_03_r
                        } // End of Armature_index_02_r
                      } // End of Armature_index_01_r
                      Frame Armature_middle_01_r {
                        FrameTransformMatrix {
                           0.441929, 0.896672,-0.026036, 0.000000,
                          -0.895749, 0.439540,-0.066611, 0.000000,
                          -0.048285, 0.052759, 0.997439, 0.000000,
                          -1.293752,12.244121,-0.571118, 1.000000;;
                        }
                        Frame Armature_middle_02_r {
                          FrameTransformMatrix {
                             0.178865, 0.979905, 0.088287, 0.000000,
                            -0.981563, 0.171578, 0.084230, 0.000000,
                             0.067389,-0.101725, 0.992527, 0.000000,
                            -0.000142, 4.640566, 0.000001, 1.000000;;
                          }
                          Frame Armature_middle_03_r {
                            FrameTransformMatrix {
                               0.131040, 0.991377, 0.000430, 0.000000,
                              -0.991372, 0.131040,-0.003243, 0.000000,
                              -0.003271,-0.000001, 0.999995, 0.000000,
                               0.000039, 3.648909,-0.000001, 1.000000;;
                            }
                          } // End of Armature_middle_03_r
                        } // End of Armature_middle_02_r
                      } // End of Armature_middle_01_r
                      Frame Armature_pinky_01_r {
                        FrameTransformMatrix {
                           0.827082, 0.473668,-0.302614, 0.000000,
                          -0.535493, 0.827640,-0.168105, 0.000000,
                           0.170829, 0.301084, 0.938172, 0.000000,
                          -2.263372,10.140593,-4.643095, 1.000000;;
                        }
                        Frame Armature_pinky_02_r {
                          FrameTransformMatrix {
                             0.135759, 0.989591, 0.047733, 0.000000,
                            -0.990283, 0.137004,-0.023853, 0.000000,
                            -0.030144,-0.044031, 0.998575, 0.000000,
                            -0.000080, 3.571060,-0.000009, 1.000000;;
                          }
                          Frame Armature_pinky_03_r {
                            FrameTransformMatrix {
                              -0.138522, 0.990359,-0.000993, 0.000000,
                              -0.990334,-0.138526,-0.007093, 0.000000,
                              -0.007162, 0.000001, 0.999975, 0.000000,
                               0.000314, 2.985426,-0.000031, 1.000000;;
                            }
                          } // End of Armature_pinky_03_r
                        } // End of Armature_pinky_02_r
                      } // End of Armature_pinky_01_r
                      Frame Armature_ring_01_r {
                        FrameTransformMatrix {
                           0.488693, 0.835028,-0.252800, 0.000000,
                          -0.863051, 0.505116, 0.000075, 0.000000,
                           0.127756, 0.218143, 0.967519, 0.000000,
                          -1.753787,11.497971,-2.846911, 1.000000;;
                        }
                        Frame Armature_ring_02_r {
                          FrameTransformMatrix {
                            -0.098077, 0.994968, 0.020464, 0.000000,
                            -0.995158,-0.097921,-0.008487, 0.000000,
                            -0.006441,-0.021198, 0.999755, 0.000000,
                             0.000080, 4.429860,-0.000021, 1.000000;;
                          }
                          Frame Armature_ring_03_r {
                            FrameTransformMatrix {
                               0.264060, 0.964506,-0.000106, 0.000000,
                              -0.964506, 0.264060, 0.000387, 0.000000,
                               0.000401,-0.000000, 1.000000, 0.000000,
                               0.000069, 3.476661,-0.000006, 1.000000;;
                            }
                          } // End of Armature_ring_03_r
                        } // End of Armature_ring_02_r
                      } // End of Armature_ring_01_r
                      Frame Armature_thumb_01_r {
                        FrameTransformMatrix {
                           0.166773,-0.399669, 0.901361, 0.000000,
                          -0.684861, 0.610701, 0.397504, 0.000000,
                          -0.709332,-0.683600,-0.171869, 0.000000,
                          -2.375125, 4.762131, 2.537811, 1.000000;;
                        }
                        Frame Armature_thumb_02_r {
                          FrameTransformMatrix {
                             0.809495, 0.587038, 0.010220, 0.000000,
                            -0.587124, 0.809316, 0.017115, 0.000000,
                             0.001776,-0.019855, 0.999801, 0.000000,
                             0.000107, 3.869580, 0.000046, 1.000000;;
                          }
                          Frame Armature_thumb_03_r {
                            FrameTransformMatrix {
                               0.696233, 0.717189, 0.029995, 0.000000,
                              -0.716525, 0.696879,-0.030869, 0.000000,
                              -0.043042, 0.000000, 0.999073, 0.000000,
                               0.000003, 4.062183, 0.000001, 1.000000;;
                            }
                          } // End of Armature_thumb_03_r
                        } // End of Armature_thumb_02_r
                      } // End of Armature_thumb_01_r
                      Frame Armature_weapon_r {
                        FrameTransformMatrix {
                          -0.005470,-0.000001,-0.999985, 0.000000,
                          -0.000001,-1.000000, 0.000002, 0.000000,
                          -0.999985, 0.000001, 0.005470, 0.000000,
                          -4.666999,11.309006,-1.093002, 1.000000;;
                        }
                      } // End of Armature_weapon_r
                    } // End of Armature_hand_r
                    Frame Armature_lowerarm_twist_01_r {
                      FrameTransformMatrix {
                         0.962271, 0.000000,-0.272092, 0.000000,
                         0.000000, 1.000000, 0.000000, 0.000000,
                         0.272092,-0.000000, 0.962272, 0.000000,
                         0.000021,14.000002, 0.000006, 1.000000;;
                      }
                    } // End of Armature_lowerarm_twist_01_r
                  } // End of Armature_lowerarm_r
                  Frame Armature_upperarm_twist_01_r {
                    FrameTransformMatrix {
                       0.984117, 0.000000, 0.177519, 0.000000,
                      -0.000000, 1.000000,-0.000000, 0.000000,
                      -0.177519, 0.000000, 0.984117, 0.000000,
                      -0.000006, 0.500019,-0.000016, 1.000000;;
                    }
                  } // End of Armature_upperarm_twist_01_r
                } // End of Armature_upperarm_r
              } // End of Armature_clavicle_r
              Frame Armature_neck_01 {
                FrameTransformMatrix {
                   0.691913, 0.420757,-0.586702, 0.000000,
                  -0.411544, 0.897532, 0.158327, 0.000000,
                   0.593201, 0.131905, 0.794174, 0.000000,
                  -0.355317,16.558786, 0.000000, 1.000000;;
                }
                Frame Armature_head {
                  FrameTransformMatrix {
                     0.954880,-0.166902,-0.245657, 0.000000,
                     0.226094, 0.944862, 0.236889, 0.000000,
                     0.192575,-0.281742, 0.939966, 0.000000,
                     0.364146, 9.283608,-0.000002, 1.000000;;
                  }
                } // End of Armature_head
              } // End of Armature_neck_01
            } // End of Armature_spine_03
          } // End of Armature_spine_02
        } // End of Armature_spine_01
        Frame Armature_sword_holder {
          FrameTransformMatrix {
            -0.909315, 0.370363, 0.189679, 0.000000,
            -0.355306,-0.928335, 0.109324, 0.000000,
             0.216576, 0.032016, 0.975741, 0.000000,
            13.979991,19.493004,16.301012, 1.000000;;
          }
        } // End of Armature_sword_holder
        Frame Armature_thigh_l {
          FrameTransformMatrix {
            -0.172558,-0.591155,-0.787884, 0.000000,
            -0.848940,-0.316389, 0.423319, 0.000000,
            -0.499525, 0.741913,-0.447259, 0.000000,
            -1.448823, 0.531421, 9.005808, 1.000000;;
          }
          Frame Armature_calf_l {
            FrameTransformMatrix {
               0.894899,-0.438801,-0.081294, 0.000000,
               0.438666, 0.898417,-0.020469, 0.000000,
               0.082018,-0.017343, 0.996480, 0.000000,
              -0.004127,42.496132, 0.001413, 1.000000;;
            }
            Frame Armature_calf_twist_01_l {
              FrameTransformMatrix {
                 0.998822,-0.015396,-0.046019, 0.000000,
                 0.015236, 0.999877,-0.003824, 0.000000,
                 0.046072, 0.003118, 0.998933, 0.000000,
                -0.000002,20.476768,-0.000004, 1.000000;;
              }
            } // End of Armature_calf_twist_01_l
            Frame Armature_foot_l {
              FrameTransformMatrix {
                -0.119502,-0.966967,-0.225155, 0.000000,
                -0.981928, 0.081590, 0.170764, 0.000000,
                -0.146753, 0.241493,-0.959242, 0.000000,
                 0.000315,40.196655, 0.000158, 1.000000;;
              }
              Frame Armature_ball_l {
                FrameTransformMatrix {
                   0.139761, 0.990185, 0.000187, 0.000000,
                  -0.990185, 0.139761, 0.000099, 0.000000,
                   0.000072,-0.000199, 1.000000, 0.000000,
                  -10.453843,16.577856,-0.080156, 1.000000;;
                }
              } // End of Armature_ball_l
            } // End of Armature_foot_l
          } // End of Armature_calf_l
          Frame Armature_thigh_twist_01_l {
            FrameTransformMatrix {
               0.577206,-0.000570,-0.816599, 0.000000,
               0.000983, 1.000000,-0.000004, 0.000000,
               0.816598,-0.000801, 0.577206, 0.000000,
               0.000008,22.094242, 0.000001, 1.000000;;
            }
          } // End of Armature_thigh_twist_01_l
        } // End of Armature_thigh_l
        Frame Armature_thigh_r {
          FrameTransformMatrix {
            -0.016712, 0.977151,-0.211890, 0.000000,
            -0.930355,-0.092830,-0.354715, 0.000000,
            -0.366279, 0.191205, 0.910648, 0.000000,
            -1.448645, 0.531430,-9.005799, 1.000000;;
          }
          Frame Armature_calf_r {
            FrameTransformMatrix {
               0.763205, 0.643461, 0.058957, 0.000000,
              -0.641180, 0.765471,-0.054243, 0.000000,
              -0.080033, 0.003597, 0.996786, 0.000000,
               0.025095,42.443546, 0.005006, 1.000000;;
            }
            Frame Armature_calf_twist_01_r {
              FrameTransformMatrix {
                 0.998608, 0.015022,-0.050571, 0.000000,
                -0.015235, 0.999877,-0.003824, 0.000000,
                 0.050507, 0.004589, 0.998713, 0.000000,
                -0.000003,20.476938,-0.000006, 1.000000;;
              }
            } // End of Armature_calf_twist_01_r
            Frame Armature_foot_r {
              FrameTransformMatrix {
                 0.359504, 0.909206, 0.210005, 0.000000,
                 0.932825,-0.356043,-0.055421, 0.000000,
                 0.024381, 0.215822,-0.976128, 0.000000,
                 0.000254,40.196812, 0.000193, 1.000000;;
              }
              Frame Armature_ball_r {
                FrameTransformMatrix {
                  -0.002064,-0.999998, 0.000627, 0.000000,
                   0.999998,-0.002064, 0.000072, 0.000000,
                  -0.000071, 0.000627, 1.000000, 0.000000,
                  10.453816,16.577797,-0.080168, 1.000000;;
                }
              } // End of Armature_ball_r
            } // End of Armature_foot_r
          } // End of Armature_calf_r
          Frame Armature_thigh_twist_01_r {
            FrameTransformMatrix {
               0.987144, 0.000971, 0.159830, 0.000000,
              -0.000983, 0.999999,-0.000002, 0.000000,
              -0.159829,-0.000155, 0.987145, 0.000000,
               0.000003,22.094234,-0.000005, 1.000000;;
            }
          } // End of Armature_thigh_twist_01_r
        } // End of Armature_thigh_r
      } // End of Armature_pelvis
    } // End of Armature_root
  } // End of Armature
} // End of Root
AnimationSet Global {
  Animation {
    {Armature}
    AnimationKey { // Rotation
      0;
      29;
      0;4;-0.707107, 0.707107, 0.000000, 0.000000;;,
      1;4;-0.707107, 0.707107, 0.000000, 0.000000;;,
      2;4;-0.707107, 0.707107, 0.000000, 0.000000;;,
      3;4;-0.707107, 0.707107, 0.000000, 0.000000;;,
      4;4;-0.707107, 0.707107, 0.000000, 0.000000;;,
      5;4;-0.707107, 0.707107, 0.000000, 0.000000;;,
      6;4;-0.707107, 0.707107, 0.000000, 0.000000;;,
      7;4;-0.707107, 0.707107, 0.000000, 0.000000;;,
      8;4;-0.707107, 0.707107, 0.000000, 0.000000;;,
      9;4;-0.707107, 0.707107, 0.000000, 0.000000;;,
      10;4;-0.707107, 0.707107, 0.000000, 0.000000;;,
      11;4;-0.707107, 0.707107, 0.000000, 0.000000;;,
      12;4;-0.707107, 0.707107, 0.000000, 0.000000;;,
      13;4;-0.707107, 0.707107, 0.000000, 0.000000;;,
      14;4;-0.707107, 0.707107, 0.000000, 0.000000;;,
      15;4;-0.707107, 0.707107, 0.000000, 0.000000;;,
      16;4;-0.707107, 0.707107, 0.000000, 0.000000;;,
      17;4;-0.707107, 0.707107, 0.000000, 0.000000;;,
      18;4;-0.707107, 0.707107, 0.000000, 0.000000;;,
      19;4;-0.707107, 0.707107, 0.000000, 0.000000;;,
      20;4;-0.707107, 0.707107, 0.000000, 0.000000;;,
      21;4;-0.707107, 0.707107, 0.000000, 0.000000;;,
      22;4;-0.707107, 0.707107, 0.000000, 0.000000;;,
      23;4;-0.707107, 0.707107, 0.000000, 0.000000;;,
      24;4;-0.707107, 0.707107, 0.000000, 0.000000;;,
      25;4;-0.707107, 0.707107, 0.000000, 0.000000;;,
      26;4;-0.707107, 0.707107, 0.000000, 0.000000;;,
      27;4;-0.707107, 0.707107, 0.000000, 0.000000;;,
      28;4;-0.707107, 0.707107, 0.000000, 0.000000;;;
    }
    AnimationKey { // Scale
      1;
      29;
      0;3; 0.010000, 0.010000, 0.010000;;,
      1;3; 0.010000, 0.010000, 0.010000;;,
      2;3; 0.010000, 0.010000, 0.010000;;,
      3;3; 0.010000, 0.010000, 0.010000;;,
      4;3; 0.010000, 0.010000, 0.010000;;,
      5;3; 0.010000, 0.010000, 0.010000;;,
      6;3; 0.010000, 0.010000, 0.010000;;,
      7;3; 0.010000, 0.010000, 0.010000;;,
      8;3; 0.010000, 0.010000, 0.010000;;,
      9;3; 0.010000, 0.010000, 0.010000;;,
      10;3; 0.010000, 0.010000, 0.010000;;,
      11;3; 0.010000, 0.010000, 0.010000;;,
      12;3; 0.010000, 0.010000, 0.010000;;,
      13;3; 0.010000, 0.010000, 0.010000;;,
      14;3; 0.010000, 0.010000, 0.010000;;,
      15;3; 0.010000, 0.010000, 0.010000;;,
      16;3; 0.010000, 0.010000, 0.010000;;,
      17;3; 0.010000, 0.010000, 0.010000;;,
      18;3; 0.010000, 0.010000, 0.010000;;,
      19;3; 0.010000, 0.010000, 0.010000;;,
      20;3; 0.010000, 0.010000, 0.010000;;,
      21;3; 0.010000, 0.010000, 0.010000;;,
      22;3; 0.010000, 0.010000, 0.010000;;,
      23;3; 0.010000, 0.010000, 0.010000;;,
      24;3; 0.010000, 0.010000, 0.010000;;,
      25;3; 0.010000, 0.010000, 0.010000;;,
      26;3; 0.010000, 0.010000, 0.010000;;,
      27;3; 0.010000, 0.010000, 0.010000;;,
      28;3; 0.010000, 0.010000, 0.010000;;;
    }
    AnimationKey { // Position
      2;
      29;
      0;3; 0.000000, 0.000000, 0.000000;;,
      1;3; 0.000000, 0.000000, 0.000000;;,
      2;3; 0.000000, 0.000000, 0.000000;;,
      3;3; 0.000000, 0.000000, 0.000000;;,
      4;3; 0.000000, 0.000000, 0.000000;;,
      5;3; 0.000000, 0.000000, 0.000000;;,
      6;3; 0.000000, 0.000000, 0.000000;;,
      7;3; 0.000000, 0.000000, 0.000000;;,
      8;3; 0.000000, 0.000000, 0.000000;;,
      9;3; 0.000000, 0.000000, 0.000000;;,
      10;3; 0.000000, 0.000000, 0.000000;;,
      11;3; 0.000000, 0.000000, 0.000000;;,
      12;3; 0.000000, 0.000000, 0.000000;;,
      13;3; 0.000000, 0.000000, 0.000000;;,
      14;3; 0.000000, 0.000000, 0.000000;;,
      15;3; 0.000000, 0.000000, 0.000000;;,
      16;3; 0.000000, 0.000000, 0.000000;;,
      17;3; 0.000000, 0.000000, 0.000000;;,
      18;3; 0.000000, 0.000000, 0.000000;;,
      19;3; 0.000000, 0.000000, 0.000000;;,
      20;3; 0.000000, 0.000000, 0.000000;;,
      21;3; 0.000000, 0.000000, 0.000000;;,
      22;3; 0.000000, 0.000000, 0.000000;;,
      23;3; 0.000000, 0.000000, 0.000000;;,
      24;3; 0.000000, 0.000000, 0.000000;;,
      25;3; 0.000000, 0.000000, 0.000000;;,
      26;3; 0.000000, 0.000000, 0.000000;;,
      27;3; 0.000000, 0.000000, 0.000000;;,
      28;3; 0.000000, 0.000000, 0.000000;;;
    }
  }
  Animation {
    {Armature_root}
    AnimationKey { // Rotation
      0;
      29;
      0;4;-1.000000, 0.000000, 0.000000, 0.000000;;,
      1;4;-1.000000, 0.000000, 0.000000, 0.000000;;,
      2;4;-1.000000, 0.000000, 0.000000, 0.000000;;,
      3;4;-1.000000, 0.000000, 0.000000, 0.000000;;,
      4;4;-1.000000, 0.000000, 0.000000, 0.000000;;,
      5;4;-1.000000, 0.000000, 0.000000, 0.000000;;,
      6;4;-1.000000, 0.000000, 0.000000, 0.000000;;,
      7;4;-1.000000, 0.000000, 0.000000, 0.000000;;,
      8;4;-1.000000, 0.000000, 0.000000, 0.000000;;,
      9;4;-1.000000, 0.000000, 0.000000, 0.000000;;,
      10;4;-1.000000, 0.000000, 0.000000, 0.000000;;,
      11;4;-1.000000, 0.000000, 0.000000, 0.000000;;,
      12;4;-1.000000, 0.000000, 0.000000, 0.000000;;,
      13;4;-1.000000, 0.000000, 0.000000, 0.000000;;,
      14;4;-1.000000, 0.000000, 0.000000, 0.000000;;,
      15;4;-1.000000, 0.000000, 0.000000, 0.000000;;,
      16;4;-1.000000, 0.000000, 0.000000, 0.000000;;,
      17;4;-1.000000, 0.000000, 0.000000, 0.000000;;,
      18;4;-1.000000, 0.000000, 0.000000, 0.000000;;,
      19;4;-1.000000, 0.000000, 0.000000, 0.000000;;,
      20;4;-1.000000, 0.000000, 0.000000, 0.000000;;,
      21;4;-1.000000, 0.000000, 0.000000, 0.000000;;,
      22;4;-1.000000, 0.000000, 0.000000, 0.000000;;,
      23;4;-1.000000, 0.000000, 0.000000, 0.000000;;,
      24;4;-1.000000, 0.000000, 0.000000, 0.000000;;,
      25;4;-1.000000, 0.000000, 0.000000, 0.000000;;,
      26;4;-1.000000, 0.000000, 0.000000, 0.000000;;,
      27;4;-1.000000, 0.000000, 0.000000, 0.000000;;,
      28;4;-1.000000, 0.000000, 0.000000, 0.000000;;;
    }
    AnimationKey { // Scale
      1;
      29;
      0;3; 1.000000, 1.000000, 1.000000;;,
      1;3; 1.000000, 1.000000, 1.000000;;,
      2;3; 1.000000, 1.000000, 1.000000;;,
      3;3; 1.000000, 1.000000, 1.000000;;,
      4;3; 1.000000, 1.000000, 1.000000;;,
      5;3; 1.000000, 1.000000, 1.000000;;,
      6;3; 1.000000, 1.000000, 1.000000;;,
      7;3; 1.000000, 1.000000, 1.000000;;,
      8;3; 1.000000, 1.000000, 1.000000;;,
      9;3; 1.000000, 1.000000, 1.000000;;,
      10;3; 1.000000, 1.000000, 1.000000;;,
      11;3; 1.000000, 1.000000, 1.000000;;,
      12;3; 1.000000, 1.000000, 1.000000;;,
      13;3; 1.000000, 1.000000, 1.000000;;,
      14;3; 1.000000, 1.000000, 1.000000;;,
      15;3; 1.000000, 1.000000, 1.000000;;,
      16;3; 1.000000, 1.000000, 1.000000;;,
      17;3; 1.000000, 1.000000, 1.000000;;,
      18;3; 1.000000, 1.000000, 1.000000;;,
      19;3; 1.000000, 1.000000, 1.000000;;,
      20;3; 1.000000, 1.000000, 1.000000;;,
      21;3; 1.000000, 1.000000, 1.000000;;,
      22;3; 1.000000, 1.000000, 1.000000;;,
      23;3; 1.000000, 1.000000, 1.000000;;,
      24;3; 1.000000, 1.000000, 1.000000;;,
      25;3; 1.000000, 1.000000, 1.000000;;,
      26;3; 1.000000, 1.000000, 1.000000;;,
      27;3; 1.000000, 1.000000, 1.000000;;,
      28;3; 1.000000, 1.000000, 1.000000;;;
    }
    AnimationKey { // Position
      2;
      29;
      0;3; 0.000000, 0.000009, 0.000000;;,
      1;3; 0.000000, 0.000009, 0.000000;;,
      2;3; 0.000000, 0.000009, 0.000000;;,
      3;3; 0.000000, 0.000009, 0.000000;;,
      4;3; 0.000000, 0.000009, 0.000000;;,
      5;3; 0.000000, 0.000009, 0.000000;;,
      6;3; 0.000000, 0.000009, 0.000000;;,
      7;3; 0.000000, 0.000009, 0.000000;;,
      8;3; 0.000000, 0.000009, 0.000000;;,
      9;3; 0.000000, 0.000009, 0.000000;;,
      10;3; 0.000000, 0.000009, 0.000000;;,
      11;3; 0.000000, 0.000009, 0.000000;;,
      12;3; 0.000000, 0.000009, 0.000000;;,
      13;3; 0.000000, 0.000009, 0.000000;;,
      14;3; 0.000000, 0.000009, 0.000000;;,
      15;3; 0.000000, 0.000009, 0.000000;;,
      16;3; 0.000000, 0.000009, 0.000000;;,
      17;3; 0.000000, 0.000009, 0.000000;;,
      18;3; 0.000000, 0.000009, 0.000000;;,
      19;3; 0.000000, 0.000009, 0.000000;;,
      20;3; 0.000000, 0.000009, 0.000000;;,
      21;3; 0.000000, 0.000009, 0.000000;;,
      22;3; 0.000000, 0.000009, 0.000000;;,
      23;3; 0.000000, 0.000009, 0.000000;;,
      24;3; 0.000000, 0.000009, 0.000000;;,
      25;3; 0.000000, 0.000009, 0.000000;;,
      26;3; 0.000000, 0.000009, 0.000000;;,
      27;3; 0.000000, 0.000009, 0.000000;;,
      28;3; 0.000000, 0.000009, 0.000000;;;
    }
  }
  Animation {
    {Armature_pelvis}
    AnimationKey { // Rotation
      0;
      29;
      0;4;-0.684425, 0.477212, 0.457350, 0.307672;;,
      1;4;-0.691608, 0.469714, 0.452862, 0.309779;;,
      2;4;-0.698748, 0.460993, 0.448958, 0.312528;;,
      3;4;-0.705447, 0.451457, 0.445889, 0.315777;;,
      4;4;-0.711301, 0.441530, 0.443936, 0.319411;;,
      5;4;-0.715903, 0.431651, 0.443402, 0.323349;;,
      6;4;-0.718846, 0.422271, 0.444601, 0.327533;;,
      7;4;-0.720927, 0.412159, 0.447116, 0.332382;;,
      8;4;-0.723184, 0.399986, 0.450137, 0.338219;;,
      9;4;-0.725565, 0.386072, 0.453396, 0.344871;;,
      10;4;-0.728021, 0.370746, 0.456626, 0.352172;;,
      11;4;-0.730509, 0.354356, 0.459573, 0.359973;;,
      12;4;-0.733006, 0.337263, 0.461992, 0.368130;;,
      13;4;-0.735504, 0.319841, 0.463654, 0.376511;;,
      14;4;-0.738019, 0.302477, 0.464345, 0.384992;;,
      15;4;-0.740591, 0.285567, 0.463862, 0.393457;;,
      16;4;-0.743279, 0.269514, 0.462015, 0.401797;;,
      17;4;-0.746154, 0.254450, 0.458144, 0.410626;;,
      18;4;-0.749164, 0.240258, 0.451874, 0.420523;;,
      19;4;-0.752203, 0.226968, 0.443443, 0.431318;;,
      20;4;-0.755174, 0.214611, 0.433083, 0.442824;;,
      21;4;-0.757991, 0.203220, 0.421025, 0.454851;;,
      22;4;-0.760579, 0.192827, 0.407505, 0.467202;;,
      23;4;-0.762881, 0.183462, 0.392759, 0.479682;;,
      24;4;-0.764856, 0.175151, 0.377031, 0.492103;;,
      25;4;-0.766480, 0.167914, 0.360567, 0.504286;;,
      26;4;-0.767746, 0.161765, 0.343619, 0.516066;;,
      27;4;-0.768660, 0.156705, 0.326445, 0.527295;;,
      28;4;-0.769243, 0.152728, 0.309301, 0.537841;;;
    }
    AnimationKey { // Scale
      1;
      29;
      0;3; 1.000000, 1.000000, 1.000000;;,
      1;3; 1.000000, 1.000000, 1.000000;;,
      2;3; 1.000000, 1.000000, 1.000000;;,
