xof 0303txt 0032

template XSkinMeshHeader {
  <3cf169ce-ff7c-44ab-93c0-f78f62d172e2>
  WORD nMaxSkinWeightsPerVertex;
  WORD nMaxSkinWeightsPerFace;
  WORD nBones;
}

template SkinWeights {
  <6f0d123b-bad2-4167-a0d0-80224f25fabb>
  STRING transformNodeName;
  DWORD nWeights;
  array DWORD vertexIndices[nWeights];
  array float weights[nWeights];
  Matrix4x4 matrixOffset;
}

Frame Root {
  FrameTransformMatrix {
     1.000000, 0.000000, 0.000000, 0.000000,
     0.000000,-0.000000, 1.000000, 0.000000,
     0.000000, 1.000000, 0.000000, 0.000000,
     0.000000, 0.000000, 0.000000, 1.000000;;
  }
  Frame Armature {
    FrameTransformMatrix {
       0.010000, 0.000000, 0.000000, 0.000000,
       0.000000,-0.000000, 0.010000, 0.000000,
       0.000000,-0.010000,-0.000000, 0.000000,
       0.000000, 0.000000, 0.000000, 1.000000;;
    }
    Frame Armature_root {
      FrameTransformMatrix {
         1.000000, 0.000000, 0.000000, 0.000000,
         0.000000, 1.000000,-0.000000, 0.000000,
         0.000000, 0.000000, 1.000000, 0.000000,
         0.000000, 0.000000, 0.000000, 1.000000;;
      }
      Frame Armature_ik_foot_root {
        FrameTransformMatrix {
           1.000000, 0.000000, 0.000000, 0.000000,
           0.000000, 1.000000, 0.000000, 0.000000,
           0.000000, 0.000000, 1.000000, 0.000000,
           0.000000, 0.000000, 0.000000, 1.000000;;
        }
        Frame Armature_ik_foot_l {
          FrameTransformMatrix {
             0.377517,-0.238417, 0.894784, 0.000000,
            -0.880376, 0.207167, 0.426638, 0.000000,
            -0.287088,-0.948809,-0.131687, 0.000000,
            -2.552553,60.065170,10.601858, 1.000000;;
          }
        } // End of Armature_ik_foot_l
        Frame Armature_ik_foot_r {
          FrameTransformMatrix {
             0.769908, 0.125641,-0.625664, 0.000000,
            -0.492895, 0.739812,-0.457966, 0.000000,
             0.405335, 0.660978, 0.631515, 0.000000,
            -17.255062,59.264584,-58.928165, 1.000000;;
          }
        } // End of Armature_ik_foot_r
      } // End of Armature_ik_foot_root
      Frame Armature_ik_hand_root {
        FrameTransformMatrix {
           1.000000, 0.000000, 0.000000, 0.000000,
           0.000000, 1.000000, 0.000000, 0.000000,
           0.000000, 0.000000, 1.000000, 0.000000,
           0.000000, 0.000000, 0.000000, 1.000000;;
        }
        Frame Armature_ik_hand_gun {
          FrameTransformMatrix {
            -0.035252, 0.787391, 0.615445, 0.000000,
            -0.576778,-0.518943, 0.630891, 0.000000,
             0.816139,-0.332735, 0.472444, 0.000000,
            -14.592163,170.695435,-24.760532, 1.000000;;
          }
          Frame Armature_ik_hand_l {
            FrameTransformMatrix {
              -0.843507,-0.272728, 0.462727, 0.000000,
               0.187340, 0.658012, 0.729331, 0.000000,
              -0.503388, 0.701883,-0.503945, 0.000000,
              -1.874982,59.954185,118.780502, 1.000000;;
            }
          } // End of Armature_ik_hand_l
          Frame Armature_ik_hand_r {
            FrameTransformMatrix {
               1.000000, 0.000000, 0.000000, 0.000000,
               0.000000, 1.000000,-0.000000, 0.000000,
              -0.000000, 0.000000, 1.000000, 0.000000,
              -0.000005,-0.000017, 0.000002, 1.000000;;
            }
          } // End of Armature_ik_hand_r
        } // End of Armature_ik_hand_gun
      } // End of Armature_ik_hand_root
      Frame Armature_pelvis {
        FrameTransformMatrix {
           0.240392, 0.970279, 0.027754, 0.000000,
          -0.561868, 0.115777, 0.819085, 0.000000,
           0.791527,-0.212496, 0.573001, 0.000000,
           0.266243,91.579338,-2.139817, 1.000000;;
        }
        Frame Armature_spine_01 {
          FrameTransformMatrix {
             0.770377,-0.630643, 0.093855, 0.000000,
             0.597628, 0.765522, 0.238364, 0.000000,
            -0.222171,-0.127539, 0.966630, 0.000000,
            10.808893, 0.851413, 0.000000, 1.000000;;
          }
          Frame Armature_spine_02 {
            FrameTransformMatrix {
               0.967032, 0.202091, 0.154949, 0.000000,
              -0.202499, 0.979192,-0.013316, 0.000000,
              -0.154416,-0.018500, 0.987833, 0.000000,
               3.763390,18.810081,-0.579755, 1.000000;;
            }
            Frame Armature_spine_03 {
              FrameTransformMatrix {
                 0.920346, 0.352829, 0.168744, 0.000000,
                -0.354510, 0.934815,-0.021082, 0.000000,
                -0.165183,-0.040419, 0.985434, 0.000000,
                 0.400446,13.412166,-0.128968, 1.000000;;
              }
              Frame Armature_clavicle_l {
                FrameTransformMatrix {
                   0.787605, 0.156156,-0.596065, 0.000000,
                   0.604028,-0.004491, 0.796951, 0.000000,
                   0.121772,-0.987722,-0.097860, 0.000000,
                  -2.732095,11.883688, 3.781977, 1.000000;;
                }
                Frame Armature_upperarm_l {
                  FrameTransformMatrix {
                     0.553503,-0.208998, 0.806198, 0.000000,
                    -0.084955, 0.948784, 0.304289, 0.000000,
                    -0.828503,-0.236915, 0.507399, 0.000000,
                     0.000006,15.784876, 0.000004, 1.000000;;
                  }
                  Frame Armature_lowerarm_l {
                    FrameTransformMatrix {
                       0.658527, 0.752535, 0.005697, 0.000000,
                      -0.752133, 0.657884, 0.038519, 0.000000,
                       0.025239,-0.029651, 0.999241, 0.000000,
                       0.000001,30.339939, 0.000012, 1.000000;;
                    }
                    Frame Armature_hand_l {
                      FrameTransformMatrix {
                         0.560921, 0.268903, 0.782981, 0.000000,
                        -0.218445, 0.960334,-0.173320, 0.000000,
                        -0.798529,-0.073819, 0.597412, 0.000000,
                        -0.000008,26.975151,-0.000004, 1.000000;;
                      }
                      Frame Armature_index_01_l {
                        FrameTransformMatrix {
                           0.963003, 0.135593,-0.232893, 0.000000,
                          -0.102367, 0.983477, 0.149310, 0.000000,
                           0.249291,-0.119946, 0.960972, 0.000000,
                           1.763466,12.068110, 2.109391, 1.000000;;
                        }
                        Frame Armature_index_02_l {
                          FrameTransformMatrix {
                             0.999953,-0.002735,-0.009247, 0.000000,
                             0.003668, 0.994740, 0.102361, 0.000000,
                             0.008919,-0.102390, 0.994704, 0.000000,
                             0.000000, 4.287491,-0.000006, 1.000000;;
                          }
                          Frame Armature_index_03_l {
                            FrameTransformMatrix {
                               0.964727, 0.262449,-0.020535, 0.000000,
                              -0.262389, 0.964946, 0.005611, 0.000000,
                               0.021288,-0.000025, 0.999773, 0.000000,
                              -0.000006, 3.393789, 0.000011, 1.000000;;
                            }
                          } // End of Armature_index_03_l
                        } // End of Armature_index_02_l
                      } // End of Armature_index_01_l
                      Frame Armature_middle_01_l {
                        FrameTransformMatrix {
                           0.983876,-0.160586,-0.078746, 0.000000,
                           0.145265, 0.974333,-0.171966, 0.000000,
                           0.104341, 0.157754, 0.981951, 0.000000,
                           1.293648,12.244286,-0.571167, 1.000000;;
                        }
                        Frame Armature_middle_02_l {
                          FrameTransformMatrix {
                             0.988024,-0.148261, 0.042754, 0.000000,
                             0.144223, 0.985827, 0.085701, 0.000000,
                            -0.054854,-0.078509, 0.995403, 0.000000,
                            -0.000010, 4.640371,-0.000002, 1.000000;;
                          }
                          Frame Armature_middle_03_l {
                            FrameTransformMatrix {
                               0.974619, 0.223849,-0.003231, 0.000000,
                              -0.223848, 0.974624, 0.000595, 0.000000,
                               0.003282, 0.000143, 0.999995, 0.000000,
                               0.000002, 3.648849, 0.000012, 1.000000;;
                            }
                          } // End of Armature_middle_03_l
                        } // End of Armature_middle_02_l
                      } // End of Armature_middle_01_l
                      Frame Armature_pinky_01_l {
                        FrameTransformMatrix {
                           0.920222,-0.277724, 0.275791, 0.000000,
                           0.370657, 0.844693,-0.386144, 0.000000,
                          -0.125718, 0.457562, 0.880246, 0.000000,
                           2.263155,10.140665,-4.643148, 1.000000;;
                        }
                        Frame Armature_pinky_02_l {
                          FrameTransformMatrix {
                             0.939784,-0.339196,-0.041870, 0.000000,
                             0.339355, 0.940652,-0.003462, 0.000000,
                             0.040559,-0.010955, 0.999117, 0.000000,
                             0.000002, 3.570992, 0.000000, 1.000000;;
                          }
                          Frame Armature_pinky_03_l {
                            FrameTransformMatrix {
                               0.997261,-0.073609,-0.007159, 0.000000,
                               0.073609, 0.997287,-0.000289, 0.000000,
                               0.007160,-0.000238, 0.999974, 0.000000,
                               0.000002, 2.985626, 0.000000, 1.000000;;
                            }
                          } // End of Armature_pinky_03_l
                        } // End of Armature_pinky_02_l
                      } // End of Armature_pinky_01_l
                      Frame Armature_ring_01_l {
                        FrameTransformMatrix {
                           0.921245,-0.319219, 0.222275, 0.000000,
                           0.375379, 0.879381,-0.292882, 0.000000,
                          -0.101971, 0.353254, 0.929954, 0.000000,
                           1.753536,11.497889,-2.846921, 1.000000;;
                        }
                        Frame Armature_ring_02_l {
                          FrameTransformMatrix {
                             0.989732, 0.142688,-0.008437, 0.000000,
                            -0.142604, 0.989731, 0.009781, 0.000000,
                             0.009746,-0.008477, 0.999917, 0.000000,
                             0.000005, 4.430187, 0.000010, 1.000000;;
                          }
                          Frame Armature_ring_03_l {
                            FrameTransformMatrix {
                               0.960301, 0.278967, 0.000428, 0.000000,
                              -0.278967, 0.960301,-0.000006, 0.000000,
                              -0.000413,-0.000114, 1.000000, 0.000000,
                               0.000004, 3.476650, 0.000006, 1.000000;;
                            }
                          } // End of Armature_ring_03_l
                        } // End of Armature_ring_02_l
                      } // End of Armature_ring_01_l
                      Frame Armature_thumb_01_l {
                        FrameTransformMatrix {
                          -0.015639, 0.474610,-0.880057, 0.000000,
                           0.674899, 0.654427, 0.340935, 0.000000,
                           0.737745,-0.588618,-0.330548, 0.000000,
                           2.374979, 4.762036, 2.537819, 1.000000;;
                        }
                        Frame Armature_thumb_02_l {
                          FrameTransformMatrix {
                             0.991297, 0.131042,-0.012539, 0.000000,
                            -0.129172, 0.986647, 0.099209, 0.000000,
                             0.025372,-0.096725, 0.994988, 0.000000,
                            -0.000021, 3.869678, 0.000004, 1.000000;;
                          }
                          Frame Armature_thumb_03_l {
                            FrameTransformMatrix {
                               0.974354, 0.222167,-0.035728, 0.000000,
                              -0.216382, 0.968632, 0.122192, 0.000000,
                               0.061754,-0.111328, 0.991863, 0.000000,
                              -0.000013, 4.062175, 0.000006, 1.000000;;
                            }
                          } // End of Armature_thumb_03_l
                        } // End of Armature_thumb_02_l
                      } // End of Armature_thumb_01_l
                    } // End of Armature_hand_l
                    Frame Armature_lowerarm_twist_01_l {
                      FrameTransformMatrix {
                         0.954313,-0.000000,-0.298810, 0.000000,
                        -0.000000, 1.000000,-0.000001, 0.000000,
                         0.298810, 0.000000, 0.954313, 0.000000,
                        -0.000006,14.000004, 0.000009, 1.000000;;
                      }
                    } // End of Armature_lowerarm_twist_01_l
                  } // End of Armature_lowerarm_l
                  Frame Armature_upperarm_twist_01_l {
                    FrameTransformMatrix {
                       0.540279, 0.000000,-0.841486, 0.000000,
                       0.000000, 1.000000, 0.000000, 0.000000,
                       0.841486,-0.000000, 0.540279, 0.000000,
                       0.000001, 0.499998, 0.000007, 1.000000;;
                    }
                  } // End of Armature_upperarm_twist_01_l
                } // End of Armature_upperarm_l
              } // End of Armature_clavicle_l
              Frame Armature_clavicle_r {
                FrameTransformMatrix {
                  -0.784003,-0.179571,-0.594217, 0.000000,
                   0.620384,-0.259871,-0.739994, 0.000000,
                  -0.021538,-0.948800, 0.315142, 0.000000,
                  -2.732118,11.883791,-3.782001, 1.000000;;
                }
                Frame Armature_upperarm_r {
                  FrameTransformMatrix {
                     0.827871,-0.333104,-0.451299, 0.000000,
                     0.475064, 0.844168, 0.248383, 0.000000,
                     0.298235,-0.420025, 0.857108, 0.000000,
                    -0.000049,15.784737, 0.000088, 1.000000;;
                  }
                  Frame Armature_lowerarm_r {
                    FrameTransformMatrix {
                       0.990822,-0.000644,-0.135171, 0.000000,
                       0.004704, 0.999547, 0.029722, 0.000000,
                       0.135091,-0.030085, 0.990376, 0.000000,
                      -0.000001,30.340055, 0.000005, 1.000000;;
                    }
                    Frame Armature_hand_r {
                      FrameTransformMatrix {
                        -0.067033,-0.111330,-0.991520, 0.000000,
                        -0.671226, 0.740292,-0.037743, 0.000000,
                         0.738216, 0.663004,-0.124351, 0.000000,
                        -0.000005,26.975245,-0.000018, 1.000000;;
                      }
                      Frame Armature_index_01_r {
                        FrameTransformMatrix {
                           0.680579, 0.711087, 0.176543, 0.000000,
                          -0.685836, 0.703071,-0.187936, 0.000000,
                          -0.257761, 0.006826, 0.966184, 0.000000,
                          -1.763737,12.067938, 2.109448, 1.000000;;
                        }
                        Frame Armature_index_02_r {
                          FrameTransformMatrix {
                            -0.096417, 0.990319, 0.099860, 0.000000,
                            -0.995296,-0.094968,-0.019175, 0.000000,
                            -0.009506,-0.101239, 0.994817, 0.000000,
                             0.000123, 4.287684,-0.000074, 1.000000;;
                          }
                          Frame Armature_index_03_r {
                            FrameTransformMatrix {
                               0.666916, 0.744998, 0.014205, 0.000000,
                              -0.744829, 0.667067,-0.015866, 0.000000,
                              -0.021296, 0.000001, 0.999773, 0.000000,
                               0.000133, 3.393780,-0.000011, 1.000000;;
                            }
                          } // End of Armature_index_03_r
                        } // End of Armature_index_02_r
                      } // End of Armature_index_01_r
                      Frame Armature_middle_01_r {
                        FrameTransformMatrix {
                           0.441930, 0.896672,-0.026033, 0.000000,
                          -0.895749, 0.439541,-0.066612, 0.000000,
                          -0.048286, 0.052757, 0.997439, 0.000000,
                          -1.293745,12.244110,-0.571113, 1.000000;;
                        }
                        Frame Armature_middle_02_r {
                          FrameTransformMatrix {
                             0.178866, 0.979905, 0.088285, 0.000000,
                            -0.981563, 0.171579, 0.084235, 0.000000,
                             0.067394,-0.101724, 0.992527, 0.000000,
                            -0.000158, 4.640563, 0.000010, 1.000000;;
                          }
                          Frame Armature_middle_03_r {
                            FrameTransformMatrix {
                               0.131026, 0.991379, 0.000430, 0.000000,
                              -0.991373, 0.131027,-0.003249, 0.000000,
                              -0.003278,-0.000000, 0.999995, 0.000000,
                              -0.000003, 3.648908,-0.000003, 1.000000;;
                            }
                          } // End of Armature_middle_03_r
                        } // End of Armature_middle_02_r
                      } // End of Armature_middle_01_r
                      Frame Armature_pinky_01_r {
                        FrameTransformMatrix {
                           0.827082, 0.473667,-0.302614, 0.000000,
                          -0.535493, 0.827640,-0.168105, 0.000000,
                           0.170830, 0.301084, 0.938171, 0.000000,
                          -2.263400,10.140585,-4.643077, 1.000000;;
                        }
                        Frame Armature_pinky_02_r {
                          FrameTransformMatrix {
                             0.135754, 0.989591, 0.047757, 0.000000,
                            -0.990284, 0.137000,-0.023855, 0.000000,
                            -0.030150,-0.044054, 0.998574, 0.000000,
                             0.000009, 3.571062, 0.000003, 1.000000;;
                          }
                          Frame Armature_pinky_03_r {
                            FrameTransformMatrix {
                              -0.138517, 0.990360,-0.000987, 0.000000,
                              -0.990335,-0.138520,-0.007071, 0.000000,
                              -0.007139,-0.000002, 0.999974, 0.000000,
                               0.000323, 2.985492,-0.000028, 1.000000;;
                            }
                          } // End of Armature_pinky_03_r
                        } // End of Armature_pinky_02_r
                      } // End of Armature_pinky_01_r
                      Frame Armature_ring_01_r {
                        FrameTransformMatrix {
                           0.488692, 0.835028,-0.252801, 0.000000,
                          -0.863052, 0.505115, 0.000075, 0.000000,
                           0.127757, 0.218143, 0.967518, 0.000000,
                          -1.753803,11.497965,-2.846900, 1.000000;;
                        }
                        Frame Armature_ring_02_r {
                          FrameTransformMatrix {
                            -0.098081, 0.994968, 0.020485, 0.000000,
                            -0.995158,-0.097924,-0.008494, 0.000000,
                            -0.006445,-0.021219, 0.999754, 0.000000,
                             0.000006, 4.429866, 0.000011, 1.000000;;
                          }
                          Frame Armature_ring_03_r {
                            FrameTransformMatrix {
                               0.264066, 0.964505,-0.000106, 0.000000,
                              -0.964505, 0.264066, 0.000409, 0.000000,
                               0.000423,-0.000006, 1.000000, 0.000000,
                               0.000079, 3.476570,-0.000001, 1.000000;;
                            }
                          } // End of Armature_ring_03_r
                        } // End of Armature_ring_02_r
                      } // End of Armature_ring_01_r
                      Frame Armature_thumb_01_r {
                        FrameTransformMatrix {
                           0.166767,-0.399673, 0.901360, 0.000000,
                          -0.684859, 0.610703, 0.397504, 0.000000,
                          -0.709335,-0.683595,-0.171875, 0.000000,
                          -2.375136, 4.762120, 2.537819, 1.000000;;
                        }
                        Frame Armature_thumb_02_r {
                          FrameTransformMatrix {
                             0.809496, 0.587036, 0.010216, 0.000000,
                            -0.587122, 0.809317, 0.017122, 0.000000,
                             0.001783,-0.019858, 0.999801, 0.000000,
                             0.000114, 3.869570, 0.000055, 1.000000;;
                          }
                          Frame Armature_thumb_03_r {
                            FrameTransformMatrix {
                               0.696231, 0.717191, 0.029992, 0.000000,
                              -0.716526, 0.696877,-0.030869, 0.000000,
                              -0.043040, 0.000002, 0.999073, 0.000000,
                              -0.000004, 4.062181,-0.000036, 1.000000;;
                            }
                          } // End of Armature_thumb_03_r
                        } // End of Armature_thumb_02_r
                      } // End of Armature_thumb_01_r
                      Frame Armature_weapon_r {
                        FrameTransformMatrix {
                          -0.005470,-0.000002,-0.999985, 0.000000,
                          -0.000002,-1.000000, 0.000002, 0.000000,
                          -0.999985, 0.000002, 0.005470, 0.000000,
                          -4.667003,11.308996,-1.092991, 1.000000;;
                        }
                      } // End of Armature_weapon_r
                    } // End of Armature_hand_r
                    Frame Armature_lowerarm_twist_01_r {
                      FrameTransformMatrix {
                         0.959995, 0.000000,-0.280016, 0.000000,
                         0.000000, 1.000000, 0.000001, 0.000000,
                         0.280016,-0.000001, 0.959995, 0.000000,
                         0.000025,14.000007,-0.000002, 1.000000;;
                      }
                    } // End of Armature_lowerarm_twist_01_r
                  } // End of Armature_lowerarm_r
                  Frame Armature_upperarm_twist_01_r {
                    FrameTransformMatrix {
                       0.988778, 0.000000, 0.149393, 0.000000,
                      -0.000000, 1.000000,-0.000000, 0.000000,
                      -0.149393, 0.000000, 0.988778, 0.000000,
                      -0.000003, 0.499999, 0.000012, 1.000000;;
                    }
                  } // End of Armature_upperarm_twist_01_r
                } // End of Armature_upperarm_r
              } // End of Armature_clavicle_r
              Frame Armature_neck_01 {
                FrameTransformMatrix {
                   0.943691,-0.185371,-0.274015, 0.000000,
                   0.209202, 0.976017, 0.060207, 0.000000,
                   0.256283,-0.114141, 0.959839, 0.000000,
                  -0.355325,16.558784, 0.000002, 1.000000;;
                }
                Frame Armature_head {
                  FrameTransformMatrix {
                     0.560016,-0.408537,-0.720749, 0.000000,
                     0.440163, 0.883742,-0.158923, 0.000000,
                     0.701882,-0.228247, 0.674733, 0.000000,
                     0.364160, 9.283614, 0.000006, 1.000000;;
                  }
                } // End of Armature_head
              } // End of Armature_neck_01
            } // End of Armature_spine_03
          } // End of Armature_spine_02
        } // End of Armature_spine_01
        Frame Armature_sword_holder {
          FrameTransformMatrix {
            -0.909315, 0.370363, 0.189679, 0.000000,
            -0.355306,-0.928335, 0.109324, 0.000000,
             0.216575, 0.032016, 0.975741, 0.000000,
            13.980008,19.493000,16.301001, 1.000000;;
          }
        } // End of Armature_sword_holder
        Frame Armature_thigh_l {
          FrameTransformMatrix {
            -0.921774, 0.136124,-0.363046, 0.000000,
            -0.235455, 0.547395, 0.803068, 0.000000,
             0.308046, 0.825729,-0.472524, 0.000000,
            -1.448817, 0.531422, 9.005808, 1.000000;;
          }
          Frame Armature_calf_l {
            FrameTransformMatrix {
              -0.706087,-0.692173, 0.149450, 0.000000,
               0.685939,-0.720975,-0.098403, 0.000000,
               0.175862, 0.033032, 0.983860, 0.000000,
              -0.357874,42.424690, 0.051999, 1.000000;;
            }
            Frame Armature_calf_twist_01_l {
              FrameTransformMatrix {
                 0.993003,-0.014683, 0.117172, 0.000000,
                 0.015236, 0.999877,-0.003824, 0.000000,
                -0.117101, 0.005582, 0.993104, 0.000000,
                -0.000007,20.476789,-0.000002, 1.000000;;
              }
            } // End of Armature_calf_twist_01_l
            Frame Armature_foot_l {
              FrameTransformMatrix {
                -0.592062,-0.805439,-0.027033, 0.000000,
                -0.796842, 0.590096,-0.129731, 0.000000,
                 0.120442,-0.055268,-0.991181, 0.000000,
                 0.000874,40.196411,-0.000047, 1.000000;;
              }
              Frame Armature_ball_l {
                FrameTransformMatrix {
                   0.024700, 0.999695, 0.000133, 0.000000,
                  -0.999695, 0.024700, 0.000065, 0.000000,
                   0.000062,-0.000135, 1.000000, 0.000000,
                  -10.453843,16.577864,-0.080149, 1.000000;;
                }
              } // End of Armature_ball_l
            } // End of Armature_foot_l
          } // End of Armature_calf_l
          Frame Armature_thigh_twist_01_l {
            FrameTransformMatrix {
               0.676286,-0.000667,-0.736639, 0.000000,
               0.000983, 1.000000,-0.000004, 0.000000,
               0.736638,-0.000722, 0.676286, 0.000000,
               0.000008,22.094234,-0.000001, 1.000000;;
            }
          } // End of Armature_thigh_twist_01_l
        } // End of Armature_thigh_l
        Frame Armature_thigh_r {
          FrameTransformMatrix {
            -0.095616, 0.992986, 0.069543, 0.000000,
            -0.866812,-0.048712,-0.496250, 0.000000,
            -0.489382,-0.107730, 0.865390, 0.000000,
            -1.448635, 0.531427,-9.005804, 1.000000;;
          }
          Frame Armature_calf_r {
            FrameTransformMatrix {
               0.147554, 0.988458,-0.034324, 0.000000,
              -0.983193, 0.142819,-0.113727, 0.000000,
              -0.107513, 0.050528, 0.992919, 0.000000,
               0.155120,42.347416, 0.024480, 1.000000;;
            }
            Frame Armature_calf_twist_01_r {
              FrameTransformMatrix {
                 0.999118, 0.015074,-0.039197, 0.000000,
                -0.015235, 0.999877,-0.003824, 0.000000,
                 0.039135, 0.004418, 0.999224, 0.000000,
                -0.000005,20.476908,-0.000008, 1.000000;;
              }
            } // End of Armature_calf_twist_01_r
            Frame Armature_foot_r {
              FrameTransformMatrix {
                -0.456681, 0.857737, 0.236073, 0.000000,
                 0.885130, 0.464740, 0.023710, 0.000000,
                -0.089375, 0.219783,-0.971446, 0.000000,
                -0.000717,40.196613, 0.000198, 1.000000;;
              }
              Frame Armature_ball_r {
                FrameTransformMatrix {
                  -0.002068,-0.999998,-0.000153, 0.000000,
                   0.999998,-0.002069, 0.000073, 0.000000,
                  -0.000074,-0.000153, 1.000000, 0.000000,
                  10.453814,16.577797,-0.080151, 1.000000;;
                }
              } // End of Armature_ball_r
            } // End of Armature_foot_r
          } // End of Armature_calf_r
          Frame Armature_thigh_twist_01_r {
            FrameTransformMatrix {
               0.988584, 0.000972,-0.150672, 0.000000,
              -0.000983, 1.000000,-0.000003, 0.000000,
               0.150672, 0.000151, 0.988584, 0.000000,
              -0.000001,22.094246, 0.000004, 1.000000;;
            }
          } // End of Armature_thigh_twist_01_r
        } // End of Armature_thigh_r
      } // End of Armature_pelvis
    } // End of Armature_root
  } // End of Armature
} // End of Root
AnimationSet Global {
  Animation {
    {Armature}
    AnimationKey { // Rotation
      0;
      30;
      0;4;-0.707107, 0.707107, 0.000000, 0.000000;;,
      1;4;-0.707107, 0.707107, 0.000000, 0.000000;;,
      2;4;-0.707107, 0.707107, 0.000000, 0.000000;;,
      3;4;-0.707107, 0.707107, 0.000000, 0.000000;;,
      4;4;-0.707107, 0.707107, 0.000000, 0.000000;;,
      5;4;-0.707107, 0.707107, 0.000000, 0.000000;;,
      6;4;-0.707107, 0.707107, 0.000000, 0.000000;;,
      7;4;-0.707107, 0.707107, 0.000000, 0.000000;;,
      8;4;-0.707107, 0.707107, 0.000000, 0.000000;;,
      9;4;-0.707107, 0.707107, 0.000000, 0.000000;;,
      10;4;-0.707107, 0.707107, 0.000000, 0.000000;;,
      11;4;-0.707107, 0.707107, 0.000000, 0.000000;;,
      12;4;-0.707107, 0.707107, 0.000000, 0.000000;;,
      13;4;-0.707107, 0.707107, 0.000000, 0.000000;;,
      14;4;-0.707107, 0.707107, 0.000000, 0.000000;;,
      15;4;-0.707107, 0.707107, 0.000000, 0.000000;;,
      16;4;-0.707107, 0.707107, 0.000000, 0.000000;;,
      17;4;-0.707107, 0.707107, 0.000000, 0.000000;;,
      18;4;-0.707107, 0.707107, 0.000000, 0.000000;;,
      19;4;-0.707107, 0.707107, 0.000000, 0.000000;;,
      20;4;-0.707107, 0.707107, 0.000000, 0.000000;;,
      21;4;-0.707107, 0.707107, 0.000000, 0.000000;;,
      22;4;-0.707107, 0.707107, 0.000000, 0.000000;;,
      23;4;-0.707107, 0.707107, 0.000000, 0.000000;;,
      24;4;-0.707107, 0.707107, 0.000000, 0.000000;;,
      25;4;-0.707107, 0.707107, 0.000000, 0.000000;;,
      26;4;-0.707107, 0.707107, 0.000000, 0.000000;;,
      27;4;-0.707107, 0.707107, 0.000000, 0.000000;;,
      28;4;-0.707107, 0.707107, 0.000000, 0.000000;;,
      29;4;-0.707107, 0.707107, 0.000000, 0.000000;;;
    }
    AnimationKey { // Scale
      1;
      30;
      0;3; 0.010000, 0.010000, 0.010000;;,
      1;3; 0.010000, 0.010000, 0.010000;;,
      2;3; 0.010000, 0.010000, 0.010000;;,
      3;3; 0.010000, 0.010000, 0.010000;;,
      4;3; 0.010000, 0.010000, 0.010000;;,
      5;3; 0.010000, 0.010000, 0.010000;;,
      6;3; 0.010000, 0.010000, 0.010000;;,
      7;3; 0.010000, 0.010000, 0.010000;;,
      8;3; 0.010000, 0.010000, 0.010000;;,
      9;3; 0.010000, 0.010000, 0.010000;;,
      10;3; 0.010000, 0.010000, 0.010000;;,
      11;3; 0.010000, 0.010000, 0.010000;;,
      12;3; 0.010000, 0.010000, 0.010000;;,
      13;3; 0.010000, 0.010000, 0.010000;;,
      14;3; 0.010000, 0.010000, 0.010000;;,
      15;3; 0.010000, 0.010000, 0.010000;;,
      16;3; 0.010000, 0.010000, 0.010000;;,
      17;3; 0.010000, 0.010000, 0.010000;;,
      18;3; 0.010000, 0.010000, 0.010000;;,
      19;3; 0.010000, 0.010000, 0.010000;;,
      20;3; 0.010000, 0.010000, 0.010000;;,
      21;3; 0.010000, 0.010000, 0.010000;;,
      22;3; 0.010000, 0.010000, 0.010000;;,
      23;3; 0.010000, 0.010000, 0.010000;;,
      24;3; 0.010000, 0.010000, 0.010000;;,
      25;3; 0.010000, 0.010000, 0.010000;;,
      26;3; 0.010000, 0.010000, 0.010000;;,
      27;3; 0.010000, 0.010000, 0.010000;;,
      28;3; 0.010000, 0.010000, 0.010000;;,
      29;3; 0.010000, 0.010000, 0.010000;;;
    }
    AnimationKey { // Position
      2;
      30;
      0;3; 0.000000, 0.000000, 0.000000;;,
      1;3; 0.000000, 0.000000, 0.000000;;,
      2;3; 0.000000, 0.000000, 0.000000;;,
      3;3; 0.000000, 0.000000, 0.000000;;,
      4;3; 0.000000, 0.000000, 0.000000;;,
      5;3; 0.000000, 0.000000, 0.000000;;,
      6;3; 0.000000, 0.000000, 0.000000;;,
      7;3; 0.000000, 0.000000, 0.000000;;,
      8;3; 0.000000, 0.000000, 0.000000;;,
      9;3; 0.000000, 0.000000, 0.000000;;,
      10;3; 0.000000, 0.000000, 0.000000;;,
      11;3; 0.000000, 0.000000, 0.000000;;,
      12;3; 0.000000, 0.000000, 0.000000;;,
      13;3; 0.000000, 0.000000, 0.000000;;,
      14;3; 0.000000, 0.000000, 0.000000;;,
      15;3; 0.000000, 0.000000, 0.000000;;,
      16;3; 0.000000, 0.000000, 0.000000;;,
      17;3; 0.000000, 0.000000, 0.000000;;,
      18;3; 0.000000, 0.000000, 0.000000;;,
      19;3; 0.000000, 0.000000, 0.000000;;,
      20;3; 0.000000, 0.000000, 0.000000;;,
      21;3; 0.000000, 0.000000, 0.000000;;,
      22;3; 0.000000, 0.000000, 0.000000;;,
      23;3; 0.000000, 0.000000, 0.000000;;,
      24;3; 0.000000, 0.000000, 0.000000;;,
      25;3; 0.000000, 0.000000, 0.000000;;,
      26;3; 0.000000, 0.000000, 0.000000;;,
      27;3; 0.000000, 0.000000, 0.000000;;,
      28;3; 0.000000, 0.000000, 0.000000;;,
      29;3; 0.000000, 0.000000, 0.000000;;;
    }
  }
  Animation {
    {Armature_root}
    AnimationKey { // Rotation
      0;
      30;
      0;4;-1.000000,-0.000000, 0.000000, 0.000000;;,
      1;4;-1.000000,-0.000000, 0.000000, 0.000000;;,
      2;4;-1.000000,-0.000000, 0.000000, 0.000000;;,
      3;4;-1.000000,-0.000000, 0.000000, 0.000000;;,
      4;4;-1.000000,-0.000000, 0.000000, 0.000000;;,
      5;4;-1.000000,-0.000000, 0.000000, 0.000000;;,
      6;4;-1.000000,-0.000000, 0.000000, 0.000000;;,
      7;4;-1.000000,-0.000000, 0.000000, 0.000000;;,
      8;4;-1.000000,-0.000000, 0.000000, 0.000000;;,
      9;4;-1.000000,-0.000000, 0.000000, 0.000000;;,
      10;4;-1.000000,-0.000000, 0.000000, 0.000000;;,
      11;4;-1.000000,-0.000000, 0.000000, 0.000000;;,
      12;4;-1.000000,-0.000000, 0.000000, 0.000000;;,
      13;4;-1.000000,-0.000000, 0.000000, 0.000000;;,
      14;4;-1.000000,-0.000000, 0.000000, 0.000000;;,
      15;4;-1.000000,-0.000000, 0.000000, 0.000000;;,
      16;4;-1.000000,-0.000000, 0.000000, 0.000000;;,
      17;4;-1.000000,-0.000000, 0.000000, 0.000000;;,
      18;4;-1.000000,-0.000000, 0.000000, 0.000000;;,
      19;4;-1.000000,-0.000000, 0.000000, 0.000000;;,
      20;4;-1.000000,-0.000000, 0.000000, 0.000000;;,
      21;4;-1.000000,-0.000000, 0.000000, 0.000000;;,
      22;4;-1.000000,-0.000000, 0.000000, 0.000000;;,
      23;4;-1.000000,-0.000000, 0.000000, 0.000000;;,
      24;4;-1.000000,-0.000000, 0.000000, 0.000000;;,
      25;4;-1.000000,-0.000000, 0.000000, 0.000000;;,
      26;4;-1.000000,-0.000000, 0.000000, 0.000000;;,
      27;4;-1.000000,-0.000000, 0.000000, 0.000000;;,
      28;4;-1.000000,-0.000000, 0.000000, 0.000000;;,
      29;4;-1.000000,-0.000000, 0.000000, 0.000000;;;
    }
    AnimationKey { // Scale
      1;
      30;
      0;3; 1.000000, 1.000000, 1.000000;;,
      1;3; 1.000000, 1.000000, 1.000000;;,
      2;3; 1.000000, 1.000000, 1.000000;;,
      3;3; 1.000000, 1.000000, 1.000000;;,
      4;3; 1.000000, 1.000000, 1.000000;;,
      5;3; 1.000000, 1.000000, 1.000000;;,
      6;3; 1.000000, 1.000000, 1.000000;;,
      7;3; 1.000000, 1.000000, 1.000000;;,
      8;3; 1.000000, 1.000000, 1.000000;;,
      9;3; 1.000000, 1.000000, 1.000000;;,
      10;3; 1.000000, 1.000000, 1.000000;;,
      11;3; 1.000000, 1.000000, 1.000000;;,
      12;3; 1.000000, 1.000000, 1.000000;;,
      13;3; 1.000000, 1.000000, 1.000000;;,
      14;3; 1.000000, 1.000000, 1.000000;;,
      15;3; 1.000000, 1.000000, 1.000000;;,
      16;3; 1.000000, 1.000000, 1.000000;;,
      17;3; 1.000000, 1.000000, 1.000000;;,
      18;3; 1.000000, 1.000000, 1.000000;;,
      19;3; 1.000000, 1.000000, 1.000000;;,
      20;3; 1.000000, 1.000000, 1.000000;;,
      21;3; 1.000000, 1.000000, 1.000000;;,
      22;3; 1.000000, 1.000000, 1.000000;;,
      23;3; 1.000000, 1.000000, 1.000000;;,
      24;3; 1.000000, 1.000000, 1.000000;;,
      25;3; 1.000000, 1.000000, 1.000000;;,
      26;3; 1.000000, 1.000000, 1.000000;;,
      27;3; 1.000000, 1.000000, 1.000000;;,
      28;3; 1.000000, 1.000000, 1.000000;;,
      29;3; 1.000000, 1.000000, 1.000000;;;
    }
    AnimationKey { // Position
      2;
      30;
      0;3; 0.000000, 0.000000, 0.000000;;,
      1;3; 0.000000, 0.000000, 0.000000;;,
      2;3; 0.000000, 0.000000, 0.000000;;,
      3;3; 0.000000, 0.000000, 0.000000;;,
      4;3; 0.000000, 0.000000, 0.000000;;,
      5;3; 0.000000, 0.000000, 0.000000;;,
      6;3; 0.000000, 0.000000, 0.000000;;,
      7;3; 0.000000, 0.000000, 0.000000;;,
      8;3; 0.000000, 0.000000, 0.000000;;,
      9;3; 0.000000, 0.000000, 0.000000;;,
      10;3; 0.000000, 0.000000, 0.000000;;,
      11;3; 0.000000, 0.000000, 0.000000;;,
      12;3; 0.000000, 0.000000, 0.000000;;,
      13;3; 0.000000, 0.000000, 0.000000;;,
      14;3; 0.000000, 0.000000, 0.000000;;,
      15;3; 0.000000, 0.000000, 0.000000;;,
      16;3; 0.000000, 0.000000, 0.000000;;,
      17;3; 0.000000, 0.000000, 0.000000;;,
      18;3; 0.000000, 0.000000, 0.000000;;,
      19;3; 0.000000, 0.000000, 0.000000;;,
      20;3; 0.000000, 0.000000, 0.000000;;,
      21;3; 0.000000, 0.000000, 0.000000;;,
      22;3; 0.000000, 0.000000, 0.000000;;,
      23;3; 0.000000, 0.000000, 0.000000;;,
      24;3; 0.000000, 0.000000, 0.000000;;,
      25;3; 0.000000, 0.000000, 0.000000;;,
      26;3; 0.000000, 0.000000, 0.000000;;,
      27;3; 0.000000, 0.000000, 0.000000;;,
      28;3; 0.000000, 0.000000, 0.000000;;,
      29;3; 0.000000, 0.000000, 0.000000;;;
    }
  }
  Animation {
    {Armature_pelvis}
    AnimationKey { // Rotation
      0;
      30;
      0;4;-0.694473, 0.371354, 0.274947, 0.551550;;,
      1;4;-0.695192, 0.370845, 0.287458, 0.544564;;,
      2;4;-0.696163, 0.369719, 0.300483, 0.537005;;,
      3;4;-0.697234, 0.368059, 0.313799, 0.529082;;,
      4;4;-0.698263, 0.365970, 0.327187, 0.521002;;,
      5;4;-0.699120, 0.363578, 0.340438, 0.512977;;,
      6;4;-0.699684, 0.361032, 0.353351, 0.505215;;,
      7;4;-0.699848, 0.358498, 0.365736, 0.497925;;,
      8;4;-0.699512, 0.356166, 0.377411, 0.491314;;,
      9;4;-0.698586, 0.354240, 0.388204, 0.485581;;,
      10;4;-0.696982, 0.352940, 0.397952, 0.480920;;,
      11;4;-0.694966, 0.351674, 0.407753, 0.476535;;,
      12;4;-0.692843, 0.349712, 0.418660, 0.471587;;,
      13;4;-0.690589, 0.347084, 0.430442, 0.466196;;,
      14;4;-0.688187, 0.343828, 0.442872, 0.460483;;,
      15;4;-0.685630, 0.339992, 0.455730, 0.454563;;,
      16;4;-0.682919, 0.335639, 0.468802, 0.448545;;,
      17;4;-0.680068, 0.330844, 0.481885, 0.442534;;,
      18;4;-0.677102, 0.325696, 0.494785, 0.436627;;,
      19;4;-0.674056, 0.320296, 0.507319, 0.430913;;,
      20;4;-0.670977, 0.314758, 0.519317, 0.425473;;,
      21;4;-0.667919, 0.309206, 0.530619, 0.420380;;,
      22;4;-0.664947, 0.303772, 0.541076, 0.415698;;,
      23;4;-0.662129, 0.298596, 0.550550, 0.411484;;,
      24;4;-0.659541, 0.293823, 0.558911, 0.407789;;,
      25;4;-0.657259, 0.289598, 0.566033, 0.404660;;,
      26;4;-0.655360, 0.286069, 0.571796, 0.402141;;,
