xof 0303txt 0032

template XSkinMeshHeader {
  <3cf169ce-ff7c-44ab-93c0-f78f62d172e2>
  WORD nMaxSkinWeightsPerVertex;
  WORD nMaxSkinWeightsPerFace;
  WORD nBones;
}

template SkinWeights {
  <6f0d123b-bad2-4167-a0d0-80224f25fabb>
  STRING transformNodeName;
  DWORD nWeights;
  array DWORD vertexIndices[nWeights];
  array float weights[nWeights];
  Matrix4x4 matrixOffset;
}

Frame Root {
  FrameTransformMatrix {
     1.000000, 0.000000, 0.000000, 0.000000,
     0.000000,-0.000000, 1.000000, 0.000000,
     0.000000, 1.000000, 0.000000, 0.000000,
     0.000000, 0.000000, 0.000000, 1.000000;;
  }
  Frame Armature {
    FrameTransformMatrix {
       0.010000, 0.000000, 0.000000, 0.000000,
       0.000000,-0.000000, 0.010000, 0.000000,
       0.000000,-0.010000,-0.000000, 0.000000,
       0.000000, 0.000000, 0.000000, 1.000000;;
    }
    Frame Armature_root {
      FrameTransformMatrix {
         1.000000, 0.000000, 0.000000, 0.000000,
         0.000000, 1.000000,-0.000000, 0.000000,
         0.000000, 0.000000, 1.000000, 0.000000,
         0.000000, 0.000000, 0.000000, 1.000000;;
      }
      Frame Armature_ik_foot_root {
        FrameTransformMatrix {
           1.000000, 0.000000, 0.000000, 0.000000,
           0.000000, 1.000000, 0.000000, 0.000000,
           0.000000, 0.000000, 1.000000, 0.000000,
           0.000000, 0.000000, 0.000000, 1.000000;;
        }
        Frame Armature_ik_foot_l {
          FrameTransformMatrix {
             0.287173,-0.607204, 0.740834, 0.000000,
            -0.952774,-0.101330, 0.286275, 0.000000,
            -0.098759,-0.788058,-0.607628, 0.000000,
             9.510070,70.975159,-10.478214, 1.000000;;
          }
        } // End of Armature_ik_foot_l
        Frame Armature_ik_foot_r {
          FrameTransformMatrix {
             0.319947, 0.142498,-0.936658, 0.000000,
            -0.946895, 0.014691,-0.321208, 0.000000,
            -0.032011, 0.989686, 0.139631, 0.000000,
            -9.733698,67.749405,-4.249937, 1.000000;;
          }
        } // End of Armature_ik_foot_r
      } // End of Armature_ik_foot_root
      Frame Armature_ik_hand_root {
        FrameTransformMatrix {
           1.000000, 0.000000, 0.000000, 0.000000,
           0.000000, 1.000000,-0.000000, 0.000000,
           0.000000, 0.000000, 1.000000, 0.000000,
           0.000000, 0.000000, 0.000000, 1.000000;;
        }
        Frame Armature_ik_hand_gun {
          FrameTransformMatrix {
             0.162700,-0.449121, 0.878532, 0.000000,
             0.982813, 0.152473,-0.104066, 0.000000,
            -0.087215, 0.880365, 0.466209, 0.000000,
            -29.111593,161.216904,-35.510490, 1.000000;;
          }
          Frame Armature_ik_hand_l {
            FrameTransformMatrix {
              -0.077379, 0.985920,-0.148240, 0.000000,
               0.843919,-0.014399,-0.536278, 0.000000,
              -0.530861,-0.166600,-0.830922, 0.000000,
              61.079670,89.596100,-4.459727, 1.000000;;
            }
          } // End of Armature_ik_hand_l
          Frame Armature_ik_hand_r {
            FrameTransformMatrix {
               1.000000, 0.000000,-0.000000, 0.000000,
              -0.000000, 1.000000, 0.000000, 0.000000,
              -0.000000,-0.000000, 1.000000, 0.000000,
               0.000005, 0.000000, 0.000005, 1.000000;;
            }
          } // End of Armature_ik_hand_r
        } // End of Armature_ik_hand_gun
      } // End of Armature_ik_hand_root
      Frame Armature_pelvis {
        FrameTransformMatrix {
           0.010025, 0.846337,-0.532553, 0.000000,
          -0.194620, 0.524046, 0.829155, 0.000000,
           0.980828, 0.095333, 0.169967, 0.000000,
           0.266241,93.183052,-2.139818, 1.000000;;
        }
        Frame Armature_spine_01 {
          FrameTransformMatrix {
             0.908261,-0.413371, 0.064708, 0.000000,
             0.383531, 0.884355, 0.266122, 0.000000,
            -0.167232,-0.216891, 0.961765, 0.000000,
            10.808883, 0.851418,-0.000001, 1.000000;;
          }
          Frame Armature_spine_02 {
            FrameTransformMatrix {
               0.895538, 0.443510, 0.036206, 0.000000,
              -0.444918, 0.893855, 0.055425, 0.000000,
              -0.007781,-0.065743, 0.997806, 0.000000,
               3.800856,18.774862,-0.349877, 1.000000;;
            }
            Frame Armature_spine_03 {
              FrameTransformMatrix {
                 0.945402, 0.324455, 0.030734, 0.000000,
                -0.306549, 0.917301,-0.254139, 0.000000,
                -0.110649, 0.230842, 0.966679, 0.000000,
                 0.418083,13.412358,-0.046926, 1.000000;;
              }
              Frame Armature_clavicle_l {
                FrameTransformMatrix {
                   0.787606, 0.156156,-0.596064, 0.000000,
                   0.604027,-0.004491, 0.796952, 0.000000,
                   0.121772,-0.987722,-0.097860, 0.000000,
                  -2.732108,11.883687, 3.781986, 1.000000;;
                }
                Frame Armature_upperarm_l {
                  FrameTransformMatrix {
                     0.622951,-0.425901, 0.656156, 0.000000,
                    -0.047821, 0.816492, 0.575373, 0.000000,
                    -0.780798,-0.389807, 0.488267, 0.000000,
                     0.000005,15.784862,-0.000004, 1.000000;;
                  }
                  Frame Armature_lowerarm_l {
                    FrameTransformMatrix {
                       0.967510, 0.252099,-0.019254, 0.000000,
                      -0.251271, 0.967191, 0.037475, 0.000000,
                       0.028070,-0.031419, 0.999112, 0.000000,
                       0.000009,30.339937,-0.000052, 1.000000;;
                    }
                    Frame Armature_hand_l {
                      FrameTransformMatrix {
                         0.573574,-0.027270, 0.818700, 0.000000,
                        -0.034974, 0.997719, 0.057736, 0.000000,
                        -0.818407,-0.061749, 0.571312, 0.000000,
                        -0.000008,26.975145, 0.000019, 1.000000;;
                      }
                      Frame Armature_index_01_l {
                        FrameTransformMatrix {
                           0.966991, 0.085234,-0.240134, 0.000000,
                          -0.053097, 0.989110, 0.137266, 0.000000,
                           0.249219,-0.119985, 0.960986, 0.000000,
                           1.763464,12.068120, 2.109396, 1.000000;;
                        }
                        Frame Armature_index_02_l {
                          FrameTransformMatrix {
                             0.998465,-0.053490,-0.014393, 0.000000,
                             0.054682, 0.993278, 0.102022, 0.000000,
                             0.008839,-0.102653, 0.994678, 0.000000,
                            -0.000001, 4.287497,-0.000000, 1.000000;;
                          }
                          Frame Armature_index_03_l {
                            FrameTransformMatrix {
                               0.976858, 0.212872,-0.020807, 0.000000,
                              -0.212824, 0.977080, 0.004533, 0.000000,
                               0.021295, 0.000001, 0.999773, 0.000000,
                               0.000002, 3.393793, 0.000001, 1.000000;;
                            }
                          } // End of Armature_index_03_l
                        } // End of Armature_index_02_l
                      } // End of Armature_index_01_l
                      Frame Armature_middle_01_l {
                        FrameTransformMatrix {
                           0.975175,-0.210097,-0.069944, 0.000000,
                           0.195269, 0.964868,-0.175784, 0.000000,
                           0.104418, 0.157763, 0.981941, 0.000000,
                           1.293647,12.244280,-0.571162, 1.000000;;
                        }
                        Frame Armature_middle_02_l {
                          FrameTransformMatrix {
                             0.979377,-0.198368, 0.038354, 0.000000,
                             0.194439, 0.976969, 0.087890, 0.000000,
                            -0.054905,-0.078620, 0.995391, 0.000000,
                            -0.000005, 4.640373, 0.000005, 1.000000;;
                          }
                          Frame Armature_middle_03_l {
                            FrameTransformMatrix {
                               0.984771, 0.173828,-0.003224, 0.000000,
                              -0.173827, 0.984776, 0.000570, 0.000000,
                               0.003274,-0.000001, 0.999995, 0.000000,
                               0.000000, 3.648843, 0.000001, 1.000000;;
                            }
                          } // End of Armature_middle_03_l
                        } // End of Armature_middle_02_l
                      } // End of Armature_middle_01_l
                      Frame Armature_pinky_01_l {
                        FrameTransformMatrix {
                           0.900141,-0.320532, 0.294967, 0.000000,
                           0.417146, 0.829305,-0.371809, 0.000000,
                          -0.125441, 0.457724, 0.880201, 0.000000,
                           2.263149,10.140665,-4.643160, 1.000000;;
                        }
                        Frame Armature_pinky_02_l {
                          FrameTransformMatrix {
                             0.921239,-0.386747,-0.041765, 0.000000,
                             0.386867, 0.922119,-0.005501, 0.000000,
                             0.040639,-0.011090, 0.999112, 0.000000,
                             0.000014, 3.570988,-0.000008, 1.000000;;
                          }
                          Frame Armature_pinky_03_l {
                            FrameTransformMatrix {
                               0.992206,-0.124405,-0.007108, 0.000000,
                               0.124402, 0.992231,-0.000892, 0.000000,
                               0.007164, 0.000001, 0.999974, 0.000000,
                               0.000019, 2.985623, 0.000015, 1.000000;;
                            }
                          } // End of Armature_pinky_03_l
                        } // End of Armature_pinky_02_l
                      } // End of Armature_pinky_01_l
                      Frame Armature_ring_01_l {
                        FrameTransformMatrix {
                           0.900893,-0.363679, 0.236918, 0.000000,
                           0.421914, 0.861888,-0.281314, 0.000000,
                          -0.101889, 0.353393, 0.929910, 0.000000,
                           1.753527,11.497885,-2.846922, 1.000000;;
                        }
                        Frame Armature_ring_02_l {
                          FrameTransformMatrix {
                             0.995719, 0.092001,-0.008894, 0.000000,
                            -0.091917, 0.995722, 0.009392, 0.000000,
                             0.009720,-0.008534, 0.999916, 0.000000,
                            -0.000004, 4.430183,-0.000006, 1.000000;;
                          }
                          Frame Armature_ring_03_l {
                            FrameTransformMatrix {
                               0.973283, 0.229609, 0.000389, 0.000000,
                              -0.229609, 0.973283,-0.000093, 0.000000,
                              -0.000400, 0.000001, 1.000000, 0.000000,
                              -0.000009, 3.476655,-0.000005, 1.000000;;
                            }
                          } // End of Armature_ring_03_l
                        } // End of Armature_ring_02_l
                      } // End of Armature_ring_01_l
                      Frame Armature_thumb_01_l {
                        FrameTransformMatrix {
                          -0.015639, 0.474610,-0.880057, 0.000000,
                           0.674899, 0.654427, 0.340935, 0.000000,
                           0.737744,-0.588618,-0.330548, 0.000000,
                           2.374980, 4.762034, 2.537823, 1.000000;;
                        }
                        Frame Armature_thumb_02_l {
                          FrameTransformMatrix {
                             0.991297, 0.131043,-0.012542, 0.000000,
                            -0.129173, 0.986647, 0.099207, 0.000000,
                             0.025375,-0.096724, 0.994988, 0.000000,
                             0.000005, 3.869667,-0.000004, 1.000000;;
                          }
                          Frame Armature_thumb_03_l {
                            FrameTransformMatrix {
                               0.974354, 0.222167,-0.035721, 0.000000,
                              -0.216383, 0.968632, 0.122193, 0.000000,
                               0.061747,-0.111330, 0.991863, 0.000000,
                              -0.000006, 4.062177, 0.000004, 1.000000;;
                            }
                          } // End of Armature_thumb_03_l
                        } // End of Armature_thumb_02_l
                      } // End of Armature_thumb_01_l
                    } // End of Armature_hand_l
                    Frame Armature_lowerarm_twist_01_l {
                      FrameTransformMatrix {
                         0.954473, 0.000000,-0.298298, 0.000000,
                        -0.000000, 1.000000, 0.000000, 0.000000,
                         0.298298,-0.000000, 0.954473, 0.000000,
                         0.000002,13.999998, 0.000007, 1.000000;;
                      }
                    } // End of Armature_lowerarm_twist_01_l
                  } // End of Armature_lowerarm_l
                  Frame Armature_upperarm_twist_01_l {
                    FrameTransformMatrix {
                       0.545220,-0.000003,-0.838293, 0.000000,
                       0.000001, 1.000000,-0.000003, 0.000000,
                       0.838293, 0.000001, 0.545220, 0.000000,
                      -0.000012, 0.499999, 0.000050, 1.000000;;
                    }
                  } // End of Armature_upperarm_twist_01_l
                } // End of Armature_upperarm_l
              } // End of Armature_clavicle_l
              Frame Armature_clavicle_r {
                FrameTransformMatrix {
                  -0.784002,-0.179571,-0.594218, 0.000000,
                   0.620384,-0.259870,-0.739994, 0.000000,
                  -0.021538,-0.948800, 0.315142, 0.000000,
                  -2.732111,11.883795,-3.782004, 1.000000;;
                }
                Frame Armature_upperarm_r {
                  FrameTransformMatrix {
                     0.749380, 0.260628,-0.608689, 0.000000,
                     0.070894, 0.882410, 0.465109, 0.000000,
                     0.658334,-0.391696, 0.642784, 0.000000,
                    -0.000041,15.784744, 0.000084, 1.000000;;
                  }
                  Frame Armature_lowerarm_r {
                    FrameTransformMatrix {
                       0.970528,-0.196939,-0.138889, 0.000000,
                       0.199226, 0.979950, 0.002619, 0.000000,
                       0.135589,-0.030213, 0.990305, 0.000000,
                      -0.000000,30.340057,-0.000025, 1.000000;;
                    }
                    Frame Armature_hand_r {
                      FrameTransformMatrix {
                         0.182901,-0.020848,-0.982910, 0.000000,
                        -0.249946, 0.965939,-0.066998, 0.000000,
                         0.950828, 0.257929, 0.171461, 0.000000,
                        -0.000007,26.975245, 0.000001, 1.000000;;
                      }
                      Frame Armature_index_01_r {
                        FrameTransformMatrix {
                           0.680581, 0.711085, 0.176543, 0.000000,
                          -0.685834, 0.703073,-0.187937, 0.000000,
                          -0.257762, 0.006827, 0.966184, 0.000000,
                          -1.763728,12.067945, 2.109437, 1.000000;;
                        }
                        Frame Armature_index_02_r {
                          FrameTransformMatrix {
                            -0.096419, 0.990319, 0.099860, 0.000000,
                            -0.995295,-0.094970,-0.019174, 0.000000,
                            -0.009505,-0.101239, 0.994817, 0.000000,
                             0.000081, 4.287683,-0.000069, 1.000000;;
                          }
                          Frame Armature_index_03_r {
                            FrameTransformMatrix {
                               0.666915, 0.744998, 0.014205, 0.000000,
                              -0.744829, 0.667067,-0.015867, 0.000000,
                              -0.021296, 0.000002, 0.999773, 0.000000,
                               0.000116, 3.393803,-0.000010, 1.000000;;
                            }
                          } // End of Armature_index_03_r
                        } // End of Armature_index_02_r
                      } // End of Armature_index_01_r
                      Frame Armature_middle_01_r {
                        FrameTransformMatrix {
                           0.441929, 0.896672,-0.026033, 0.000000,
                          -0.895749, 0.439541,-0.066612, 0.000000,
                          -0.048286, 0.052757, 0.997439, 0.000000,
                          -1.293742,12.244121,-0.571123, 1.000000;;
                        }
                        Frame Armature_middle_02_r {
                          FrameTransformMatrix {
                             0.178866, 0.979905, 0.088287, 0.000000,
                            -0.981563, 0.171579, 0.084234, 0.000000,
                             0.067393,-0.101725, 0.992527, 0.000000,
                            -0.000149, 4.640563, 0.000008, 1.000000;;
                          }
                          Frame Armature_middle_03_r {
                            FrameTransformMatrix {
                               0.131022, 0.991379, 0.000429, 0.000000,
                              -0.991374, 0.131023,-0.003246, 0.000000,
                              -0.003274, 0.000000, 0.999995, 0.000000,
                              -0.000002, 3.648892,-0.000004, 1.000000;;
                            }
                          } // End of Armature_middle_03_r
                        } // End of Armature_middle_02_r
                      } // End of Armature_middle_01_r
                      Frame Armature_pinky_01_r {
                        FrameTransformMatrix {
                           0.827082, 0.473667,-0.302614, 0.000000,
                          -0.535493, 0.827640,-0.168105, 0.000000,
                           0.170830, 0.301084, 0.938171, 0.000000,
                          -2.263382,10.140594,-4.643085, 1.000000;;
                        }
                        Frame Armature_pinky_02_r {
                          FrameTransformMatrix {
                             0.135751, 0.989590, 0.047784, 0.000000,
                            -0.990284, 0.136998,-0.023855, 0.000000,
                            -0.030153,-0.044081, 0.998573, 0.000000,
                             0.000008, 3.571057, 0.000001, 1.000000;;
                          }
                          Frame Armature_pinky_03_r {
                            FrameTransformMatrix {
                              -0.138518, 0.990359,-0.000984, 0.000000,
                              -0.990335,-0.138522,-0.007042, 0.000000,
                              -0.007111,-0.000001, 0.999975, 0.000000,
                               0.000314, 2.985504,-0.000041, 1.000000;;
                            }
                          } // End of Armature_pinky_03_r
                        } // End of Armature_pinky_02_r
                      } // End of Armature_pinky_01_r
                      Frame Armature_ring_01_r {
                        FrameTransformMatrix {
                           0.488693, 0.835028,-0.252801, 0.000000,
                          -0.863051, 0.505116, 0.000075, 0.000000,
                           0.127756, 0.218143, 0.967518, 0.000000,
                          -1.753784,11.497977,-2.846906, 1.000000;;
                        }
                        Frame Armature_ring_02_r {
                          FrameTransformMatrix {
                            -0.098081, 0.994968, 0.020482, 0.000000,
                            -0.995158,-0.097925,-0.008493, 0.000000,
                            -0.006445,-0.021216, 0.999754, 0.000000,
                            -0.000023, 4.429872,-0.000000, 1.000000;;
                          }
                          Frame Armature_ring_03_r {
                            FrameTransformMatrix {
                               0.264064, 0.964505,-0.000106, 0.000000,
                              -0.964505, 0.264064, 0.000406, 0.000000,
                               0.000420,-0.000005, 1.000000, 0.000000,
                               0.000076, 3.476560,-0.000003, 1.000000;;
                            }
                          } // End of Armature_ring_03_r
                        } // End of Armature_ring_02_r
                      } // End of Armature_ring_01_r
                      Frame Armature_thumb_01_r {
                        FrameTransformMatrix {
                           0.166767,-0.399673, 0.901360, 0.000000,
                          -0.684861, 0.610703, 0.397503, 0.000000,
                          -0.709334,-0.683596,-0.171876, 0.000000,
                          -2.375112, 4.762124, 2.537810, 1.000000;;
                        }
                        Frame Armature_thumb_02_r {
                          FrameTransformMatrix {
                             0.809495, 0.587037, 0.010215, 0.000000,
                            -0.587124, 0.809316, 0.017119, 0.000000,
                             0.001782,-0.019855, 0.999801, 0.000000,
                             0.000113, 3.869562, 0.000065, 1.000000;;
                          }
                          Frame Armature_thumb_03_r {
                            FrameTransformMatrix {
                               0.696233, 0.717189, 0.029995, 0.000000,
                              -0.716524, 0.696879,-0.030866, 0.000000,
                              -0.043040,-0.000002, 0.999073, 0.000000,
                              -0.000005, 4.062179,-0.000009, 1.000000;;
                            }
                          } // End of Armature_thumb_03_r
                        } // End of Armature_thumb_02_r
                      } // End of Armature_thumb_01_r
                      Frame Armature_weapon_r {
                        FrameTransformMatrix {
                          -0.005470,-0.000002,-0.999985, 0.000000,
                          -0.000001,-1.000000, 0.000002, 0.000000,
                          -0.999985, 0.000001, 0.005470, 0.000000,
                          -4.666991,11.309010,-1.093002, 1.000000;;
                        }
                      } // End of Armature_weapon_r
                    } // End of Armature_hand_r
                    Frame Armature_lowerarm_twist_01_r {
                      FrameTransformMatrix {
                         0.989720, 0.000000,-0.143022, 0.000000,
                        -0.000000, 1.000000,-0.000000, 0.000000,
                         0.143022, 0.000000, 0.989719, 0.000000,
                         0.000024,14.000000,-0.000013, 1.000000;;
                      }
                    } // End of Armature_lowerarm_twist_01_r
                  } // End of Armature_lowerarm_r
                  Frame Armature_upperarm_twist_01_r {
                    FrameTransformMatrix {
                       0.896193, 0.000000, 0.443665, 0.000000,
                       0.000000, 1.000000,-0.000000, 0.000000,
                      -0.443664, 0.000000, 0.896193, 0.000000,
                      -0.000003, 0.499992, 0.000009, 1.000000;;
                    }
                  } // End of Armature_upperarm_twist_01_r
                } // End of Armature_upperarm_r
              } // End of Armature_clavicle_r
              Frame Armature_neck_01 {
                FrameTransformMatrix {
                   0.977243, 0.192653, 0.088779, 0.000000,
                  -0.205463, 0.963729, 0.170330, 0.000000,
                  -0.052744,-0.184694, 0.981380, 0.000000,
                  -0.355325,16.558786,-0.000000, 1.000000;;
                }
                Frame Armature_head {
                  FrameTransformMatrix {
                     0.563743,-0.764641,-0.312279, 0.000000,
                     0.718144, 0.640541,-0.271986, 0.000000,
                     0.407999,-0.070931, 0.910223, 0.000000,
                     0.364132, 9.283613, 0.000008, 1.000000;;
                  }
                } // End of Armature_head
              } // End of Armature_neck_01
            } // End of Armature_spine_03
          } // End of Armature_spine_02
        } // End of Armature_spine_01
        Frame Armature_sword_holder {
          FrameTransformMatrix {
            -0.909314, 0.370363, 0.189678, 0.000000,
            -0.355306,-0.928335, 0.109325, 0.000000,
             0.216575, 0.032017, 0.975741, 0.000000,
            13.979999,19.493002,16.300999, 1.000000;;
          }
        } // End of Armature_sword_holder
        Frame Armature_thigh_l {
          FrameTransformMatrix {
            -0.258093,-0.842175,-0.473423, 0.000000,
            -0.874543,-0.004585, 0.484926, 0.000000,
            -0.410563, 0.539185,-0.735335, 0.000000,
            -1.448827, 0.531424, 9.005807, 1.000000;;
          }
          Frame Armature_calf_l {
            FrameTransformMatrix {
              -0.801284,-0.576281, 0.160762, 0.000000,
               0.570091,-0.816958,-0.087038, 0.000000,
               0.181494, 0.021907, 0.983148, 0.000000,
              -0.377077,42.456245, 0.054364, 1.000000;;
            }
            Frame Armature_calf_twist_01_l {
              FrameTransformMatrix {
                 0.999463,-0.015118, 0.029055, 0.000000,
                 0.015235, 0.999877,-0.003824, 0.000000,
                -0.028994, 0.004264, 0.999570, 0.000000,
                 0.000007,20.476776,-0.000003, 1.000000;;
              }
            } // End of Armature_calf_twist_01_l
            Frame Armature_foot_l {
              FrameTransformMatrix {
                -0.406767,-0.882327, 0.236726, 0.000000,
                -0.902872, 0.427759, 0.042939, 0.000000,
                -0.139148,-0.196267,-0.970627, 0.000000,
                 0.000637,40.196476,-0.000366, 1.000000;;
              }
              Frame Armature_ball_l {
                FrameTransformMatrix {
                   0.024622, 0.999697, 0.000151, 0.000000,
                  -0.999697, 0.024622, 0.000077, 0.000000,
                   0.000073,-0.000153, 1.000000, 0.000000,
                  -10.453833,16.577854,-0.080157, 1.000000;;
                }
              } // End of Armature_ball_l
            } // End of Armature_foot_l
          } // End of Armature_calf_l
          Frame Armature_thigh_twist_01_l {
            FrameTransformMatrix {
               0.873238,-0.000860,-0.487293, 0.000000,
               0.000983, 1.000000,-0.000004, 0.000000,
               0.487292,-0.000476, 0.873239, 0.000000,
              -0.000003,22.094229,-0.000002, 1.000000;;
            }
          } // End of Armature_thigh_twist_01_l
        } // End of Armature_thigh_l
        Frame Armature_thigh_r {
          FrameTransformMatrix {
             0.645840, 0.737493,-0.197471, 0.000000,
            -0.685164, 0.445771,-0.576054, 0.000000,
            -0.336809, 0.507339, 0.793200, 0.000000,
            -1.448634, 0.531429,-9.005806, 1.000000;;
          }
          Frame Armature_calf_r {
            FrameTransformMatrix {
              -0.815949, 0.554834,-0.162438, 0.000000,
              -0.548658,-0.831724,-0.084908, 0.000000,
              -0.182214, 0.019842, 0.983059, 0.000000,
               0.379837,42.462250, 0.054699, 1.000000;;
            }
            Frame Armature_calf_twist_01_r {
              FrameTransformMatrix {
                 0.999516, 0.015126,-0.027199, 0.000000,
                -0.015235, 0.999877,-0.003825, 0.000000,
                 0.027138, 0.004237, 0.999623, 0.000000,
                 0.000007,20.476912, 0.000001, 1.000000;;
              }
            } // End of Armature_calf_twist_01_r
            Frame Armature_foot_r {
              FrameTransformMatrix {
                -0.245223, 0.864973,-0.437821, 0.000000,
                 0.955097, 0.293016, 0.043944, 0.000000,
                 0.166299,-0.407386,-0.897987, 0.000000,
                -0.000437,40.196579,-0.000583, 1.000000;;
              }
              Frame Armature_ball_r {
                FrameTransformMatrix {
                  -0.002067,-0.999998,-0.000153, 0.000000,
                   0.999998,-0.002067, 0.000075, 0.000000,
                  -0.000076,-0.000152, 1.000000, 0.000000,
                  10.453815,16.577795,-0.080133, 1.000000;;
                }
              } // End of Armature_ball_r
            } // End of Armature_foot_r
          } // End of Armature_calf_r
          Frame Armature_thigh_twist_01_r {
            FrameTransformMatrix {
               0.961164, 0.000945, 0.275977, 0.000000,
              -0.000983, 1.000000,-0.000003, 0.000000,
              -0.275977,-0.000269, 0.961164, 0.000000,
              -0.000010,22.094244, 0.000002, 1.000000;;
            }
          } // End of Armature_thigh_twist_01_r
        } // End of Armature_thigh_r
      } // End of Armature_pelvis
    } // End of Armature_root
  } // End of Armature
} // End of Root
AnimationSet Global {
  Animation {
    {Armature}
    AnimationKey { // Rotation
      0;
      12;
      0;4;-0.707107, 0.707107, 0.000000, 0.000000;;,
      1;4;-0.707107, 0.707107, 0.000000, 0.000000;;,
      2;4;-0.707107, 0.707107, 0.000000, 0.000000;;,
      3;4;-0.707107, 0.707107, 0.000000, 0.000000;;,
      4;4;-0.707107, 0.707107, 0.000000, 0.000000;;,
      5;4;-0.707107, 0.707107, 0.000000, 0.000000;;,
      6;4;-0.707107, 0.707107, 0.000000, 0.000000;;,
      7;4;-0.707107, 0.707107, 0.000000, 0.000000;;,
      8;4;-0.707107, 0.707107, 0.000000, 0.000000;;,
      9;4;-0.707107, 0.707107, 0.000000, 0.000000;;,
      10;4;-0.707107, 0.707107, 0.000000, 0.000000;;,
      11;4;-0.707107, 0.707107, 0.000000, 0.000000;;;
    }
    AnimationKey { // Scale
      1;
      12;
      0;3; 0.010000, 0.010000, 0.010000;;,
      1;3; 0.010000, 0.010000, 0.010000;;,
      2;3; 0.010000, 0.010000, 0.010000;;,
      3;3; 0.010000, 0.010000, 0.010000;;,
      4;3; 0.010000, 0.010000, 0.010000;;,
      5;3; 0.010000, 0.010000, 0.010000;;,
      6;3; 0.010000, 0.010000, 0.010000;;,
      7;3; 0.010000, 0.010000, 0.010000;;,
      8;3; 0.010000, 0.010000, 0.010000;;,
      9;3; 0.010000, 0.010000, 0.010000;;,
      10;3; 0.010000, 0.010000, 0.010000;;,
      11;3; 0.010000, 0.010000, 0.010000;;;
    }
    AnimationKey { // Position
      2;
      12;
      0;3; 0.000000, 0.000000, 0.000000;;,
      1;3; 0.000000, 0.000000, 0.000000;;,
      2;3; 0.000000, 0.000000, 0.000000;;,
      3;3; 0.000000, 0.000000, 0.000000;;,
      4;3; 0.000000, 0.000000, 0.000000;;,
      5;3; 0.000000, 0.000000, 0.000000;;,
      6;3; 0.000000, 0.000000, 0.000000;;,
      7;3; 0.000000, 0.000000, 0.000000;;,
      8;3; 0.000000, 0.000000, 0.000000;;,
      9;3; 0.000000, 0.000000, 0.000000;;,
      10;3; 0.000000, 0.000000, 0.000000;;,
      11;3; 0.000000, 0.000000, 0.000000;;;
    }
  }
  Animation {
    {Armature_root}
    AnimationKey { // Rotation
      0;
      12;
      0;4;-1.000000,-0.000000, 0.000000, 0.000000;;,
      1;4;-1.000000,-0.000000, 0.000000, 0.000000;;,
      2;4;-1.000000,-0.000000, 0.000000, 0.000000;;,
      3;4;-1.000000,-0.000000, 0.000000, 0.000000;;,
      4;4;-1.000000,-0.000000, 0.000000, 0.000000;;,
      5;4;-1.000000,-0.000000, 0.000000, 0.000000;;,
      6;4;-1.000000,-0.000000, 0.000000, 0.000000;;,
      7;4;-1.000000,-0.000000, 0.000000, 0.000000;;,
      8;4;-1.000000,-0.000000, 0.000000, 0.000000;;,
      9;4;-1.000000,-0.000000, 0.000000, 0.000000;;,
      10;4;-1.000000,-0.000000, 0.000000, 0.000000;;,
      11;4;-1.000000,-0.000000, 0.000000, 0.000000;;;
    }
    AnimationKey { // Scale
      1;
      12;
      0;3; 1.000000, 1.000000, 1.000000;;,
      1;3; 1.000000, 1.000000, 1.000000;;,
      2;3; 1.000000, 1.000000, 1.000000;;,
      3;3; 1.000000, 1.000000, 1.000000;;,
      4;3; 1.000000, 1.000000, 1.000000;;,
      5;3; 1.000000, 1.000000, 1.000000;;,
      6;3; 1.000000, 1.000000, 1.000000;;,
      7;3; 1.000000, 1.000000, 1.000000;;,
      8;3; 1.000000, 1.000000, 1.000000;;,
      9;3; 1.000000, 1.000000, 1.000000;;,
      10;3; 1.000000, 1.000000, 1.000000;;,
      11;3; 1.000000, 1.000000, 1.000000;;;
    }
    AnimationKey { // Position
      2;
      12;
      0;3; 0.000000, 0.000000, 0.000000;;,
      1;3; 0.000000, 0.000000, 0.000000;;,
      2;3; 0.000000, 0.000000, 0.000000;;,
      3;3; 0.000000, 0.000000, 0.000000;;,
      4;3; 0.000000, 0.000000, 0.000000;;,
      5;3; 0.000000, 0.000000, 0.000000;;,
      6;3; 0.000000, 0.000000, 0.000000;;,
      7;3; 0.000000, 0.000000, 0.000000;;,
      8;3; 0.000000, 0.000000, 0.000000;;,
      9;3; 0.000000, 0.000000, 0.000000;;,
      10;3; 0.000000, 0.000000, 0.000000;;,
      11;3; 0.000000, 0.000000, 0.000000;;;
    }
  }
  Animation {
    {Armature_pelvis}
    AnimationKey { // Rotation
      0;
      12;
      0;4;-0.652694, 0.281074, 0.579667, 0.398715;;,
      1;4;-0.655813, 0.280823, 0.577214, 0.397331;;,
      2;4;-0.662881, 0.279347, 0.571602, 0.394749;;,
      3;4;-0.670498, 0.275562, 0.565474, 0.393366;;,
      4;4;-0.675338, 0.268584, 0.561340, 0.395825;;,
      5;4;-0.674010, 0.257950, 0.561294, 0.405119;;,
      6;4;-0.654910, 0.250507, 0.572597, 0.424821;;,
      7;4;-0.612478, 0.254492, 0.595423, 0.453405;;,
      8;4;-0.552492, 0.271308, 0.620986, 0.485305;;,
      9;4;-0.482288, 0.299800, 0.642604, 0.514373;;,
      10;4;-0.410788, 0.335311, 0.657296, 0.535520;;,
      11;4;-0.347526, 0.370233, 0.666235, 0.546154;;;
    }
    AnimationKey { // Scale
      1;
      12;
      0;3; 1.000000, 1.000000, 1.000000;;,
      1;3; 1.000000, 1.000000, 1.000000;;,
      2;3; 1.000000, 1.000000, 1.000000;;,
      3;3; 1.000000, 1.000000, 1.000000;;,
      4;3; 1.000000, 1.000000, 1.000000;;,
      5;3; 1.000000, 1.000000, 1.000000;;,
      6;3; 1.000000, 1.000000, 1.000000;;,
      7;3; 1.000000, 1.000000, 1.000000;;,
      8;3; 1.000000, 1.000000, 1.000000;;,
      9;3; 1.000000, 1.000000, 1.000000;;,
      10;3; 1.000000, 1.000000, 1.000000;;,
      11;3; 1.000000, 1.000000, 1.000000;;;
    }
    AnimationKey { // Position
      2;
      12;
      0;3; 0.266241,93.183052,-2.139818;;,
      1;3; 0.266242,93.866722,-2.139819;;,
      2;3; 0.266241,95.496994,-2.139818;;,
      3;3; 0.266242,97.442810,-2.139822;;,
      4;3; 0.266242,99.073082,-2.139822;;,
      5;3; 0.266242,99.756752,-2.139822;;,
      6;3; 0.266242,99.479057,-2.139821;;,
      7;3; 0.266242,98.741684,-2.139819;;,
      8;3; 0.266242,97.688148,-2.139818;;,
      9;3; 0.266241,96.461990,-2.139818;;,
      10;3; 0.266242,95.206734,-2.139819;;,
      11;3; 0.266241,94.065910,-2.139817;;;
    }
  }
  Animation {
    {Armature_spine_01}
    AnimationKey { // Rotation
      0;
      12;
      0;4;-0.968811, 0.124641,-0.059852,-0.205639;;,
      1;4;-0.967690, 0.128203,-0.056086,-0.209746;;,
      2;4;-0.964306, 0.138127,-0.045267,-0.221326;;,
      3;4;-0.958288, 0.153379,-0.027877,-0.239543;;,
      4;4;-0.948955, 0.173057,-0.004418,-0.263659;;,
      5;4;-0.935573, 0.196308, 0.024227,-0.292540;;,
      6;4;-0.917831, 0.222163, 0.056525,-0.324092;;,
      7;4;-0.896436, 0.249403, 0.090237,-0.355045;;,
      8;4;-0.873395, 0.276505, 0.122732,-0.381658;;,
      9;4;-0.851583, 0.301666, 0.151592,-0.401029;;,
      10;4;-0.833948, 0.322910, 0.175071,-0.411837;;,
      11;4;-0.823023, 0.338223, 0.192077,-0.413938;;;
    }
    AnimationKey { // Scale
      1;
      12;
      0;3; 1.000000, 1.000000, 1.000000;;,
      1;3; 1.000000, 1.000000, 1.000000;;,
      2;3; 1.000000, 1.000000, 1.000000;;,
      3;3; 1.000000, 1.000000, 1.000000;;,
      4;3; 1.000000, 1.000000, 1.000000;;,
      5;3; 1.000000, 1.000000, 1.000000;;,
      6;3; 1.000000, 1.000000, 1.000000;;,
      7;3; 1.000000, 1.000000, 1.000000;;,
      8;3; 1.000000, 1.000000, 1.000000;;,
      9;3; 1.000000, 1.000000, 1.000000;;,
      10;3; 1.000000, 1.000000, 1.000000;;,
      11;3; 1.000000, 1.000000, 1.000000;;;
    }
    AnimationKey { // Position
      2;
      12;
      0;3;10.808883, 0.851418,-0.000001;;,
      1;3;10.808887, 0.851423, 0.000000;;,
      2;3;10.808881, 0.851408,-0.000001;;,
      3;3;10.808878, 0.851416, 0.000001;;,
      4;3;10.808886, 0.851416, 0.000001;;,
      5;3;10.808883, 0.851427, 0.000001;;,
      6;3;10.808874, 0.851420, 0.000000;;,
      7;3;10.808880, 0.851418,-0.000003;;,
      8;3;10.808867, 0.851412,-0.000000;;,
      9;3;10.808875, 0.851413, 0.000000;;,
      10;3;10.808887, 0.851421, 0.000007;;,
      11;3;10.808867, 0.851419, 0.000000;;;
    }
  }
  Animation {
    {Armature_spine_02}
    AnimationKey { // Rotation
      0;
      12;
      0;4;-0.973036, 0.031131,-0.011301, 0.228262;;,
      1;4;-0.972694, 0.030388,-0.011139, 0.229822;;,
      2;4;-0.971830, 0.028052,-0.010118, 0.233788;;,
      3;4;-0.970799, 0.023683,-0.007039, 0.238618;;,
      4;4;-0.970119, 0.016658,-0.000730, 0.242057;;,
      5;4;-0.970458, 0.006459, 0.009466, 0.240999;;,
      6;4;-0.972475,-0.006839, 0.023363, 0.231733;;,
      7;4;-0.976354,-0.021920, 0.039767, 0.211358;;,
      8;4;-0.981281,-0.036122, 0.056721, 0.180458;;,
      9;4;-0.985722,-0.046695, 0.072446, 0.144652;;,
      10;4;-0.988545,-0.052576, 0.086217, 0.112164;;,
      11;4;-0.989616,-0.054692, 0.098095, 0.089705;;;
    }
    AnimationKey { // Scale
      1;
      12;
      0;3; 1.000000, 1.000000, 1.000000;;,
      1;3; 1.000000, 1.000000, 1.000000;;,
      2;3; 1.000000, 1.000000, 1.000000;;,
      3;3; 1.000000, 1.000000, 1.000000;;,
      4;3; 1.000000, 1.000000, 1.000000;;,
      5;3; 1.000000, 1.000000, 1.000000;;,
      6;3; 1.000000, 1.000000, 1.000000;;,
      7;3; 1.000000, 1.000000, 1.000000;;,
      8;3; 1.000000, 1.000000, 1.000000;;,
      9;3; 1.000000, 1.000000, 1.000000;;,
      10;3; 1.000000, 1.000000, 1.000000;;,
      11;3; 1.000000, 1.000000, 1.000000;;;
    }
    AnimationKey { // Position
      2;
      12;
      0;3; 3.800856,18.774862,-0.349877;;,
      1;3; 3.802640,18.774450,-0.332330;;,
      2;3; 3.807182,18.773329,-0.282144;;,
      3;3; 3.812823,18.771971,-0.202128;;,
      4;3; 3.817339,18.770977,-0.095378;;,
      5;3; 3.818241,18.771223, 0.033257;;,
      6;3; 3.813324,18.773785, 0.176586;;,
      7;3; 3.801641,18.779541, 0.325662;;,
      8;3; 3.784013,18.788462, 0.471453;;,
      9;3; 3.762853,18.799007, 0.606492;;,
      10;3; 3.740950,18.808754, 0.725622;;,
      11;3; 3.720641,18.815624, 0.825473;;;
    }
  }
  Animation {
    {Armature_spine_03}
    AnimationKey { // Rotation
      0;
      12;
      0;4;-0.978440,-0.123917,-0.036125, 0.161227;;,
      1;4;-0.980450,-0.118838,-0.034333, 0.153025;;,
      2;4;-0.985308,-0.104957,-0.029393, 0.131484;;,
      3;4;-0.990860,-0.084755,-0.021854, 0.102643;;,
      4;4;-0.995301,-0.061347,-0.011944, 0.073963;;,
      5;4;-0.997829,-0.038685, 0.000385, 0.053307;;,
      6;4;-0.998541,-0.021618, 0.015075, 0.047128;;,
      7;4;-0.997706,-0.015193, 0.031495, 0.057958;;,
      8;4;-0.995176,-0.022637, 0.048310, 0.082327;;,
      9;4;-0.990771,-0.042687, 0.063880, 0.111672;;,
      10;4;-0.985145,-0.068772, 0.077146, 0.137143;;,
      11;4;-0.979876,-0.091255, 0.088321, 0.153996;;;
    }
    AnimationKey { // Scale
      1;
      12;
      0;3; 1.000000, 1.000000, 1.000000;;,
      1;3; 1.000000, 1.000000, 1.000000;;,
      2;3; 1.000000, 1.000000, 1.000000;;,
      3;3; 1.000000, 1.000000, 1.000000;;,
      4;3; 1.000000, 1.000000, 1.000000;;,
      5;3; 1.000000, 1.000000, 1.000000;;,
