xof 0303txt 0032

template XSkinMeshHeader {
  <3cf169ce-ff7c-44ab-93c0-f78f62d172e2>
  WORD nMaxSkinWeightsPerVertex;
  WORD nMaxSkinWeightsPerFace;
  WORD nBones;
}

template SkinWeights {
  <6f0d123b-bad2-4167-a0d0-80224f25fabb>
  STRING transformNodeName;
  DWORD nWeights;
  array DWORD vertexIndices[nWeights];
  array float weights[nWeights];
  Matrix4x4 matrixOffset;
}

Frame Root {
  FrameTransformMatrix {
     1.000000, 0.000000, 0.000000, 0.000000,
     0.000000,-0.000000, 1.000000, 0.000000,
     0.000000, 1.000000, 0.000000, 0.000000,
     0.000000, 0.000000, 0.000000, 1.000000;;
  }
  Frame Armature {
    FrameTransformMatrix {
       0.010000, 0.000000, 0.000000, 0.000000,
       0.000000,-0.000000, 0.010000, 0.000000,
       0.000000,-0.010000,-0.000000, 0.000000,
       0.000000, 0.000000, 0.000000, 1.000000;;
    }
    Frame Armature_root {
      FrameTransformMatrix {
         1.000000, 0.000000, 0.000000, 0.000000,
         0.000000, 1.000000,-0.000000, 0.000000,
         0.000000, 0.000000, 1.000000, 0.000000,
         0.000000, 0.000000, 0.000000, 1.000000;;
      }
      Frame Armature_ik_foot_root {
        FrameTransformMatrix {
           1.000000, 0.000000, 0.000000, 0.000000,
           0.000000, 1.000000, 0.000000, 0.000000,
           0.000000, 0.000000, 1.000000, 0.000000,
           0.000000, 0.000000, 0.000000, 1.000000;;
        }
        Frame Armature_ik_foot_l {
          FrameTransformMatrix {
             0.590167,-0.001310, 0.807280, 0.000000,
            -0.788505,-0.215353, 0.576092, 0.000000,
             0.173096,-0.976535,-0.128127, 0.000000,
            21.437374,72.439407,-1.466657, 1.000000;;
          }
        } // End of Armature_ik_foot_l
        Frame Armature_ik_foot_r {
          FrameTransformMatrix {
             0.128952, 0.500196,-0.856257, 0.000000,
            -0.947606, 0.316633, 0.042257, 0.000000,
             0.292256, 0.805945, 0.514819, 0.000000,
            -20.247805,42.746830,-42.250023, 1.000000;;
          }
        } // End of Armature_ik_foot_r
      } // End of Armature_ik_foot_root
      Frame Armature_ik_hand_root {
        FrameTransformMatrix {
           1.000000, 0.000000, 0.000000, 0.000000,
           0.000000, 1.000000,-0.000000, 0.000000,
           0.000000, 0.000000, 1.000000, 0.000000,
           0.000000, 0.000000, 0.000000, 1.000000;;
        }
        Frame Armature_ik_hand_gun {
          FrameTransformMatrix {
            -0.794089, 0.341692, 0.502662, 0.000000,
            -0.525202, 0.030504,-0.850431, 0.000000,
            -0.305918,-0.939317, 0.155235, 0.000000,
            44.108002,109.954575,24.079702, 1.000000;;
          }
          Frame Armature_ik_hand_l {
            FrameTransformMatrix {
               0.789179,-0.613959,-0.015837, 0.000000,
               0.590959, 0.752088, 0.291773, 0.000000,
              -0.167226,-0.239620, 0.956357, 0.000000,
              32.199448, 4.715757,-10.845894, 1.000000;;
            }
          } // End of Armature_ik_hand_l
          Frame Armature_ik_hand_r {
            FrameTransformMatrix {
               1.000000, 0.000000, 0.000000, 0.000000,
              -0.000000, 1.000000, 0.000000, 0.000000,
               0.000000,-0.000000, 1.000000, 0.000000,
               0.000002,-0.000007,-0.000004, 1.000000;;
            }
          } // End of Armature_ik_hand_r
        } // End of Armature_ik_hand_gun
      } // End of Armature_ik_hand_root
      Frame Armature_pelvis {
        FrameTransformMatrix {
          -0.494538, 0.859347, 0.130209, 0.000000,
           0.305990, 0.031920, 0.951499, 0.000000,
           0.813512, 0.510395,-0.278737, 0.000000,
           0.266242,93.449142,-2.139821, 1.000000;;
        }
        Frame Armature_spine_01 {
          FrameTransformMatrix {
             0.582986,-0.546846,-0.600905, 0.000000,
             0.811576, 0.426867, 0.398911, 0.000000,
             0.038363,-0.720239, 0.692665, 0.000000,
            10.808880, 0.851417,-0.000005, 1.000000;;
          }
          Frame Armature_spine_02 {
            FrameTransformMatrix {
               0.965093, 0.160146,-0.207242, 0.000000,
              -0.181937, 0.979124,-0.090635, 0.000000,
               0.188401, 0.125176, 0.974082, 0.000000,
               3.717380,18.816591, 0.840559, 1.000000;;
            }
            Frame Armature_spine_03 {
              FrameTransformMatrix {
                 0.934839, 0.289200,-0.206009, 0.000000,
                -0.323044, 0.933536,-0.155412, 0.000000,
                 0.147371, 0.211835, 0.966130, 0.000000,
                 0.385998,13.412002, 0.167314, 1.000000;;
              }
              Frame Armature_clavicle_l {
                FrameTransformMatrix {
                   0.787606, 0.156156,-0.596064, 0.000000,
                   0.604027,-0.004491, 0.796952, 0.000000,
                   0.121772,-0.987722,-0.097860, 0.000000,
                  -2.732096,11.883684, 3.781978, 1.000000;;
                }
                Frame Armature_upperarm_l {
                  FrameTransformMatrix {
                    -0.795004, 0.526513, 0.301253, 0.000000,
                    -0.585575,-0.795746,-0.154567, 0.000000,
                     0.158340,-0.299287, 0.940933, 0.000000,
                    -0.000002,15.784851, 0.000011, 1.000000;;
                  }
                  Frame Armature_lowerarm_l {
                    FrameTransformMatrix {
                      -0.001377, 0.999504, 0.031446, 0.000000,
                      -0.999619,-0.002242, 0.027501, 0.000000,
                       0.027558,-0.031396, 0.999127, 0.000000,
                       0.000012,30.339933,-0.000047, 1.000000;;
                    }
                    Frame Armature_hand_l {
                      FrameTransformMatrix {
                         0.456760, 0.513338, 0.726536, 0.000000,
                        -0.453985, 0.836861,-0.305878, 0.000000,
                        -0.765028,-0.190123, 0.615292, 0.000000,
                        -0.000007,26.975153, 0.000000, 1.000000;;
                      }
                      Frame Armature_index_01_l {
                        FrameTransformMatrix {
                           0.961459, 0.149640,-0.230662, 0.000000,
                          -0.116129, 0.981435, 0.152643, 0.000000,
                           0.249221,-0.119973, 0.960987, 0.000000,
                           1.763466,12.068116, 2.109407, 1.000000;;
                        }
                        Frame Armature_index_02_l {
                          FrameTransformMatrix {
                             0.999904, 0.011484,-0.007704, 0.000000,
                            -0.010632, 0.994653, 0.102726, 0.000000,
                             0.008843,-0.102634, 0.994680, 0.000000,
                             0.000005, 4.287494,-0.000002, 1.000000;;
                          }
                          Frame Armature_index_03_l {
                            FrameTransformMatrix {
                               0.960877, 0.276220,-0.020466, 0.000000,
                              -0.276157, 0.961095, 0.005884, 0.000000,
                               0.021295,-0.000002, 0.999774, 0.000000,
                               0.000005, 3.393783, 0.000004, 1.000000;;
                            }
                          } // End of Armature_index_03_l
                        } // End of Armature_index_02_l
                      } // End of Armature_index_01_l
                      Frame Armature_middle_01_l {
                        FrameTransformMatrix {
                           0.985845,-0.146644,-0.081269, 0.000000,
                           0.131176, 0.976529,-0.170831, 0.000000,
                           0.104413, 0.157753, 0.981943, 0.000000,
                           1.293642,12.244289,-0.571155, 1.000000;;
                        }
                        Frame Armature_middle_02_l {
                          FrameTransformMatrix {
                             0.989983,-0.134150, 0.044009, 0.000000,
                             0.130072, 0.987837, 0.085201, 0.000000,
                            -0.054904,-0.078623, 0.995391, 0.000000,
                            -0.000008, 4.640377, 0.000001, 1.000000;;
                          }
                          Frame Armature_middle_03_l {
                            FrameTransformMatrix {
                               0.971318, 0.237762,-0.003182, 0.000000,
                              -0.237760, 0.971323, 0.000782, 0.000000,
                               0.003277,-0.000003, 0.999995, 0.000000,
                               0.000002, 3.648840, 0.000004, 1.000000;;
                            }
                          } // End of Armature_middle_03_l
                        } // End of Armature_middle_02_l
                      } // End of Armature_middle_01_l
                      Frame Armature_pinky_01_l {
                        FrameTransformMatrix {
                           0.925457,-0.265692, 0.270067, 0.000000,
                           0.357476, 0.848472,-0.390264, 0.000000,
                          -0.125454, 0.457715, 0.880203, 0.000000,
                           2.263142,10.140672,-4.643151, 1.000000;;
                        }
                        Frame Armature_pinky_02_l {
                          FrameTransformMatrix {
                             0.944535,-0.325709,-0.042030, 0.000000,
                             0.325886, 0.945405,-0.002766, 0.000000,
                             0.040637,-0.011084, 0.999112, 0.000000,
                             0.000013, 3.570979,-0.000002, 1.000000;;
                          }
                          Frame Armature_pinky_03_l {
                            FrameTransformMatrix {
                               0.998212,-0.059348,-0.007151, 0.000000,
                               0.059347, 0.998237,-0.000414, 0.000000,
                               0.007163,-0.000011, 0.999974, 0.000000,
                               0.000022, 2.985632, 0.000000, 1.000000;;
                            }
                          } // End of Armature_pinky_03_l
                        } // End of Armature_pinky_02_l
                      } // End of Armature_pinky_01_l
                      Frame Armature_ring_01_l {
                        FrameTransformMatrix {
                           0.926520,-0.306623, 0.218044, 0.000000,
                           0.362190, 0.883784,-0.296215, 0.000000,
                          -0.101878, 0.353422, 0.929900, 0.000000,
                           1.753526,11.497889,-2.846915, 1.000000;;
                        }
                        Frame Armature_ring_02_l {
                          FrameTransformMatrix {
                             0.987592, 0.156824,-0.008263, 0.000000,
                            -0.156740, 0.987590, 0.009947, 0.000000,
                             0.009721,-0.008528, 0.999916, 0.000000,
                             0.000024, 4.430179, 0.000001, 1.000000;;
                          }
                          Frame Armature_ring_03_l {
                            FrameTransformMatrix {
                               0.956213, 0.292673, 0.000385, 0.000000,
                              -0.292673, 0.956213,-0.000109, 0.000000,
                              -0.000400,-0.000008, 1.000000, 0.000000,
                              -0.000005, 3.476661,-0.000001, 1.000000;;
                            }
                          } // End of Armature_ring_03_l
                        } // End of Armature_ring_02_l
                      } // End of Armature_ring_01_l
                      Frame Armature_thumb_01_l {
                        FrameTransformMatrix {
                          -0.015639, 0.474610,-0.880058, 0.000000,
                           0.674899, 0.654427, 0.340935, 0.000000,
                           0.737744,-0.588618,-0.330548, 0.000000,
                           2.374989, 4.762038, 2.537826, 1.000000;;
                        }
                        Frame Armature_thumb_02_l {
                          FrameTransformMatrix {
                             0.991297, 0.131043,-0.012542, 0.000000,
                            -0.129173, 0.986647, 0.099207, 0.000000,
                             0.025375,-0.096724, 0.994988, 0.000000,
                             0.000002, 3.869672,-0.000002, 1.000000;;
                          }
                          Frame Armature_thumb_03_l {
                            FrameTransformMatrix {
                               0.974354, 0.222167,-0.035721, 0.000000,
                              -0.216382, 0.968632, 0.122193, 0.000000,
                               0.061747,-0.111330, 0.991863, 0.000000,
                               0.000006, 4.062175,-0.000011, 1.000000;;
                            }
                          } // End of Armature_thumb_03_l
                        } // End of Armature_thumb_02_l
                      } // End of Armature_thumb_01_l
                    } // End of Armature_hand_l
                    Frame Armature_lowerarm_twist_01_l {
                      FrameTransformMatrix {
                         0.964728, 0.000000,-0.263248, 0.000000,
                        -0.000000, 1.000000, 0.000000, 0.000000,
                         0.263248,-0.000000, 0.964728, 0.000000,
                        -0.000001,13.999998, 0.000000, 1.000000;;
                      }
                    } // End of Armature_lowerarm_twist_01_l
                  } // End of Armature_lowerarm_l
                  Frame Armature_upperarm_twist_01_l {
                    FrameTransformMatrix {
                       0.709944,-0.000003,-0.704258, 0.000000,
                       0.000001, 1.000000,-0.000003, 0.000000,
                       0.704258, 0.000002, 0.709944, 0.000000,
                      -0.000009, 0.499996, 0.000050, 1.000000;;
                    }
                  } // End of Armature_upperarm_twist_01_l
                } // End of Armature_upperarm_l
              } // End of Armature_clavicle_l
              Frame Armature_clavicle_r {
                FrameTransformMatrix {
                  -0.784002,-0.179571,-0.594218, 0.000000,
                   0.620384,-0.259870,-0.739994, 0.000000,
                  -0.021538,-0.948800, 0.315142, 0.000000,
                  -2.732109,11.883780,-3.782016, 1.000000;;
                }
                Frame Armature_upperarm_r {
                  FrameTransformMatrix {
                    -0.121630,-0.287790,-0.949938, 0.000000,
                     0.847760,-0.527885, 0.051379, 0.000000,
                    -0.516245,-0.799071, 0.308184, 0.000000,
                    -0.000036,15.784744, 0.000089, 1.000000;;
                  }
                  Frame Armature_lowerarm_r {
                    FrameTransformMatrix {
                       0.882128,-0.451602,-0.133815, 0.000000,
                       0.451309, 0.891710,-0.034265, 0.000000,
                       0.134798,-0.030166, 0.990414, 0.000000,
                       0.000000,30.340050,-0.000010, 1.000000;;
                    }
                    Frame Armature_hand_r {
                      FrameTransformMatrix {
                        -0.501757,-0.126820,-0.855662, 0.000000,
                        -0.549440, 0.810741, 0.202028, 0.000000,
                         0.668099, 0.571504,-0.476474, 0.000000,
                        -0.000017,26.975245,-0.000000, 1.000000;;
                      }
                      Frame Armature_index_01_r {
                        FrameTransformMatrix {
                           0.680581, 0.711085, 0.176543, 0.000000,
                          -0.685834, 0.703072,-0.187937, 0.000000,
                          -0.257762, 0.006827, 0.966184, 0.000000,
                          -1.763748,12.067946, 2.109437, 1.000000;;
                        }
                        Frame Armature_index_02_r {
                          FrameTransformMatrix {
                            -0.096419, 0.990319, 0.099860, 0.000000,
                            -0.995296,-0.094970,-0.019174, 0.000000,
                            -0.009505,-0.101239, 0.994817, 0.000000,
                             0.000085, 4.287678,-0.000069, 1.000000;;
                          }
                          Frame Armature_index_03_r {
                            FrameTransformMatrix {
                               0.666915, 0.744998, 0.014205, 0.000000,
                              -0.744829, 0.667067,-0.015867, 0.000000,
                              -0.021296, 0.000002, 0.999773, 0.000000,
                               0.000117, 3.393800,-0.000009, 1.000000;;
                            }
                          } // End of Armature_index_03_r
                        } // End of Armature_index_02_r
                      } // End of Armature_index_01_r
                      Frame Armature_middle_01_r {
                        FrameTransformMatrix {
                           0.441930, 0.896672,-0.026033, 0.000000,
                          -0.895749, 0.439541,-0.066612, 0.000000,
                          -0.048286, 0.052757, 0.997439, 0.000000,
                          -1.293752,12.244122,-0.571121, 1.000000;;
                        }
                        Frame Armature_middle_02_r {
                          FrameTransformMatrix {
                             0.178866, 0.979905, 0.088287, 0.000000,
                            -0.981563, 0.171579, 0.084234, 0.000000,
                             0.067393,-0.101725, 0.992527, 0.000000,
                            -0.000154, 4.640571, 0.000005, 1.000000;;
                          }
                          Frame Armature_middle_03_r {
                            FrameTransformMatrix {
                               0.131022, 0.991379, 0.000429, 0.000000,
                              -0.991374, 0.131023,-0.003246, 0.000000,
                              -0.003274, 0.000000, 0.999995, 0.000000,
                               0.000005, 3.648922, 0.000001, 1.000000;;
                            }
                          } // End of Armature_middle_03_r
                        } // End of Armature_middle_02_r
                      } // End of Armature_middle_01_r
                      Frame Armature_pinky_01_r {
                        FrameTransformMatrix {
                           0.827082, 0.473667,-0.302614, 0.000000,
                          -0.535493, 0.827640,-0.168104, 0.000000,
                           0.170830, 0.301084, 0.938171, 0.000000,
                          -2.263394,10.140593,-4.643085, 1.000000;;
                        }
                        Frame Armature_pinky_02_r {
                          FrameTransformMatrix {
                             0.135751, 0.989590, 0.047784, 0.000000,
                            -0.990284, 0.136998,-0.023855, 0.000000,
                            -0.030153,-0.044081, 0.998573, 0.000000,
                             0.000012, 3.571062, 0.000005, 1.000000;;
                          }
                          Frame Armature_pinky_03_r {
                            FrameTransformMatrix {
                              -0.138518, 0.990359,-0.000984, 0.000000,
                              -0.990334,-0.138522,-0.007042, 0.000000,
                              -0.007111,-0.000001, 0.999975, 0.000000,
                               0.000312, 2.985495,-0.000037, 1.000000;;
                            }
                          } // End of Armature_pinky_03_r
                        } // End of Armature_pinky_02_r
                      } // End of Armature_pinky_01_r
                      Frame Armature_ring_01_r {
                        FrameTransformMatrix {
                           0.488693, 0.835028,-0.252801, 0.000000,
                          -0.863051, 0.505116, 0.000075, 0.000000,
                           0.127757, 0.218143, 0.967518, 0.000000,
                          -1.753791,11.497983,-2.846905, 1.000000;;
                        }
                        Frame Armature_ring_02_r {
                          FrameTransformMatrix {
                            -0.098081, 0.994968, 0.020482, 0.000000,
                            -0.995158,-0.097925,-0.008493, 0.000000,
                            -0.006445,-0.021216, 0.999754, 0.000000,
                            -0.000007, 4.429881, 0.000001, 1.000000;;
                          }
                          Frame Armature_ring_03_r {
                            FrameTransformMatrix {
                               0.264064, 0.964505,-0.000106, 0.000000,
                              -0.964505, 0.264064, 0.000406, 0.000000,
                               0.000420,-0.000005, 1.000000, 0.000000,
                               0.000075, 3.476577,-0.000007, 1.000000;;
                            }
                          } // End of Armature_ring_03_r
                        } // End of Armature_ring_02_r
                      } // End of Armature_ring_01_r
                      Frame Armature_thumb_01_r {
                        FrameTransformMatrix {
                           0.166767,-0.399673, 0.901360, 0.000000,
                          -0.684860, 0.610703, 0.397503, 0.000000,
                          -0.709334,-0.683596,-0.171876, 0.000000,
                          -2.375124, 4.762125, 2.537810, 1.000000;;
                        }
                        Frame Armature_thumb_02_r {
                          FrameTransformMatrix {
                             0.809495, 0.587037, 0.010215, 0.000000,
                            -0.587123, 0.809316, 0.017119, 0.000000,
                             0.001782,-0.019855, 0.999801, 0.000000,
                             0.000111, 3.869563, 0.000046, 1.000000;;
                          }
                          Frame Armature_thumb_03_r {
                            FrameTransformMatrix {
                               0.696233, 0.717189, 0.029995, 0.000000,
                              -0.716524, 0.696879,-0.030866, 0.000000,
                              -0.043040,-0.000002, 0.999073, 0.000000,
                              -0.000006, 4.062186,-0.000001, 1.000000;;
                            }
                          } // End of Armature_thumb_03_r
                        } // End of Armature_thumb_02_r
                      } // End of Armature_thumb_01_r
                      Frame Armature_weapon_r {
                        FrameTransformMatrix {
                          -0.005470,-0.000002,-0.999985, 0.000000,
                          -0.000001,-1.000000, 0.000002, 0.000000,
                          -0.999985, 0.000001, 0.005470, 0.000000,
                          -4.666995,11.309011,-1.093000, 1.000000;;
                        }
                      } // End of Armature_weapon_r
                    } // End of Armature_hand_r
                    Frame Armature_lowerarm_twist_01_r {
                      FrameTransformMatrix {
                         0.846930, 0.000000,-0.531704, 0.000000,
                        -0.000000, 1.000000,-0.000000, 0.000000,
                         0.531704, 0.000000, 0.846930, 0.000000,
                         0.000010,14.000006, 0.000002, 1.000000;;
                      }
                    } // End of Armature_lowerarm_twist_01_r
                  } // End of Armature_lowerarm_r
                  Frame Armature_upperarm_twist_01_r {
                    FrameTransformMatrix {
                       0.584651, 0.000000, 0.811285, 0.000000,
                       0.000000, 1.000000,-0.000000, 0.000000,
                      -0.811285, 0.000000, 0.584651, 0.000000,
                       0.000003, 0.499994, 0.000005, 1.000000;;
                    }
                  } // End of Armature_upperarm_twist_01_r
                } // End of Armature_upperarm_r
              } // End of Armature_clavicle_r
              Frame Armature_neck_01 {
                FrameTransformMatrix {
                   0.654404, 0.255022, 0.711843, 0.000000,
                  -0.059108, 0.955782,-0.288076, 0.000000,
                  -0.753832, 0.146443, 0.640541, 0.000000,
                  -0.355318,16.558779,-0.000014, 1.000000;;
                }
                Frame Armature_head {
                  FrameTransformMatrix {
                     0.766864,-0.508532, 0.391554, 0.000000,
                     0.605853, 0.774911,-0.180154, 0.000000,
                    -0.211805, 0.375378, 0.902347, 0.000000,
                     0.364161, 9.283613, 0.000008, 1.000000;;
                  }
                } // End of Armature_head
              } // End of Armature_neck_01
            } // End of Armature_spine_03
          } // End of Armature_spine_02
        } // End of Armature_spine_01
        Frame Armature_sword_holder {
          FrameTransformMatrix {
            -0.909314, 0.370363, 0.189678, 0.000000,
            -0.355306,-0.928335, 0.109325, 0.000000,
             0.216575, 0.032017, 0.975741, 0.000000,
            13.980001,19.493004,16.300999, 1.000000;;
          }
        } // End of Armature_sword_holder
        Frame Armature_thigh_l {
          FrameTransformMatrix {
            -0.925477,-0.153454,-0.346329, 0.000000,
            -0.241425, 0.943470, 0.227109, 0.000000,
             0.291900, 0.293797,-0.910208, 0.000000,
            -1.448832, 0.531423, 9.005806, 1.000000;;
          }
          Frame Armature_calf_l {
            FrameTransformMatrix {
              -0.754733,-0.637382, 0.155312, 0.000000,
               0.631163,-0.770047,-0.093067, 0.000000,
               0.178917, 0.027786, 0.983472, 0.000000,
              -0.367961,42.439651, 0.053259, 1.000000;;
            }
            Frame Armature_calf_twist_01_l {
              FrameTransformMatrix {
                 0.999350,-0.015352,-0.032613, 0.000000,
                 0.015235, 0.999877,-0.003824, 0.000000,
                 0.032667, 0.003324, 0.999461, 0.000000,
                -0.000002,20.476778, 0.000005, 1.000000;;
              }
            } // End of Armature_calf_twist_01_l
            Frame Armature_foot_l {
              FrameTransformMatrix {
                -0.592269,-0.805685, 0.009461, 0.000000,
                -0.793156, 0.585045, 0.169189, 0.000000,
                -0.141848, 0.092701,-0.985538, 0.000000,
                 0.000829,40.196400,-0.000108, 1.000000;;
              }
              Frame Armature_ball_l {
                FrameTransformMatrix {
                   0.024622, 0.999697, 0.000151, 0.000000,
                  -0.999697, 0.024622, 0.000077, 0.000000,
                   0.000073,-0.000153, 1.000000, 0.000000,
                  -10.453835,16.577862,-0.080162, 1.000000;;
                }
              } // End of Armature_ball_l
            } // End of Armature_foot_l
          } // End of Armature_calf_l
          Frame Armature_thigh_twist_01_l {
            FrameTransformMatrix {
               0.855807,-0.000843,-0.517295, 0.000000,
               0.000983, 1.000000,-0.000003, 0.000000,
               0.517294,-0.000506, 0.855807, 0.000000,
              -0.000005,22.094236, 0.000002, 1.000000;;
            }
          } // End of Armature_thigh_twist_01_l
        } // End of Armature_thigh_l
        Frame Armature_thigh_r {
          FrameTransformMatrix {
             0.228919, 0.867369,-0.441891, 0.000000,
            -0.630211,-0.213920,-0.746373, 0.000000,
            -0.741910, 0.449343, 0.497655, 0.000000,
            -1.448637, 0.531428,-9.005810, 1.000000;;
          }
          Frame Armature_calf_r {
            FrameTransformMatrix {
               0.197338, 0.979960,-0.027134, 0.000000,
              -0.974762, 0.193193,-0.111877, 0.000000,
              -0.104393, 0.048527, 0.993351, 0.000000,
               0.143895,42.350201, 0.022865, 1.000000;;
            }
            Frame Armature_calf_twist_01_r {
              FrameTransformMatrix {
                 0.999016, 0.015063,-0.041720, 0.000000,
                -0.015235, 0.999877,-0.003825, 0.000000,
                 0.041657, 0.004456, 0.999122, 0.000000,
                 0.000001,20.476912, 0.000000, 1.000000;;
              }
            } // End of Armature_calf_twist_01_r
            Frame Armature_foot_r {
              FrameTransformMatrix {
                -0.600464, 0.783115,-0.161783, 0.000000,
                 0.791074, 0.611293, 0.022878, 0.000000,
                 0.116813,-0.114245,-0.986561, 0.000000,
                -0.000850,40.196484,-0.000267, 1.000000;;
              }
              Frame Armature_ball_r {
                FrameTransformMatrix {
                  -0.002068,-0.999998,-0.000153, 0.000000,
                   0.999998,-0.002068, 0.000076, 0.000000,
                  -0.000076,-0.000153, 1.000000, 0.000000,
                  10.453813,16.577797,-0.080130, 1.000000;;
                }
              } // End of Armature_ball_r
            } // End of Armature_foot_r
          } // End of Armature_calf_r
          Frame Armature_thigh_twist_01_r {
            FrameTransformMatrix {
               0.839667, 0.000827, 0.543101, 0.000000,
              -0.000983, 1.000000,-0.000003, 0.000000,
              -0.543101,-0.000531, 0.839667, 0.000000,
              -0.000004,22.094240,-0.000002, 1.000000;;
            }
          } // End of Armature_thigh_twist_01_r
        } // End of Armature_thigh_r
      } // End of Armature_pelvis
    } // End of Armature_root
  } // End of Armature
} // End of Root
AnimationSet Global {
  Animation {
    {Armature}
    AnimationKey { // Rotation
      0;
      30;
      0;4;-0.707107, 0.707107, 0.000000, 0.000000;;,
      1;4;-0.707107, 0.707107, 0.000000, 0.000000;;,
      2;4;-0.707107, 0.707107, 0.000000, 0.000000;;,
      3;4;-0.707107, 0.707107, 0.000000, 0.000000;;,
      4;4;-0.707107, 0.707107, 0.000000, 0.000000;;,
      5;4;-0.707107, 0.707107, 0.000000, 0.000000;;,
      6;4;-0.707107, 0.707107, 0.000000, 0.000000;;,
      7;4;-0.707107, 0.707107, 0.000000, 0.000000;;,
      8;4;-0.707107, 0.707107, 0.000000, 0.000000;;,
      9;4;-0.707107, 0.707107, 0.000000, 0.000000;;,
      10;4;-0.707107, 0.707107, 0.000000, 0.000000;;,
      11;4;-0.707107, 0.707107, 0.000000, 0.000000;;,
      12;4;-0.707107, 0.707107, 0.000000, 0.000000;;,
      13;4;-0.707107, 0.707107, 0.000000, 0.000000;;,
      14;4;-0.707107, 0.707107, 0.000000, 0.000000;;,
      15;4;-0.707107, 0.707107, 0.000000, 0.000000;;,
      16;4;-0.707107, 0.707107, 0.000000, 0.000000;;,
      17;4;-0.707107, 0.707107, 0.000000, 0.000000;;,
      18;4;-0.707107, 0.707107, 0.000000, 0.000000;;,
      19;4;-0.707107, 0.707107, 0.000000, 0.000000;;,
      20;4;-0.707107, 0.707107, 0.000000, 0.000000;;,
      21;4;-0.707107, 0.707107, 0.000000, 0.000000;;,
      22;4;-0.707107, 0.707107, 0.000000, 0.000000;;,
      23;4;-0.707107, 0.707107, 0.000000, 0.000000;;,
      24;4;-0.707107, 0.707107, 0.000000, 0.000000;;,
      25;4;-0.707107, 0.707107, 0.000000, 0.000000;;,
      26;4;-0.707107, 0.707107, 0.000000, 0.000000;;,
      27;4;-0.707107, 0.707107, 0.000000, 0.000000;;,
      28;4;-0.707107, 0.707107, 0.000000, 0.000000;;,
      29;4;-0.707107, 0.707107, 0.000000, 0.000000;;;
    }
    AnimationKey { // Scale
      1;
      30;
      0;3; 0.010000, 0.010000, 0.010000;;,
      1;3; 0.010000, 0.010000, 0.010000;;,
      2;3; 0.010000, 0.010000, 0.010000;;,
      3;3; 0.010000, 0.010000, 0.010000;;,
      4;3; 0.010000, 0.010000, 0.010000;;,
      5;3; 0.010000, 0.010000, 0.010000;;,
      6;3; 0.010000, 0.010000, 0.010000;;,
      7;3; 0.010000, 0.010000, 0.010000;;,
      8;3; 0.010000, 0.010000, 0.010000;;,
      9;3; 0.010000, 0.010000, 0.010000;;,
      10;3; 0.010000, 0.010000, 0.010000;;,
      11;3; 0.010000, 0.010000, 0.010000;;,
      12;3; 0.010000, 0.010000, 0.010000;;,
      13;3; 0.010000, 0.010000, 0.010000;;,
      14;3; 0.010000, 0.010000, 0.010000;;,
      15;3; 0.010000, 0.010000, 0.010000;;,
      16;3; 0.010000, 0.010000, 0.010000;;,
      17;3; 0.010000, 0.010000, 0.010000;;,
      18;3; 0.010000, 0.010000, 0.010000;;,
      19;3; 0.010000, 0.010000, 0.010000;;,
      20;3; 0.010000, 0.010000, 0.010000;;,
      21;3; 0.010000, 0.010000, 0.010000;;,
      22;3; 0.010000, 0.010000, 0.010000;;,
      23;3; 0.010000, 0.010000, 0.010000;;,
      24;3; 0.010000, 0.010000, 0.010000;;,
      25;3; 0.010000, 0.010000, 0.010000;;,
      26;3; 0.010000, 0.010000, 0.010000;;,
      27;3; 0.010000, 0.010000, 0.010000;;,
      28;3; 0.010000, 0.010000, 0.010000;;,
      29;3; 0.010000, 0.010000, 0.010000;;;
    }
    AnimationKey { // Position
      2;
      30;
      0;3; 0.000000, 0.000000, 0.000000;;,
      1;3; 0.000000, 0.000000, 0.000000;;,
      2;3; 0.000000, 0.000000, 0.000000;;,
      3;3; 0.000000, 0.000000, 0.000000;;,
      4;3; 0.000000, 0.000000, 0.000000;;,
      5;3; 0.000000, 0.000000, 0.000000;;,
      6;3; 0.000000, 0.000000, 0.000000;;,
      7;3; 0.000000, 0.000000, 0.000000;;,
      8;3; 0.000000, 0.000000, 0.000000;;,
      9;3; 0.000000, 0.000000, 0.000000;;,
      10;3; 0.000000, 0.000000, 0.000000;;,
      11;3; 0.000000, 0.000000, 0.000000;;,
      12;3; 0.000000, 0.000000, 0.000000;;,
      13;3; 0.000000, 0.000000, 0.000000;;,
      14;3; 0.000000, 0.000000, 0.000000;;,
      15;3; 0.000000, 0.000000, 0.000000;;,
      16;3; 0.000000, 0.000000, 0.000000;;,
      17;3; 0.000000, 0.000000, 0.000000;;,
      18;3; 0.000000, 0.000000, 0.000000;;,
      19;3; 0.000000, 0.000000, 0.000000;;,
      20;3; 0.000000, 0.000000, 0.000000;;,
      21;3; 0.000000, 0.000000, 0.000000;;,
      22;3; 0.000000, 0.000000, 0.000000;;,
      23;3; 0.000000, 0.000000, 0.000000;;,
      24;3; 0.000000, 0.000000, 0.000000;;,
      25;3; 0.000000, 0.000000, 0.000000;;,
      26;3; 0.000000, 0.000000, 0.000000;;,
      27;3; 0.000000, 0.000000, 0.000000;;,
      28;3; 0.000000, 0.000000, 0.000000;;,
      29;3; 0.000000, 0.000000, 0.000000;;;
    }
  }
  Animation {
    {Armature_root}
    AnimationKey { // Rotation
      0;
      30;
      0;4;-1.000000,-0.000000, 0.000000, 0.000000;;,
      1;4;-1.000000,-0.000000, 0.000000, 0.000000;;,
      2;4;-1.000000,-0.000000, 0.000000, 0.000000;;,
      3;4;-1.000000,-0.000000, 0.000000, 0.000000;;,
      4;4;-1.000000,-0.000000, 0.000000, 0.000000;;,
      5;4;-1.000000,-0.000000, 0.000000, 0.000000;;,
      6;4;-1.000000,-0.000000, 0.000000, 0.000000;;,
      7;4;-1.000000,-0.000000, 0.000000, 0.000000;;,
      8;4;-1.000000,-0.000000, 0.000000, 0.000000;;,
      9;4;-1.000000,-0.000000, 0.000000, 0.000000;;,
      10;4;-1.000000,-0.000000, 0.000000, 0.000000;;,
      11;4;-1.000000,-0.000000, 0.000000, 0.000000;;,
      12;4;-1.000000,-0.000000, 0.000000, 0.000000;;,
      13;4;-1.000000,-0.000000, 0.000000, 0.000000;;,
      14;4;-1.000000,-0.000000, 0.000000, 0.000000;;,
      15;4;-1.000000,-0.000000, 0.000000, 0.000000;;,
      16;4;-1.000000,-0.000000, 0.000000, 0.000000;;,
      17;4;-1.000000,-0.000000, 0.000000, 0.000000;;,
      18;4;-1.000000,-0.000000, 0.000000, 0.000000;;,
      19;4;-1.000000,-0.000000, 0.000000, 0.000000;;,
      20;4;-1.000000,-0.000000, 0.000000, 0.000000;;,
      21;4;-1.000000,-0.000000, 0.000000, 0.000000;;,
      22;4;-1.000000,-0.000000, 0.000000, 0.000000;;,
      23;4;-1.000000,-0.000000, 0.000000, 0.000000;;,
      24;4;-1.000000,-0.000000, 0.000000, 0.000000;;,
      25;4;-1.000000,-0.000000, 0.000000, 0.000000;;,
      26;4;-1.000000,-0.000000, 0.000000, 0.000000;;,
      27;4;-1.000000,-0.000000, 0.000000, 0.000000;;,
      28;4;-1.000000,-0.000000, 0.000000, 0.000000;;,
      29;4;-1.000000,-0.000000, 0.000000, 0.000000;;;
    }
    AnimationKey { // Scale
      1;
      30;
      0;3; 1.000000, 1.000000, 1.000000;;,
      1;3; 1.000000, 1.000000, 1.000000;;,
      2;3; 1.000000, 1.000000, 1.000000;;,
      3;3; 1.000000, 1.000000, 1.000000;;,
      4;3; 1.000000, 1.000000, 1.000000;;,
      5;3; 1.000000, 1.000000, 1.000000;;,
      6;3; 1.000000, 1.000000, 1.000000;;,
      7;3; 1.000000, 1.000000, 1.000000;;,
      8;3; 1.000000, 1.000000, 1.000000;;,
      9;3; 1.000000, 1.000000, 1.000000;;,
      10;3; 1.000000, 1.000000, 1.000000;;,
      11;3; 1.000000, 1.000000, 1.000000;;,
      12;3; 1.000000, 1.000000, 1.000000;;,
      13;3; 1.000000, 1.000000, 1.000000;;,
      14;3; 1.000000, 1.000000, 1.000000;;,
      15;3; 1.000000, 1.000000, 1.000000;;,
      16;3; 1.000000, 1.000000, 1.000000;;,
      17;3; 1.000000, 1.000000, 1.000000;;,
      18;3; 1.000000, 1.000000, 1.000000;;,
      19;3; 1.000000, 1.000000, 1.000000;;,
      20;3; 1.000000, 1.000000, 1.000000;;,
      21;3; 1.000000, 1.000000, 1.000000;;,
      22;3; 1.000000, 1.000000, 1.000000;;,
      23;3; 1.000000, 1.000000, 1.000000;;,
      24;3; 1.000000, 1.000000, 1.000000;;,
      25;3; 1.000000, 1.000000, 1.000000;;,
      26;3; 1.000000, 1.000000, 1.000000;;,
      27;3; 1.000000, 1.000000, 1.000000;;,
      28;3; 1.000000, 1.000000, 1.000000;;,
      29;3; 1.000000, 1.000000, 1.000000;;;
    }
    AnimationKey { // Position
      2;
      30;
      0;3; 0.000000, 0.000000, 0.000000;;,
      1;3; 0.000000, 0.000000, 0.000000;;,
      2;3; 0.000000, 0.000000, 0.000000;;,
      3;3; 0.000000, 0.000000, 0.000000;;,
      4;3; 0.000000, 0.000000, 0.000000;;,
      5;3; 0.000000, 0.000000, 0.000000;;,
      6;3; 0.000000, 0.000000, 0.000000;;,
      7;3; 0.000000, 0.000000, 0.000000;;,
      8;3; 0.000000, 0.000000, 0.000000;;,
      9;3; 0.000000, 0.000000, 0.000000;;,
      10;3; 0.000000, 0.000000, 0.000000;;,
      11;3; 0.000000, 0.000000, 0.000000;;,
      12;3; 0.000000, 0.000000, 0.000000;;,
      13;3; 0.000000, 0.000000, 0.000000;;,
      14;3; 0.000000, 0.000000, 0.000000;;,
      15;3; 0.000000, 0.000000, 0.000000;;,
      16;3; 0.000000, 0.000000, 0.000000;;,
      17;3; 0.000000, 0.000000, 0.000000;;,
      18;3; 0.000000, 0.000000, 0.000000;;,
      19;3; 0.000000, 0.000000, 0.000000;;,
      20;3; 0.000000, 0.000000, 0.000000;;,
      21;3; 0.000000, 0.000000, 0.000000;;,
      22;3; 0.000000, 0.000000, 0.000000;;,
      23;3; 0.000000, 0.000000, 0.000000;;,
      24;3; 0.000000, 0.000000, 0.000000;;,
      25;3; 0.000000, 0.000000, 0.000000;;,
      26;3; 0.000000, 0.000000, 0.000000;;,
      27;3; 0.000000, 0.000000, 0.000000;;,
      28;3; 0.000000, 0.000000, 0.000000;;,
      29;3; 0.000000, 0.000000, 0.000000;;;
    }
  }
  Animation {
    {Armature_pelvis}
    AnimationKey { // Rotation
      0;
      30;
      0;4;-0.254285, 0.433670, 0.671788, 0.544032;;,
      1;4;-0.262388, 0.429211, 0.671680, 0.543853;;,
      2;4;-0.272505, 0.423182, 0.672101, 0.543082;;,
      3;4;-0.284332, 0.415941, 0.672875, 0.541653;;,
      4;4;-0.297556, 0.407847, 0.673833, 0.539509;;,
      5;4;-0.311858, 0.399260, 0.674820, 0.536613;;,
      6;4;-0.326908, 0.390529, 0.675708, 0.532950;;,
      7;4;-0.342364, 0.381989, 0.676400, 0.528539;;,
      8;4;-0.357870, 0.373954, 0.676837, 0.523430;;,
      9;4;-0.373062, 0.366712, 0.677001, 0.517704;;,
      10;4;-0.387567, 0.360521, 0.676916, 0.511469;;,
      11;4;-0.401008, 0.355608, 0.676650, 0.504857;;,
      12;4;-0.414762, 0.350897, 0.675902, 0.497997;;,
      13;4;-0.430247, 0.345367, 0.674242, 0.490925;;,
      14;4;-0.447140, 0.339287, 0.671594, 0.483644;;,
      15;4;-0.465105, 0.332901, 0.667914, 0.476179;;,
      16;4;-0.483798, 0.326430, 0.663194, 0.468569;;,
      17;4;-0.502876, 0.320063, 0.657471, 0.460877;;,
      18;4;-0.521998, 0.313958, 0.650829, 0.453178;;,
      19;4;-0.540832, 0.308241, 0.643396, 0.445567;;,
      20;4;-0.559059, 0.303006, 0.635349, 0.438146;;,
      21;4;-0.576380, 0.298315, 0.626904, 0.431029;;,
      22;4;-0.592516, 0.294202, 0.618315, 0.424330;;,
      23;4;-0.607210, 0.290677, 0.609867, 0.418168;;,
      24;4;-0.620225, 0.287733, 0.601868, 0.412657;;,
      25;4;-0.631342, 0.285350, 0.594635, 0.407911;;,
      26;4;-0.640354, 0.283503, 0.588494, 0.404040;;,
