xof 0303txt 0032

template XSkinMeshHeader {
  <3cf169ce-ff7c-44ab-93c0-f78f62d172e2>
  WORD nMaxSkinWeightsPerVertex;
  WORD nMaxSkinWeightsPerFace;
  WORD nBones;
}

template SkinWeights {
  <6f0d123b-bad2-4167-a0d0-80224f25fabb>
  STRING transformNodeName;
  DWORD nWeights;
  array DWORD vertexIndices[nWeights];
  array float weights[nWeights];
  Matrix4x4 matrixOffset;
}

Frame Root {
  FrameTransformMatrix {
     1.000000, 0.000000, 0.000000, 0.000000,
     0.000000,-0.000000, 1.000000, 0.000000,
     0.000000, 1.000000, 0.000000, 0.000000,
     0.000000, 0.000000, 0.000000, 1.000000;;
  }
  Frame Armature {
    FrameTransformMatrix {
       0.010000, 0.000000, 0.000000, 0.000000,
       0.000000,-0.000000, 0.010000, 0.000000,
       0.000000,-0.010000,-0.000000, 0.000000,
       0.000000, 0.000000, 0.000000, 1.000000;;
    }
    Frame Armature_root {
      FrameTransformMatrix {
         1.000000, 0.000000, 0.000000, 0.000000,
         0.000000, 1.000000, 0.000000, 0.000000,
         0.000000, 0.000000, 1.000000, 0.000000,
         0.000000, 0.000006, 0.000000, 1.000000;;
      }
      Frame Armature_ik_foot_root {
        FrameTransformMatrix {
           0.000000,-0.000000,-1.000000, 0.000000,
           1.000000, 0.000000, 0.000000, 0.000000,
           0.000000,-1.000000, 0.000000, 0.000000,
           0.000000, 0.000000, 0.000000, 1.000000;;
        }
        Frame Armature_ik_foot_l {
          FrameTransformMatrix {
             0.999695, 0.021556,-0.012043, 0.000000,
            -0.011666,-0.017528,-0.999778, 0.000000,
            -0.021762, 0.999614,-0.017271, 0.000000,
            -13.964248,27.508148,-13.551298, 1.000000;;
          }
        } // End of Armature_ik_foot_l
        Frame Armature_ik_foot_r {
          FrameTransformMatrix {
            -0.262604,-0.964829, 0.012022, 0.000000,
             0.011742, 0.009263, 0.999889, 0.000000,
            -0.964833, 0.262715, 0.008896, 0.000000,
            30.855326,-11.096511,-13.472943, 1.000000;;
          }
        } // End of Armature_ik_foot_r
      } // End of Armature_ik_foot_root
      Frame Armature_ik_hand_root {
        FrameTransformMatrix {
           1.000000, 0.000000, 0.000000, 0.000000,
           0.000000, 1.000000, 0.000000, 0.000000,
           0.000000, 0.000000, 1.000000, 0.000000,
           0.000000, 0.000000, 0.000000, 1.000000;;
        }
        Frame Armature_ik_hand_gun {
          FrameTransformMatrix {
            -0.126619, 0.779956, 0.612891, 0.000000,
             0.609639,-0.426215, 0.668342, 0.000000,
             0.782501, 0.458267,-0.421525, 0.000000,
            -6.648134,92.632187,-44.700100, 1.000000;;
          }
          Frame Armature_ik_hand_l {
            FrameTransformMatrix {
              -0.124007, 0.582037,-0.803651, 0.000000,
               0.911411, 0.387061, 0.139690, 0.000000,
               0.392367,-0.715134,-0.578473, 0.000000,
              35.921623,63.014496,-1.309074, 1.000000;;
            }
          } // End of Armature_ik_hand_l
          Frame Armature_ik_hand_r {
            FrameTransformMatrix {
               1.000000, 0.000001,-0.000000, 0.000000,
              -0.000001, 1.000000,-0.000001, 0.000000,
               0.000000, 0.000001, 1.000000, 0.000000,
               0.000034,-0.000035, 0.000028, 1.000000;;
            }
          } // End of Armature_ik_hand_r
        } // End of Armature_ik_hand_gun
      } // End of Armature_ik_hand_root
      Frame Armature_pelvis {
        FrameTransformMatrix {
           0.218264, 0.968111,-0.122970, 0.000000,
          -0.805956, 0.249872, 0.536655, 0.000000,
           0.550269,-0.018025, 0.834793, 0.000000,
           0.266242,93.183037,-2.139816, 1.000000;;
        }
        Frame Armature_spine_01 {
          FrameTransformMatrix {
             0.099223,-0.994259, 0.040057, 0.000000,
             0.993059, 0.096388,-0.067406, 0.000000,
             0.063158, 0.046467, 0.996921, 0.000000,
            10.808877, 0.851420, 0.000005, 1.000000;;
          }
          Frame Armature_spine_02 {
            FrameTransformMatrix {
               0.969008, 0.243146,-0.043638, 0.000000,
              -0.243327, 0.969944, 0.001189, 0.000000,
               0.042615, 0.009466, 0.999047, 0.000000,
               3.799581,18.803806, 0.197474, 1.000000;;
            }
            Frame Armature_spine_03 {
              FrameTransformMatrix {
                 0.996788, 0.064106,-0.047993, 0.000000,
                -0.060915, 0.996009, 0.065227, 0.000000,
                 0.051983,-0.062094, 0.996716, 0.000000,
                 0.418753,13.412345, 0.040535, 1.000000;;
              }
              Frame Armature_clavicle_l {
                FrameTransformMatrix {
                   0.889723, 0.146061,-0.432503, 0.000000,
                   0.445145,-0.067588, 0.892904, 0.000000,
                   0.101187,-0.986964,-0.125153, 0.000000,
                  -2.732091,11.883696, 3.781986, 1.000000;;
                }
                Frame Armature_upperarm_l {
                  FrameTransformMatrix {
                     0.923156, 0.362570, 0.127774, 0.000000,
                    -0.255817, 0.331291, 0.908187, 0.000000,
                     0.286951,-0.871085, 0.398585, 0.000000,
                    -0.000002,15.784863,-0.000006, 1.000000;;
                  }
                  Frame Armature_lowerarm_l {
                    FrameTransformMatrix {
                       0.897359, 0.441156,-0.011339, 0.000000,
                      -0.440408, 0.896880, 0.040582, 0.000000,
                       0.028073,-0.031423, 0.999112, 0.000000,
                      -0.000002,30.339931, 0.000013, 1.000000;;
                    }
                    Frame Armature_hand_l {
                      FrameTransformMatrix {
                         0.402300, 0.280194, 0.871577, 0.000000,
                        -0.344580, 0.928350,-0.139395, 0.000000,
                        -0.848186,-0.244249, 0.470025, 0.000000,
                        -0.000005,26.975157,-0.000004, 1.000000;;
                      }
                      Frame Armature_index_01_l {
                        FrameTransformMatrix {
                           0.800539,-0.532902,-0.274142, 0.000000,
                           0.545004, 0.837627,-0.036755, 0.000000,
                           0.249216,-0.119984, 0.960987, 0.000000,
                           1.763469,12.068121, 2.109396, 1.000000;;
                        }
                        Frame Armature_index_02_l {
                          FrameTransformMatrix {
                             0.760097,-0.645652,-0.073391, 0.000000,
                             0.649750, 0.756700, 0.072316, 0.000000,
                             0.008843,-0.102653, 0.994678, 0.000000,
                            -0.000002, 4.287495, 0.000001, 1.000000;;
                          }
                          Frame Armature_index_03_l {
                            FrameTransformMatrix {
                               0.905370,-0.424184,-0.019283, 0.000000,
                               0.424088, 0.905576,-0.009033, 0.000000,
                               0.021294, 0.000000, 0.999773, 0.000000,
                              -0.000001, 3.393796, 0.000001, 1.000000;;
                            }
                          } // End of Armature_index_03_l
                        } // End of Armature_index_02_l
                      } // End of Armature_index_01_l
                      Frame Armature_middle_01_l {
                        FrameTransformMatrix {
                           0.656225,-0.752828, 0.051169, 0.000000,
                           0.747305, 0.639031,-0.182137, 0.000000,
                           0.104419, 0.157762, 0.981941, 0.000000,
                           1.293651,12.244286,-0.571164, 1.000000;;
                        }
                        Frame Armature_middle_02_l {
                          FrameTransformMatrix {
                             0.660069,-0.750856,-0.022896, 0.000000,
                             0.749196, 0.655770, 0.093123, 0.000000,
                            -0.054907,-0.078621, 0.995391, 0.000000,
                             0.000001, 4.640370, 0.000002, 1.000000;;
                          }
                          Frame Armature_middle_03_l {
                            FrameTransformMatrix {
                               0.887975,-0.459883,-0.002908, 0.000000,
                               0.459880, 0.887980,-0.001506, 0.000000,
                               0.003275,-0.000000, 0.999995, 0.000000,
                               0.000001, 3.648841,-0.000003, 1.000000;;
                            }
                          } // End of Armature_middle_03_l
                        } // End of Armature_middle_02_l
                      } // End of Armature_middle_01_l
                      Frame Armature_pinky_01_l {
                        FrameTransformMatrix {
                           0.461878,-0.758251, 0.460136, 0.000000,
                           0.878028, 0.464266,-0.116295, 0.000000,
                          -0.125444, 0.457726, 0.880199, 0.000000,
                           2.263159,10.140675,-4.643153, 1.000000;;
                        }
                        Frame Armature_pinky_02_l {
                          FrameTransformMatrix {
                             0.497021,-0.867225,-0.029843, 0.000000,
                             0.866786, 0.497793,-0.029735, 0.000000,
                             0.040642,-0.011088, 0.999112, 0.000000,
                            -0.000004, 3.571004,-0.000000, 1.000000;;
                          }
                          Frame Armature_pinky_03_l {
                            FrameTransformMatrix {
                               0.712793,-0.701356,-0.005108, 0.000000,
                               0.701338, 0.712812,-0.005027, 0.000000,
                               0.007167, 0.000001, 0.999974, 0.000000,
                               0.000005, 2.985625,-0.000003, 1.000000;;
                            }
                          } // End of Armature_pinky_03_l
                        } // End of Armature_pinky_02_l
                      } // End of Armature_pinky_01_l
                      Frame Armature_ring_01_l {
                        FrameTransformMatrix {
                           0.459577,-0.812321, 0.359058, 0.000000,
                           0.882274, 0.463950,-0.079644, 0.000000,
                          -0.101888, 0.353391, 0.929911, 0.000000,
                           1.753522,11.497895,-2.846915, 1.000000;;
                        }
                        Frame Armature_ring_02_l {
                          FrameTransformMatrix {
                             0.846938,-0.531539,-0.012766, 0.000000,
                             0.531603, 0.846991, 0.002061, 0.000000,
                             0.009718,-0.008532, 0.999916, 0.000000,
                            -0.000002, 4.430182,-0.000002, 1.000000;;
                          }
                          Frame Armature_ring_03_l {
                            FrameTransformMatrix {
                               0.912722,-0.408581, 0.000365, 0.000000,
                               0.408581, 0.912722, 0.000162, 0.000000,
                              -0.000399, 0.000001, 1.000000, 0.000000,
                               0.000008, 3.476663, 0.000002, 1.000000;;
                            }
                          } // End of Armature_ring_03_l
                        } // End of Armature_ring_02_l
                      } // End of Armature_ring_01_l
                      Frame Armature_thumb_01_l {
                        FrameTransformMatrix {
                          -0.049884, 0.340784,-0.938818, 0.000000,
                           0.696398, 0.685663, 0.211888, 0.000000,
                           0.715920,-0.643221,-0.271524, 0.000000,
                           2.374981, 4.762043, 2.537819, 1.000000;;
                        }
                        Frame Armature_thumb_02_l {
                          FrameTransformMatrix {
                             0.994917,-0.094572,-0.034578, 0.000000,
                             0.097443, 0.990808, 0.093837, 0.000000,
                             0.025386,-0.096730, 0.994987, 0.000000,
                            -0.000004, 3.869679,-0.000000, 1.000000;;
                          }
                          Frame Armature_thumb_03_l {
                            FrameTransformMatrix {
                               0.993104,-0.092366,-0.072195, 0.000000,
                               0.099652, 0.989482, 0.104857, 0.000000,
                               0.061750,-0.111328, 0.991863, 0.000000,
                               0.000005, 4.062171, 0.000001, 1.000000;;
                            }
                          } // End of Armature_thumb_03_l
                        } // End of Armature_thumb_02_l
                      } // End of Armature_thumb_01_l
                    } // End of Armature_hand_l
                    Frame Armature_lowerarm_twist_01_l {
                      FrameTransformMatrix {
                         0.976179,-0.000000,-0.216966, 0.000000,
                         0.000000, 1.000000, 0.000000, 0.000000,
                         0.216966,-0.000000, 0.976179, 0.000000,
                        -0.000007,13.999998,-0.000010, 1.000000;;
                      }
                    } // End of Armature_lowerarm_twist_01_l
                  } // End of Armature_lowerarm_l
                  Frame Armature_upperarm_twist_01_l {
                    FrameTransformMatrix {
                       0.970777, 0.000000,-0.239984, 0.000000,
                       0.000000, 1.000000, 0.000000, 0.000000,
                       0.239984,-0.000000, 0.970777, 0.000000,
                       0.000005, 0.499992,-0.000001, 1.000000;;
                    }
                  } // End of Armature_upperarm_twist_01_l
                } // End of Armature_upperarm_l
              } // End of Armature_clavicle_l
              Frame Armature_clavicle_r {
                FrameTransformMatrix {
                  -0.945834,-0.129492,-0.297709, 0.000000,
                   0.313345,-0.124216,-0.941481, 0.000000,
                   0.084934,-0.983770, 0.158063, 0.000000,
                  -2.732109,11.883779,-3.782001, 1.000000;;
                }
                Frame Armature_upperarm_r {
                  FrameTransformMatrix {
                     0.994114,-0.013151,-0.107534, 0.000000,
                     0.101722, 0.454798, 0.884766, 0.000000,
                     0.037271,-0.890498, 0.453459, 0.000000,
                    -0.000051,15.784748, 0.000072, 1.000000;;
                  }
                  Frame Armature_lowerarm_r {
                    FrameTransformMatrix {
                       0.984122,-0.111448,-0.138143, 0.000000,
                       0.114541, 0.993311, 0.014622, 0.000000,
                       0.135589,-0.030213, 0.990304, 0.000000,
                      -0.000001,30.340059,-0.000005, 1.000000;;
                    }
                    Frame Armature_hand_r {
                      FrameTransformMatrix {
                         0.414125,-0.103333,-0.904336, 0.000000,
                        -0.273845, 0.933360,-0.232052, 0.000000,
                         0.868049, 0.343746, 0.358230, 0.000000,
                        -0.000003,26.975260,-0.000000, 1.000000;;
                      }
                      Frame Armature_index_01_r {
                        FrameTransformMatrix {
                           0.680579, 0.711086, 0.176545, 0.000000,
                          -0.685835, 0.703072,-0.187937, 0.000000,
                          -0.257763, 0.006826, 0.966184, 0.000000,
                          -1.763750,12.067945, 2.109439, 1.000000;;
                        }
                        Frame Armature_index_02_r {
                          FrameTransformMatrix {
                            -0.096418, 0.990319, 0.099861, 0.000000,
                            -0.995296,-0.094969,-0.019173, 0.000000,
                            -0.009504,-0.101240, 0.994817, 0.000000,
                             0.000085, 4.287688,-0.000070, 1.000000;;
                          }
                          Frame Armature_index_03_r {
                            FrameTransformMatrix {
                               0.666917, 0.744997, 0.014205, 0.000000,
                              -0.744828, 0.667068,-0.015865, 0.000000,
                              -0.021295, 0.000001, 0.999773, 0.000000,
                               0.000121, 3.393800,-0.000014, 1.000000;;
                            }
                          } // End of Armature_index_03_r
                        } // End of Armature_index_02_r
                      } // End of Armature_index_01_r
                      Frame Armature_middle_01_r {
                        FrameTransformMatrix {
                           0.441929, 0.896672,-0.026033, 0.000000,
                          -0.895749, 0.439541,-0.066612, 0.000000,
                          -0.048287, 0.052756, 0.997439, 0.000000,
                          -1.293755,12.244116,-0.571122, 1.000000;;
                        }
                        Frame Armature_middle_02_r {
                          FrameTransformMatrix {
                             0.178865, 0.979905, 0.088286, 0.000000,
                            -0.981563, 0.171578, 0.084234, 0.000000,
                             0.067393,-0.101725, 0.992527, 0.000000,
                            -0.000158, 4.640570, 0.000012, 1.000000;;
                          }
                          Frame Armature_middle_03_r {
                            FrameTransformMatrix {
                               0.131027, 0.991379, 0.000429, 0.000000,
                              -0.991373, 0.131028,-0.003245, 0.000000,
                              -0.003273,-0.000000, 0.999995, 0.000000,
                               0.000034, 3.648905,-0.000003, 1.000000;;
                            }
                          } // End of Armature_middle_03_r
                        } // End of Armature_middle_02_r
                      } // End of Armature_middle_01_r
                      Frame Armature_pinky_01_r {
                        FrameTransformMatrix {
                           0.827081, 0.473667,-0.302614, 0.000000,
                          -0.535493, 0.827640,-0.168105, 0.000000,
                           0.170829, 0.301084, 0.938171, 0.000000,
                          -2.263386,10.140579,-4.643089, 1.000000;;
                        }
                        Frame Armature_pinky_02_r {
                          FrameTransformMatrix {
                             0.135758, 0.989592, 0.047733, 0.000000,
                            -0.990283, 0.137004,-0.023853, 0.000000,
                            -0.030144,-0.044031, 0.998575, 0.000000,
                            -0.000074, 3.571050,-0.000003, 1.000000;;
                          }
                          Frame Armature_pinky_03_r {
                            FrameTransformMatrix {
                              -0.138520, 0.990359,-0.000993, 0.000000,
                              -0.990334,-0.138523,-0.007094, 0.000000,
                              -0.007163, 0.000000, 0.999974, 0.000000,
                               0.000318, 2.985423,-0.000029, 1.000000;;
                            }
                          } // End of Armature_pinky_03_r
                        } // End of Armature_pinky_02_r
                      } // End of Armature_pinky_01_r
                      Frame Armature_ring_01_r {
                        FrameTransformMatrix {
                           0.488692, 0.835028,-0.252800, 0.000000,
                          -0.863052, 0.505115, 0.000075, 0.000000,
                           0.127756, 0.218143, 0.967518, 0.000000,
                          -1.753794,11.497961,-2.846911, 1.000000;;
                        }
                        Frame Armature_ring_02_r {
                          FrameTransformMatrix {
                            -0.098075, 0.994969, 0.020465, 0.000000,
                            -0.995158,-0.097919,-0.008487, 0.000000,
                            -0.006441,-0.021198, 0.999755, 0.000000,
                             0.000084, 4.429867,-0.000015, 1.000000;;
                          }
                          Frame Armature_ring_03_r {
                            FrameTransformMatrix {
                               0.264060, 0.964506,-0.000106, 0.000000,
                              -0.964506, 0.264060, 0.000387, 0.000000,
                               0.000401,-0.000000, 1.000000, 0.000000,
                               0.000065, 3.476666, 0.000001, 1.000000;;
                            }
                          } // End of Armature_ring_03_r
                        } // End of Armature_ring_02_r
                      } // End of Armature_ring_01_r
                      Frame Armature_thumb_01_r {
                        FrameTransformMatrix {
                           0.166766,-0.399675, 0.901360, 0.000000,
                          -0.684860, 0.610703, 0.397503, 0.000000,
                          -0.709335,-0.683595,-0.171877, 0.000000,
                          -2.375124, 4.762123, 2.537808, 1.000000;;
                        }
                        Frame Armature_thumb_02_r {
                          FrameTransformMatrix {
                             0.809496, 0.587036, 0.010213, 0.000000,
                            -0.587123, 0.809317, 0.017123, 0.000000,
                             0.001786,-0.019857, 0.999801, 0.000000,
                             0.000114, 3.869565, 0.000057, 1.000000;;
                          }
                          Frame Armature_thumb_03_r {
                            FrameTransformMatrix {
                               0.696232, 0.717190, 0.029994, 0.000000,
                              -0.716526, 0.696878,-0.030870, 0.000000,
                              -0.043042, 0.000002, 0.999073, 0.000000,
                               0.000005, 4.062181, 0.000004, 1.000000;;
                            }
                          } // End of Armature_thumb_03_r
                        } // End of Armature_thumb_02_r
                      } // End of Armature_thumb_01_r
                      Frame Armature_weapon_r {
                        FrameTransformMatrix {
                          -0.005470,-0.000002,-0.999985, 0.000000,
                          -0.000002,-1.000000, 0.000002, 0.000000,
                          -0.999985, 0.000002, 0.005470, 0.000000,
                          -4.667005,11.308991,-1.093000, 1.000000;;
                        }
                      } // End of Armature_weapon_r
                    } // End of Armature_hand_r
                    Frame Armature_lowerarm_twist_01_r {
                      FrameTransformMatrix {
                         0.999873, 0.000000,-0.015963, 0.000000,
                        -0.000000, 1.000000, 0.000000, 0.000000,
                         0.015963,-0.000000, 0.999873, 0.000000,
                         0.000023,14.000012,-0.000008, 1.000000;;
                      }
                    } // End of Armature_lowerarm_twist_01_r
                  } // End of Armature_lowerarm_r
                  Frame Armature_upperarm_twist_01_r {
                    FrameTransformMatrix {
                       0.998770,-0.000000, 0.049582, 0.000000,
                       0.000000, 1.000000,-0.000000, 0.000000,
                      -0.049582, 0.000000, 0.998770, 0.000000,
                      -0.000001, 0.500009, 0.000009, 1.000000;;
                    }
                  } // End of Armature_upperarm_twist_01_r
                } // End of Armature_upperarm_r
              } // End of Armature_clavicle_r
              Frame Armature_neck_01 {
                FrameTransformMatrix {
                   0.669684, 0.417751,-0.614009, 0.000000,
                  -0.406392, 0.898153, 0.167831, 0.000000,
                   0.621585, 0.137135, 0.771249, 0.000000,
                  -0.355321,16.558779, 0.000003, 1.000000;;
                }
                Frame Armature_head {
                  FrameTransformMatrix {
                     0.990519,-0.137100,-0.008721, 0.000000,
                     0.135012, 0.959771, 0.246193, 0.000000,
                    -0.025383,-0.245036, 0.969182, 0.000000,
                     0.364151, 9.283609, 0.000004, 1.000000;;
                  }
                } // End of Armature_head
              } // End of Armature_neck_01
            } // End of Armature_spine_03
          } // End of Armature_spine_02
        } // End of Armature_spine_01
        Frame Armature_sword_holder {
          FrameTransformMatrix {
            -0.909314, 0.370364, 0.189678, 0.000000,
            -0.355306,-0.928335, 0.109325, 0.000000,
             0.216574, 0.032017, 0.975741, 0.000000,
            13.979989,19.492998,16.301010, 1.000000;;
          }
        } // End of Armature_sword_holder
        Frame Armature_thigh_l {
          FrameTransformMatrix {
            -0.159040,-0.513038,-0.843504, 0.000000,
            -0.859694,-0.348114, 0.373823, 0.000000,
            -0.485421, 0.784608,-0.385691, 0.000000,
            -1.448828, 0.531420, 9.005806, 1.000000;;
          }
          Frame Armature_calf_l {
            FrameTransformMatrix {
               0.957041,-0.274611,-0.093062, 0.000000,
               0.276410, 0.961016, 0.006770, 0.000000,
               0.087575,-0.032202, 0.995637, 0.000000,
               0.001588,42.536930, 0.000147, 1.000000;;
            }
            Frame Armature_calf_twist_01_l {
              FrameTransformMatrix {
                 0.999841,-0.015269,-0.009270, 0.000000,
                 0.015235, 0.999877,-0.003824, 0.000000,
                 0.009327, 0.003682, 0.999950, 0.000000,
                 0.000015,20.476776,-0.000004, 1.000000;;
              }
            } // End of Armature_calf_twist_01_l
            Frame Armature_foot_l {
              FrameTransformMatrix {
                 0.013327,-0.970282,-0.241611, 0.000000,
                -0.995242,-0.036195, 0.090459, 0.000000,
                -0.096516, 0.239256,-0.966148, 0.000000,
                 0.000150,40.196674, 0.000183, 1.000000;;
              }
              Frame Armature_ball_l {
                FrameTransformMatrix {
                   0.024621, 0.999697, 0.000197, 0.000000,
                  -0.999697, 0.024621, 0.000077, 0.000000,
                   0.000072,-0.000199, 1.000000, 0.000000,
                  -10.453835,16.577850,-0.080158, 1.000000;;
                }
              } // End of Armature_ball_l
            } // End of Armature_foot_l
          } // End of Armature_calf_l
          Frame Armature_thigh_twist_01_l {
            FrameTransformMatrix {
               0.502483,-0.000498,-0.864587, 0.000000,
               0.000984, 0.999999,-0.000004, 0.000000,
               0.864587,-0.000849, 0.502483, 0.000000,
              -0.000007,22.094234, 0.000000, 1.000000;;
            }
          } // End of Armature_thigh_twist_01_l
        } // End of Armature_thigh_l
        Frame Armature_thigh_r {
          FrameTransformMatrix {
            -0.096000, 0.949809,-0.297736, 0.000000,
            -0.938464,-0.186065,-0.290973, 0.000000,
            -0.331767, 0.251481, 0.909224, 0.000000,
            -1.448647, 0.531434,-9.005801, 1.000000;;
          }
          Frame Armature_calf_r {
            FrameTransformMatrix {
               0.948095, 0.304614, 0.091250, 0.000000,
              -0.306045, 0.952015, 0.001776, 0.000000,
              -0.086331,-0.029610, 0.995826, 0.000000,
              -0.001155,42.529816, 0.000294, 1.000000;;
            }
            Frame Armature_calf_twist_01_r {
              FrameTransformMatrix {
                 0.997999, 0.014972,-0.061437, 0.000000,
                -0.015235, 0.999877,-0.003825, 0.000000,
                 0.061372, 0.004753, 0.998104, 0.000000,
                 0.000002,20.476934, 0.000000, 1.000000;;
              }
            } // End of Armature_calf_twist_01_r
            Frame Armature_foot_r {
              FrameTransformMatrix {
                 0.160393, 0.954729, 0.250532, 0.000000,
                 0.986895,-0.150562,-0.058061, 0.000000,
                -0.017712, 0.256561,-0.966366, 0.000000,
                 0.000007,40.196835, 0.000232, 1.000000;;
              }
              Frame Armature_ball_r {
                FrameTransformMatrix {
                  -0.002067,-0.999998, 0.000560, 0.000000,
                   0.999998,-0.002067, 0.000073, 0.000000,
                  -0.000071, 0.000560, 1.000000, 0.000000,
                  10.453816,16.577810,-0.080164, 1.000000;;
                }
              } // End of Armature_ball_r
            } // End of Armature_foot_r
          } // End of Armature_calf_r
          Frame Armature_thigh_twist_01_r {
            FrameTransformMatrix {
               0.971316, 0.000956, 0.237789, 0.000000,
              -0.000983, 0.999999,-0.000003, 0.000000,
              -0.237789,-0.000231, 0.971317, 0.000000,
               0.000003,22.094242, 0.000004, 1.000000;;
            }
          } // End of Armature_thigh_twist_01_r
        } // End of Armature_thigh_r
      } // End of Armature_pelvis
    } // End of Armature_root
  } // End of Armature
} // End of Root
AnimationSet Global {
  Animation {
    {Armature}
    AnimationKey { // Rotation
      0;
      25;
      0;4;-0.707107, 0.707107, 0.000000, 0.000000;;,
      1;4;-0.707107, 0.707107, 0.000000, 0.000000;;,
      2;4;-0.707107, 0.707107, 0.000000, 0.000000;;,
      3;4;-0.707107, 0.707107, 0.000000, 0.000000;;,
      4;4;-0.707107, 0.707107, 0.000000, 0.000000;;,
      5;4;-0.707107, 0.707107, 0.000000, 0.000000;;,
      6;4;-0.707107, 0.707107, 0.000000, 0.000000;;,
      7;4;-0.707107, 0.707107, 0.000000, 0.000000;;,
      8;4;-0.707107, 0.707107, 0.000000, 0.000000;;,
      9;4;-0.707107, 0.707107, 0.000000, 0.000000;;,
      10;4;-0.707107, 0.707107, 0.000000, 0.000000;;,
      11;4;-0.707107, 0.707107, 0.000000, 0.000000;;,
      12;4;-0.707107, 0.707107, 0.000000, 0.000000;;,
      13;4;-0.707107, 0.707107, 0.000000, 0.000000;;,
      14;4;-0.707107, 0.707107, 0.000000, 0.000000;;,
      15;4;-0.707107, 0.707107, 0.000000, 0.000000;;,
      16;4;-0.707107, 0.707107, 0.000000, 0.000000;;,
      17;4;-0.707107, 0.707107, 0.000000, 0.000000;;,
      18;4;-0.707107, 0.707107, 0.000000, 0.000000;;,
      19;4;-0.707107, 0.707107, 0.000000, 0.000000;;,
      20;4;-0.707107, 0.707107, 0.000000, 0.000000;;,
      21;4;-0.707107, 0.707107, 0.000000, 0.000000;;,
      22;4;-0.707107, 0.707107, 0.000000, 0.000000;;,
      23;4;-0.707107, 0.707107, 0.000000, 0.000000;;,
      24;4;-0.707107, 0.707107, 0.000000, 0.000000;;;
    }
    AnimationKey { // Scale
      1;
      25;
      0;3; 0.010000, 0.010000, 0.010000;;,
      1;3; 0.010000, 0.010000, 0.010000;;,
      2;3; 0.010000, 0.010000, 0.010000;;,
      3;3; 0.010000, 0.010000, 0.010000;;,
      4;3; 0.010000, 0.010000, 0.010000;;,
      5;3; 0.010000, 0.010000, 0.010000;;,
      6;3; 0.010000, 0.010000, 0.010000;;,
      7;3; 0.010000, 0.010000, 0.010000;;,
      8;3; 0.010000, 0.010000, 0.010000;;,
      9;3; 0.010000, 0.010000, 0.010000;;,
      10;3; 0.010000, 0.010000, 0.010000;;,
      11;3; 0.010000, 0.010000, 0.010000;;,
      12;3; 0.010000, 0.010000, 0.010000;;,
      13;3; 0.010000, 0.010000, 0.010000;;,
      14;3; 0.010000, 0.010000, 0.010000;;,
      15;3; 0.010000, 0.010000, 0.010000;;,
      16;3; 0.010000, 0.010000, 0.010000;;,
      17;3; 0.010000, 0.010000, 0.010000;;,
      18;3; 0.010000, 0.010000, 0.010000;;,
      19;3; 0.010000, 0.010000, 0.010000;;,
      20;3; 0.010000, 0.010000, 0.010000;;,
      21;3; 0.010000, 0.010000, 0.010000;;,
      22;3; 0.010000, 0.010000, 0.010000;;,
      23;3; 0.010000, 0.010000, 0.010000;;,
      24;3; 0.010000, 0.010000, 0.010000;;;
    }
    AnimationKey { // Position
      2;
      25;
      0;3; 0.000000, 0.000000, 0.000000;;,
      1;3; 0.000000, 0.000000, 0.000000;;,
      2;3; 0.000000, 0.000000, 0.000000;;,
      3;3; 0.000000, 0.000000, 0.000000;;,
      4;3; 0.000000, 0.000000, 0.000000;;,
      5;3; 0.000000, 0.000000, 0.000000;;,
      6;3; 0.000000, 0.000000, 0.000000;;,
      7;3; 0.000000, 0.000000, 0.000000;;,
      8;3; 0.000000, 0.000000, 0.000000;;,
      9;3; 0.000000, 0.000000, 0.000000;;,
      10;3; 0.000000, 0.000000, 0.000000;;,
      11;3; 0.000000, 0.000000, 0.000000;;,
      12;3; 0.000000, 0.000000, 0.000000;;,
      13;3; 0.000000, 0.000000, 0.000000;;,
      14;3; 0.000000, 0.000000, 0.000000;;,
      15;3; 0.000000, 0.000000, 0.000000;;,
      16;3; 0.000000, 0.000000, 0.000000;;,
      17;3; 0.000000, 0.000000, 0.000000;;,
      18;3; 0.000000, 0.000000, 0.000000;;,
      19;3; 0.000000, 0.000000, 0.000000;;,
      20;3; 0.000000, 0.000000, 0.000000;;,
      21;3; 0.000000, 0.000000, 0.000000;;,
      22;3; 0.000000, 0.000000, 0.000000;;,
      23;3; 0.000000, 0.000000, 0.000000;;,
      24;3; 0.000000, 0.000000, 0.000000;;;
    }
  }
  Animation {
    {Armature_root}
    AnimationKey { // Rotation
      0;
      25;
      0;4;-1.000000, 0.000000, 0.000000, 0.000000;;,
      1;4;-1.000000, 0.000000, 0.000000, 0.000000;;,
      2;4;-1.000000, 0.000000, 0.000000, 0.000000;;,
      3;4;-1.000000, 0.000000, 0.000000, 0.000000;;,
      4;4;-1.000000, 0.000000, 0.000000, 0.000000;;,
      5;4;-1.000000, 0.000000, 0.000000, 0.000000;;,
      6;4;-1.000000, 0.000000, 0.000000, 0.000000;;,
      7;4;-1.000000, 0.000000, 0.000000, 0.000000;;,
      8;4;-1.000000, 0.000000, 0.000000, 0.000000;;,
      9;4;-1.000000, 0.000000, 0.000000, 0.000000;;,
      10;4;-1.000000, 0.000000, 0.000000, 0.000000;;,
      11;4;-1.000000, 0.000000, 0.000000, 0.000000;;,
      12;4;-1.000000, 0.000000, 0.000000, 0.000000;;,
      13;4;-1.000000, 0.000000, 0.000000, 0.000000;;,
      14;4;-1.000000, 0.000000, 0.000000, 0.000000;;,
      15;4;-1.000000, 0.000000, 0.000000, 0.000000;;,
      16;4;-1.000000, 0.000000, 0.000000, 0.000000;;,
      17;4;-1.000000, 0.000000, 0.000000, 0.000000;;,
      18;4;-1.000000, 0.000000, 0.000000, 0.000000;;,
      19;4;-1.000000, 0.000000, 0.000000, 0.000000;;,
      20;4;-1.000000, 0.000000, 0.000000, 0.000000;;,
      21;4;-1.000000, 0.000000, 0.000000, 0.000000;;,
      22;4;-1.000000, 0.000000, 0.000000, 0.000000;;,
      23;4;-1.000000, 0.000000, 0.000000, 0.000000;;,
      24;4;-1.000000, 0.000000, 0.000000, 0.000000;;;
    }
    AnimationKey { // Scale
      1;
      25;
      0;3; 1.000000, 1.000000, 1.000000;;,
      1;3; 1.000000, 1.000000, 1.000000;;,
      2;3; 1.000000, 1.000000, 1.000000;;,
      3;3; 1.000000, 1.000000, 1.000000;;,
      4;3; 1.000000, 1.000000, 1.000000;;,
      5;3; 1.000000, 1.000000, 1.000000;;,
      6;3; 1.000000, 1.000000, 1.000000;;,
      7;3; 1.000000, 1.000000, 1.000000;;,
      8;3; 1.000000, 1.000000, 1.000000;;,
      9;3; 1.000000, 1.000000, 1.000000;;,
      10;3; 1.000000, 1.000000, 1.000000;;,
      11;3; 1.000000, 1.000000, 1.000000;;,
      12;3; 1.000000, 1.000000, 1.000000;;,
      13;3; 1.000000, 1.000000, 1.000000;;,
      14;3; 1.000000, 1.000000, 1.000000;;,
      15;3; 1.000000, 1.000000, 1.000000;;,
      16;3; 1.000000, 1.000000, 1.000000;;,
      17;3; 1.000000, 1.000000, 1.000000;;,
      18;3; 1.000000, 1.000000, 1.000000;;,
      19;3; 1.000000, 1.000000, 1.000000;;,
      20;3; 1.000000, 1.000000, 1.000000;;,
      21;3; 1.000000, 1.000000, 1.000000;;,
      22;3; 1.000000, 1.000000, 1.000000;;,
      23;3; 1.000000, 1.000000, 1.000000;;,
      24;3; 1.000000, 1.000000, 1.000000;;;
    }
    AnimationKey { // Position
      2;
      25;
      0;3; 0.000000, 0.000006, 0.000000;;,
      1;3; 0.000000, 0.000006, 0.000000;;,
      2;3; 0.000000, 0.000006, 0.000000;;,
      3;3; 0.000000, 0.000006, 0.000000;;,
      4;3; 0.000000, 0.000006, 0.000000;;,
      5;3; 0.000000, 0.000006, 0.000000;;,
      6;3; 0.000000, 0.000006, 0.000000;;,
      7;3; 0.000000, 0.000006, 0.000000;;,
      8;3; 0.000000, 0.000006, 0.000000;;,
      9;3; 0.000000, 0.000006, 0.000000;;,
      10;3; 0.000000, 0.000006, 0.000000;;,
      11;3; 0.000000, 0.000006, 0.000000;;,
      12;3; 0.000000, 0.000006, 0.000000;;,
      13;3; 0.000000, 0.000006, 0.000000;;,
      14;3; 0.000000, 0.000006, 0.000000;;,
      15;3; 0.000000, 0.000006, 0.000000;;,
      16;3; 0.000000, 0.000006, 0.000000;;,
      17;3; 0.000000, 0.000006, 0.000000;;,
      18;3; 0.000000, 0.000006, 0.000000;;,
      19;3; 0.000000, 0.000006, 0.000000;;,
      20;3; 0.000000, 0.000006, 0.000000;;,
      21;3; 0.000000, 0.000006, 0.000000;;,
      22;3; 0.000000, 0.000006, 0.000000;;,
      23;3; 0.000000, 0.000006, 0.000000;;,
      24;3; 0.000000, 0.000006, 0.000000;;;
    }
  }
  Animation {
    {Armature_pelvis}
    AnimationKey { // Rotation
      0;
      25;
      0;4;-0.758770, 0.182756, 0.221819, 0.584521;;,
      1;4;-0.749020, 0.207265, 0.233073, 0.584541;;,
      2;4;-0.721040, 0.268829, 0.262377, 0.582229;;,
      3;4;-0.676805, 0.349103, 0.302276, 0.573316;;,
      4;4;-0.621796, 0.431422, 0.345655, 0.554768;;,
      5;4;-0.565890, 0.502707, 0.387530, 0.526190;;,
      6;4;-0.521377, 0.553212, 0.426435, 0.490179;;,
      7;4;-0.485055, 0.586268, 0.469483, 0.447882;;,
      8;4;-0.443722, 0.610704, 0.519913, 0.399801;;,
      9;4;-0.395286, 0.626568, 0.572966, 0.350531;;,
      10;4;-0.339376, 0.635131, 0.623594, 0.304241;;,
      11;4;-0.277963, 0.638703, 0.667282, 0.263685;;,
      12;4;-0.215221, 0.639835, 0.701084, 0.229723;;,
      13;4;-0.156737, 0.640437, 0.724334, 0.201529;;,
      14;4;-0.108446, 0.641323, 0.738593, 0.177271;;,
      15;4;-0.075830, 0.642480, 0.746653, 0.154853;;,
      16;4;-0.050370, 0.643597, 0.752420, 0.130805;;,
      17;4;-0.023172, 0.644933, 0.756759, 0.104113;;,
      18;4;-0.000159, 0.645773, 0.759212, 0.081090;;,
      19;4; 0.012749, 0.646042, 0.760118, 0.068466;;,
      20;4; 0.012815, 0.646286, 0.760063, 0.066737;;,
      21;4; 0.005063, 0.646868, 0.759402, 0.069611;;,
      22;4;-0.004781, 0.647705, 0.758310, 0.073633;;,
      23;4;-0.010958, 0.648955, 0.757008, 0.075339;;,
      24;4;-0.007721, 0.650982, 0.755701, 0.071272;;;
    }
    AnimationKey { // Scale
      1;
      25;
      0;3; 1.000000, 1.000000, 1.000000;;,
      1;3; 1.000000, 1.000000, 1.000000;;,
      2;3; 1.000000, 1.000000, 1.000000;;,
      3;3; 1.000000, 1.000000, 1.000000;;,
      4;3; 1.000000, 1.000000, 1.000000;;,
      5;3; 1.000000, 1.000000, 1.000000;;,
      6;3; 1.000000, 1.000000, 1.000000;;,
      7;3; 1.000000, 1.000000, 1.000000;;,
      8;3; 1.000000, 1.000000, 1.000000;;,
      9;3; 1.000000, 1.000000, 1.000000;;,
      10;3; 1.000000, 1.000000, 1.000000;;,
      11;3; 1.000000, 1.000000, 1.000000;;,
      12;3; 1.000000, 1.000000, 1.000000;;,
      13;3; 1.000000, 1.000000, 1.000000;;,
      14;3; 1.000000, 1.000000, 1.000000;;,
      15;3; 1.000000, 1.000000, 1.000000;;,
      16;3; 1.000000, 1.000000, 1.000000;;,
      17;3; 1.000000, 1.000000, 1.000000;;,
      18;3; 1.000000, 1.000000, 1.000000;;,
      19;3; 1.000000, 1.000000, 1.000000;;,
      20;3; 1.000000, 1.000000, 1.000000;;,
      21;3; 1.000000, 1.000000, 1.000000;;,
      22;3; 1.000000, 1.000000, 1.000000;;,
      23;3; 1.000000, 1.000000, 1.000000;;,
      24;3; 1.000000, 1.000000, 1.000000;;;
    }
    AnimationKey { // Position
      2;
      25;
      0;3; 0.266242,93.183037,-2.139816;;,
      1;3; 1.473252,93.850876,-1.184675;;,
      2;3; 4.490775,95.520477, 1.203180;;,
      3;3; 8.413556,97.690956, 4.307392;;,
      4;3;12.336337,99.861435, 7.411602;;,
      5;3;15.353859,101.531036, 9.799458;;,
      6;3;16.560867,102.198875,10.754601;;,
      7;3;15.870523,101.489929,10.235823;;,
