xof 0303txt 0032

template XSkinMeshHeader {
  <3cf169ce-ff7c-44ab-93c0-f78f62d172e2>
  WORD nMaxSkinWeightsPerVertex;
  WORD nMaxSkinWeightsPerFace;
  WORD nBones;
}

template SkinWeights {
  <6f0d123b-bad2-4167-a0d0-80224f25fabb>
  STRING transformNodeName;
  DWORD nWeights;
  array DWORD vertexIndices[nWeights];
  array float weights[nWeights];
  Matrix4x4 matrixOffset;
}

Frame Root {
  FrameTransformMatrix {
     1.000000, 0.000000, 0.000000, 0.000000,
     0.000000,-0.000000, 1.000000, 0.000000,
     0.000000, 1.000000, 0.000000, 0.000000,
     0.000000, 0.000000, 0.000000, 1.000000;;
  }
  Frame Armature {
    FrameTransformMatrix {
       0.010000, 0.000000, 0.000000, 0.000000,
       0.000000,-0.000000, 0.010000, 0.000000,
       0.000000,-0.010000,-0.000000, 0.000000,
       0.000000, 0.000000, 0.000000, 1.000000;;
    }
    Frame Armature_root {
      FrameTransformMatrix {
         1.000000, 0.000000, 0.000000, 0.000000,
         0.000000, 1.000000,-0.000000, 0.000000,
         0.000000, 0.000000, 1.000000, 0.000000,
         0.000000, 0.000000, 0.000000, 1.000000;;
      }
      Frame Armature_ik_foot_root {
        FrameTransformMatrix {
           1.000000, 0.000000, 0.000000, 0.000000,
           0.000000, 1.000000, 0.000000, 0.000000,
           0.000000, 0.000000, 1.000000, 0.000000,
           0.000000, 0.000000, 0.000000, 1.000000;;
        }
        Frame Armature_ik_foot_l {
          FrameTransformMatrix {
             0.204810, 0.000632, 0.978801, 0.000000,
            -0.440153,-0.893127, 0.092676, 0.000000,
             0.874252,-0.449804,-0.182642, 0.000000,
            42.160713,82.322083,-25.125496, 1.000000;;
          }
        } // End of Armature_ik_foot_l
        Frame Armature_ik_foot_r {
          FrameTransformMatrix {
            -0.072671, 0.202148,-0.976655, 0.000000,
            -0.902958, 0.402514, 0.150499, 0.000000,
             0.423541, 0.892815, 0.153280, 0.000000,
            -39.192467,34.435417,-38.068798, 1.000000;;
          }
        } // End of Armature_ik_foot_r
      } // End of Armature_ik_foot_root
      Frame Armature_ik_hand_root {
        FrameTransformMatrix {
           1.000000, 0.000000, 0.000000, 0.000000,
           0.000000, 1.000000,-0.000000, 0.000000,
           0.000000, 0.000000, 1.000000, 0.000000,
           0.000000, 0.000000, 0.000000, 1.000000;;
        }
        Frame Armature_ik_hand_gun {
          FrameTransformMatrix {
            -0.582826,-0.074623, 0.809163, 0.000000,
            -0.521937,-0.728831,-0.443157, 0.000000,
             0.622812,-0.680616, 0.385833, 0.000000,
            43.407555,152.771164,16.092236, 1.000000;;
          }
          Frame Armature_ik_hand_l {
            FrameTransformMatrix {
              -0.655814, 0.670311,-0.347263, 0.000000,
              -0.530578,-0.082037, 0.843657, 0.000000,
               0.537024, 0.737532, 0.409453, 0.000000,
              -6.013422,80.599442,-66.948601, 1.000000;;
            }
          } // End of Armature_ik_hand_l
          Frame Armature_ik_hand_r {
            FrameTransformMatrix {
               1.000000, 0.000000,-0.000000, 0.000000,
              -0.000000, 1.000000, 0.000000, 0.000000,
               0.000000,-0.000000, 1.000000, 0.000000,
               0.000006, 0.000017, 0.000007, 1.000000;;
            }
          } // End of Armature_ik_hand_r
        } // End of Armature_ik_hand_gun
      } // End of Armature_ik_hand_root
      Frame Armature_pelvis {
        FrameTransformMatrix {
          -0.528751, 0.848293,-0.028653, 0.000000,
           0.593144, 0.393439, 0.702414, 0.000000,
           0.607127, 0.354407,-0.711191, 0.000000,
          -1.507544,94.080399,-2.139821, 1.000000;;
        }
        Frame Armature_spine_01 {
          FrameTransformMatrix {
             0.453372,-0.634784,-0.625702, 0.000000,
             0.870454, 0.466334, 0.157613, 0.000000,
             0.191736,-0.616103, 0.763973, 0.000000,
            10.808878, 0.851419,-0.000003, 1.000000;;
          }
          Frame Armature_spine_02 {
            FrameTransformMatrix {
               0.964372, 0.255532,-0.068481, 0.000000,
              -0.258182, 0.965533,-0.032983, 0.000000,
               0.057692, 0.049489, 0.997107, 0.000000,
               3.796235,18.802044, 0.270577, 1.000000;;
            }
            Frame Armature_spine_03 {
              FrameTransformMatrix {
                 0.931945, 0.354905,-0.074304, 0.000000,
                -0.355316, 0.934712, 0.008064, 0.000000,
                 0.072315, 0.018886, 0.997203, 0.000000,
                 0.417128,13.412346, 0.054829, 1.000000;;
              }
              Frame Armature_clavicle_l {
                FrameTransformMatrix {
                   0.787606, 0.156156,-0.596064, 0.000000,
                   0.604027,-0.004491, 0.796951, 0.000000,
                   0.121772,-0.987722,-0.097860, 0.000000,
                  -2.732081,11.883698, 3.781987, 1.000000;;
                }
                Frame Armature_upperarm_l {
                  FrameTransformMatrix {
                     0.936383,-0.182563, 0.299761, 0.000000,
                    -0.085831, 0.709031, 0.699935, 0.000000,
                    -0.340322,-0.681136, 0.648255, 0.000000,
                     0.000000,15.784848, 0.000003, 1.000000;;
                  }
                  Frame Armature_lowerarm_l {
                    FrameTransformMatrix {
                       0.563552, 0.826024, 0.009651, 0.000000,
                      -0.825652, 0.562845, 0.038777, 0.000000,
                       0.026599,-0.029821, 0.999201, 0.000000,
                       0.000010,30.339935,-0.000050, 1.000000;;
                    }
                    Frame Armature_hand_l {
                      FrameTransformMatrix {
                         0.628919,-0.116814, 0.768645, 0.000000,
                         0.187059, 0.982341,-0.003765, 0.000000,
                        -0.754632, 0.146150, 0.639664, 0.000000,
                        -0.000007,26.975155,-0.000009, 1.000000;;
                      }
                      Frame Armature_index_01_l {
                        FrameTransformMatrix {
                           0.965629, 0.106414,-0.237141, 0.000000,
                          -0.073734, 0.987020, 0.142672, 0.000000,
                           0.249245,-0.120282, 0.960942, 0.000000,
                           1.763462,12.068119, 2.109414, 1.000000;;
                        }
                        Frame Armature_index_02_l {
                          FrameTransformMatrix {
                             0.999407,-0.032187,-0.012206, 0.000000,
                             0.033270, 0.994173, 0.102533, 0.000000,
                             0.008835,-0.102879, 0.994655, 0.000000,
                            -0.000011, 4.287493, 0.000005, 1.000000;;
                          }
                          Frame Armature_index_03_l {
                            FrameTransformMatrix {
                               0.972072, 0.233769,-0.020705, 0.000000,
                              -0.233717, 0.972292, 0.004937, 0.000000,
                               0.021285, 0.000039, 0.999774, 0.000000,
                              -0.000016, 3.393785,-0.000008, 1.000000;;
                            }
                          } // End of Armature_index_03_l
                        } // End of Armature_index_02_l
                      } // End of Armature_index_01_l
                      Frame Armature_middle_01_l {
                        FrameTransformMatrix {
                           0.979137,-0.189369,-0.073691, 0.000000,
                           0.174292, 0.969102,-0.174536, 0.000000,
                           0.104466, 0.158051, 0.981889, 0.000000,
                           1.293652,12.244287,-0.571145, 1.000000;;
                        }
                        Frame Armature_middle_02_l {
                          FrameTransformMatrix {
                             0.983320,-0.177379, 0.040228, 0.000000,
                             0.173395, 0.980992, 0.087119, 0.000000,
                            -0.054917,-0.078690, 0.995385, 0.000000,
                            -0.000006, 4.640377, 0.000001, 1.000000;;
                          }
                          Frame Armature_middle_03_l {
                            FrameTransformMatrix {
                               0.980818, 0.194899,-0.003212, 0.000000,
                              -0.194898, 0.980823, 0.000722, 0.000000,
                               0.003291,-0.000082, 0.999995, 0.000000,
                              -0.000005, 3.648857,-0.000003, 1.000000;;
                            }
                          } // End of Armature_middle_03_l
                        } // End of Armature_middle_02_l
                      } // End of Armature_middle_01_l
                      Frame Armature_pinky_01_l {
                        FrameTransformMatrix {
                           0.908871,-0.302684, 0.286942, 0.000000,
                           0.397791, 0.835881,-0.378238, 0.000000,
                          -0.125363, 0.457913, 0.880114, 0.000000,
                           2.263153,10.140669,-4.643140, 1.000000;;
                        }
                        Frame Armature_pinky_02_l {
                          FrameTransformMatrix {
                             0.929320,-0.366890,-0.041917, 0.000000,
                             0.367028, 0.930198,-0.004610, 0.000000,
                             0.040683,-0.011101, 0.999110, 0.000000,
                            -0.000001, 3.570980,-0.000004, 1.000000;;
                          }
                          Frame Armature_pinky_03_l {
                            FrameTransformMatrix {
                               0.994645,-0.103105,-0.007128, 0.000000,
                               0.103103, 0.994671,-0.000722, 0.000000,
                               0.007164,-0.000017, 0.999974, 0.000000,
                               0.000001, 2.985622, 0.000008, 1.000000;;
                            }
                          } // End of Armature_pinky_03_l
                        } // End of Armature_pinky_02_l
                      } // End of Armature_pinky_01_l
                      Frame Armature_ring_01_l {
                        FrameTransformMatrix {
                           0.909730,-0.345119, 0.230832, 0.000000,
                           0.402500, 0.869498,-0.286298, 0.000000,
                          -0.101901, 0.353364, 0.929919, 0.000000,
                           1.753529,11.497890,-2.846905, 1.000000;;
                        }
                        Frame Armature_ring_02_l {
                          FrameTransformMatrix {
                             0.993520, 0.113325,-0.008692, 0.000000,
                            -0.113240, 0.993520, 0.009697, 0.000000,
                             0.009735,-0.008650, 0.999915, 0.000000,
                            -0.000004, 4.430178, 0.000000, 1.000000;;
                          }
                          Frame Armature_ring_03_l {
                            FrameTransformMatrix {
                               0.968137, 0.250420, 0.000389, 0.000000,
                              -0.250420, 0.968137,-0.000240, 0.000000,
                              -0.000437, 0.000135, 1.000000, 0.000000,
                               0.000008, 3.476658, 0.000017, 1.000000;;
                            }
                          } // End of Armature_ring_03_l
                        } // End of Armature_ring_02_l
                      } // End of Armature_ring_01_l
                      Frame Armature_thumb_01_l {
                        FrameTransformMatrix {
                          -0.015639, 0.474610,-0.880057, 0.000000,
                           0.674899, 0.654427, 0.340935, 0.000000,
                           0.737744,-0.588618,-0.330548, 0.000000,
                           2.374984, 4.762035, 2.537839, 1.000000;;
                        }
                        Frame Armature_thumb_02_l {
                          FrameTransformMatrix {
                             0.991297, 0.131043,-0.012542, 0.000000,
                            -0.129173, 0.986647, 0.099207, 0.000000,
                             0.025375,-0.096724, 0.994988, 0.000000,
                             0.000008, 3.869680,-0.000011, 1.000000;;
                          }
                          Frame Armature_thumb_03_l {
                            FrameTransformMatrix {
                               0.974354, 0.222167,-0.035720, 0.000000,
                              -0.216382, 0.968632, 0.122193, 0.000000,
                               0.061747,-0.111330, 0.991863, 0.000000,
                              -0.000004, 4.062181, 0.000008, 1.000000;;
                            }
                          } // End of Armature_thumb_03_l
                        } // End of Armature_thumb_02_l
                      } // End of Armature_thumb_01_l
                    } // End of Armature_hand_l
                    Frame Armature_lowerarm_twist_01_l {
                      FrameTransformMatrix {
                         0.941192, 0.000000,-0.337873, 0.000000,
                        -0.000000, 1.000000, 0.000000, 0.000000,
                         0.337873,-0.000000, 0.941192, 0.000000,
                        -0.000008,14.000001,-0.000007, 1.000000;;
                      }
                    } // End of Armature_lowerarm_twist_01_l
                  } // End of Armature_lowerarm_l
                  Frame Armature_upperarm_twist_01_l {
                    FrameTransformMatrix {
                       0.846032,-0.000002,-0.533132, 0.000000,
                       0.000001, 1.000000,-0.000003, 0.000000,
                       0.533133, 0.000002, 0.846032, 0.000000,
                      -0.000013, 0.499999, 0.000054, 1.000000;;
                    }
                  } // End of Armature_upperarm_twist_01_l
                } // End of Armature_upperarm_l
              } // End of Armature_clavicle_l
              Frame Armature_clavicle_r {
                FrameTransformMatrix {
                  -0.784002,-0.179571,-0.594218, 0.000000,
                   0.620384,-0.259870,-0.739994, 0.000000,
                  -0.021538,-0.948800, 0.315142, 0.000000,
                  -2.732090,11.883791,-3.782006, 1.000000;;
                }
                Frame Armature_upperarm_r {
                  FrameTransformMatrix {
                    -0.760320,-0.485799,-0.431176, 0.000000,
                     0.649529,-0.573705,-0.498974, 0.000000,
                    -0.004967,-0.659441, 0.751740, 0.000000,
                    -0.000048,15.784740, 0.000094, 1.000000;;
                  }
                  Frame Armature_lowerarm_r {
                    FrameTransformMatrix {
                       0.857017,-0.498417,-0.130781, 0.000000,
                       0.497639, 0.866418,-0.040925, 0.000000,
                       0.133709,-0.030009, 0.990566, 0.000000,
                       0.000018,30.340055,-0.000026, 1.000000;;
                    }
                    Frame Armature_hand_r {
                      FrameTransformMatrix {
                        -0.976349, 0.146341,-0.159146, 0.000000,
                        -0.009847, 0.705239, 0.708901, 0.000000,
                         0.215978, 0.693702,-0.687118, 0.000000,
                         0.000005,26.975239,-0.000012, 1.000000;;
                      }
                      Frame Armature_index_01_r {
                        FrameTransformMatrix {
                           0.680581, 0.711085, 0.176543, 0.000000,
                          -0.685834, 0.703073,-0.187937, 0.000000,
                          -0.257762, 0.006827, 0.966184, 0.000000,
                          -1.763732,12.067942, 2.109423, 1.000000;;
                        }
                        Frame Armature_index_02_r {
                          FrameTransformMatrix {
                            -0.096419, 0.990319, 0.099860, 0.000000,
                            -0.995295,-0.094970,-0.019174, 0.000000,
                            -0.009505,-0.101239, 0.994817, 0.000000,
                             0.000090, 4.287685,-0.000070, 1.000000;;
                          }
                          Frame Armature_index_03_r {
                            FrameTransformMatrix {
                               0.666915, 0.744998, 0.014205, 0.000000,
                              -0.744829, 0.667067,-0.015867, 0.000000,
                              -0.021296, 0.000002, 0.999773, 0.000000,
                               0.000116, 3.393797,-0.000007, 1.000000;;
                            }
                          } // End of Armature_index_03_r
                        } // End of Armature_index_02_r
                      } // End of Armature_index_01_r
                      Frame Armature_middle_01_r {
                        FrameTransformMatrix {
                           0.441929, 0.896672,-0.026033, 0.000000,
                          -0.895749, 0.439541,-0.066612, 0.000000,
                          -0.048286, 0.052757, 0.997439, 0.000000,
                          -1.293751,12.244114,-0.571118, 1.000000;;
                        }
                        Frame Armature_middle_02_r {
                          FrameTransformMatrix {
                             0.178866, 0.979905, 0.088287, 0.000000,
                            -0.981563, 0.171579, 0.084234, 0.000000,
                             0.067393,-0.101725, 0.992527, 0.000000,
                            -0.000141, 4.640574, 0.000015, 1.000000;;
                          }
                          Frame Armature_middle_03_r {
                            FrameTransformMatrix {
                               0.131022, 0.991379, 0.000429, 0.000000,
                              -0.991374, 0.131023,-0.003246, 0.000000,
                              -0.003274, 0.000000, 0.999995, 0.000000,
                              -0.000004, 3.648932, 0.000011, 1.000000;;
                            }
                          } // End of Armature_middle_03_r
                        } // End of Armature_middle_02_r
                      } // End of Armature_middle_01_r
                      Frame Armature_pinky_01_r {
                        FrameTransformMatrix {
                           0.827082, 0.473667,-0.302614, 0.000000,
                          -0.535493, 0.827640,-0.168105, 0.000000,
                           0.170830, 0.301084, 0.938171, 0.000000,
                          -2.263392,10.140591,-4.643093, 1.000000;;
                        }
                        Frame Armature_pinky_02_r {
                          FrameTransformMatrix {
                             0.135751, 0.989590, 0.047784, 0.000000,
                            -0.990284, 0.136998,-0.023855, 0.000000,
                            -0.030153,-0.044081, 0.998573, 0.000000,
                            -0.000012, 3.571058, 0.000019, 1.000000;;
                          }
                          Frame Armature_pinky_03_r {
                            FrameTransformMatrix {
                              -0.138518, 0.990359,-0.000984, 0.000000,
                              -0.990335,-0.138522,-0.007042, 0.000000,
                              -0.007111,-0.000001, 0.999975, 0.000000,
                               0.000324, 2.985487,-0.000031, 1.000000;;
                            }
                          } // End of Armature_pinky_03_r
                        } // End of Armature_pinky_02_r
                      } // End of Armature_pinky_01_r
                      Frame Armature_ring_01_r {
                        FrameTransformMatrix {
                           0.488693, 0.835028,-0.252801, 0.000000,
                          -0.863051, 0.505116, 0.000075, 0.000000,
                           0.127757, 0.218143, 0.967518, 0.000000,
                          -1.753785,11.497975,-2.846914, 1.000000;;
                        }
                        Frame Armature_ring_02_r {
                          FrameTransformMatrix {
                            -0.098081, 0.994968, 0.020482, 0.000000,
                            -0.995158,-0.097925,-0.008493, 0.000000,
                            -0.006445,-0.021216, 0.999754, 0.000000,
                            -0.000005, 4.429877, 0.000006, 1.000000;;
                          }
                          Frame Armature_ring_03_r {
                            FrameTransformMatrix {
                               0.264064, 0.964505,-0.000106, 0.000000,
                              -0.964505, 0.264064, 0.000406, 0.000000,
                               0.000420,-0.000005, 1.000000, 0.000000,
                               0.000073, 3.476571,-0.000013, 1.000000;;
                            }
                          } // End of Armature_ring_03_r
                        } // End of Armature_ring_02_r
                      } // End of Armature_ring_01_r
                      Frame Armature_thumb_01_r {
                        FrameTransformMatrix {
                           0.166767,-0.399673, 0.901360, 0.000000,
                          -0.684861, 0.610703, 0.397503, 0.000000,
                          -0.709334,-0.683596,-0.171876, 0.000000,
                          -2.375116, 4.762121, 2.537803, 1.000000;;
                        }
                        Frame Armature_thumb_02_r {
                          FrameTransformMatrix {
                             0.809495, 0.587037, 0.010215, 0.000000,
                            -0.587123, 0.809316, 0.017119, 0.000000,
                             0.001782,-0.019855, 0.999801, 0.000000,
                             0.000122, 3.869567, 0.000054, 1.000000;;
                          }
                          Frame Armature_thumb_03_r {
                            FrameTransformMatrix {
                               0.696233, 0.717189, 0.029995, 0.000000,
                              -0.716524, 0.696879,-0.030866, 0.000000,
                              -0.043040,-0.000002, 0.999073, 0.000000,
                              -0.000008, 4.062183, 0.000010, 1.000000;;
                            }
                          } // End of Armature_thumb_03_r
                        } // End of Armature_thumb_02_r
                      } // End of Armature_thumb_01_r
                      Frame Armature_weapon_r {
                        FrameTransformMatrix {
                          -0.005470,-0.000002,-0.999985, 0.000000,
                          -0.000001,-1.000000, 0.000002, 0.000000,
                          -0.999985, 0.000001, 0.005470, 0.000000,
                          -4.666988,11.309006,-1.093006, 1.000000;;
                        }
                      } // End of Armature_weapon_r
                    } // End of Armature_hand_r
                    Frame Armature_lowerarm_twist_01_r {
                      FrameTransformMatrix {
                         0.609727, 0.000000,-0.792611, 0.000000,
                        -0.000000, 1.000000,-0.000000, 0.000000,
                         0.792611, 0.000000, 0.609727, 0.000000,
                         0.000020,13.999996,-0.000009, 1.000000;;
                      }
                    } // End of Armature_lowerarm_twist_01_r
                  } // End of Armature_lowerarm_r
                  Frame Armature_upperarm_twist_01_r {
                    FrameTransformMatrix {
                       0.602996, 0.000000, 0.797744, 0.000000,
                       0.000000, 1.000000,-0.000000, 0.000000,
                      -0.797745, 0.000000, 0.602996, 0.000000,
                       0.000004, 0.499997,-0.000002, 1.000000;;
                    }
                  } // End of Armature_upperarm_twist_01_r
                } // End of Armature_upperarm_r
              } // End of Armature_clavicle_r
              Frame Armature_neck_01 {
                FrameTransformMatrix {
                   0.972452, 0.162480, 0.167143, 0.000000,
                  -0.125089, 0.968794,-0.213988, 0.000000,
                  -0.196696, 0.187185, 0.962431, 0.000000,
                  -0.355300,16.558794,-0.000001, 1.000000;;
                }
                Frame Armature_head {
                  FrameTransformMatrix {
                     0.680741,-0.029125, 0.731945, 0.000000,
                     0.391901, 0.858664,-0.330317, 0.000000,
                    -0.618874, 0.511710, 0.595942, 0.000000,
                     0.364154, 9.283619,-0.000000, 1.000000;;
                  }
                } // End of Armature_head
              } // End of Armature_neck_01
            } // End of Armature_spine_03
          } // End of Armature_spine_02
        } // End of Armature_spine_01
        Frame Armature_sword_holder {
          FrameTransformMatrix {
            -0.909313, 0.370363, 0.189679, 0.000000,
            -0.355306,-0.928335, 0.109325, 0.000000,
             0.216575, 0.032016, 0.975741, 0.000000,
            13.979999,19.493000,16.300999, 1.000000;;
          }
        } // End of Armature_sword_holder
        Frame Armature_thigh_l {
          FrameTransformMatrix {
            -0.613046,-0.482976, 0.625227, 0.000000,
            -0.499174, 0.850195, 0.167311, 0.000000,
            -0.612373,-0.209528,-0.762298, 0.000000,
            -1.448828, 0.531424, 9.005805, 1.000000;;
          }
          Frame Armature_calf_l {
            FrameTransformMatrix {
              -0.436795,-0.892168, 0.115090, 0.000000,
               0.886015,-0.448801,-0.116428, 0.000000,
               0.155526, 0.051117, 0.986508, 0.000000,
              -0.296825,42.369919, 0.044032, 1.000000;;
            }
            Frame Armature_calf_twist_01_l {
              FrameTransformMatrix {
                 0.997116,-0.015477,-0.074295, 0.000000,
                 0.015235, 0.999876,-0.003824, 0.000000,
                 0.074345, 0.002681, 0.997229, 0.000000,
                 0.000001,20.476780, 0.000007, 1.000000;;
              }
            } // End of Armature_calf_twist_01_l
            Frame Armature_foot_l {
              FrameTransformMatrix {
                -0.258355,-0.926109, 0.274907, 0.000000,
                -0.916546, 0.324907, 0.233190, 0.000000,
                -0.305279,-0.191719,-0.932764, 0.000000,
                 0.000437,40.196537,-0.000419, 1.000000;;
              }
              Frame Armature_ball_l {
                FrameTransformMatrix {
                   0.024622, 0.999697, 0.000151, 0.000000,
                  -0.999697, 0.024622, 0.000077, 0.000000,
                   0.000073,-0.000153, 1.000000, 0.000000,
                  -10.453831,16.577854,-0.080166, 1.000000;;
                }
              } // End of Armature_ball_l
            } // End of Armature_foot_l
          } // End of Armature_calf_l
          Frame Armature_thigh_twist_01_l {
            FrameTransformMatrix {
               0.848327,-0.000832, 0.529472, 0.000000,
               0.000983, 0.999999,-0.000004, 0.000000,
              -0.529472, 0.000524, 0.848328, 0.000000,
              -0.000006,22.094233,-0.000012, 1.000000;;
            }
          } // End of Armature_thigh_twist_01_l
        } // End of Armature_thigh_l
        Frame Armature_thigh_r {
          FrameTransformMatrix {
            -0.186178, 0.544577,-0.817785, 0.000000,
            -0.478608,-0.777175,-0.408574, 0.000000,
            -0.858063, 0.315331, 0.405332, 0.000000,
            -1.448637, 0.531430,-9.005804, 1.000000;;
          }
          Frame Armature_calf_r {
            FrameTransformMatrix {
               0.757885, 0.649797, 0.058091, 0.000000,
              -0.647455, 0.760096,-0.055289, 0.000000,
              -0.080081, 0.004292, 0.996779, 0.000000,
               0.026051,42.441872, 0.005147, 1.000000;;
            }
            Frame Armature_calf_twist_01_r {
              FrameTransformMatrix {
                 0.999307, 0.015097,-0.034031, 0.000000,
                -0.015236, 0.999877,-0.003825, 0.000000,
                 0.033969, 0.004340, 0.999414, 0.000000,
                 0.000007,20.476912, 0.000001, 1.000000;;
              }
            } // End of Armature_calf_twist_01_r
            Frame Armature_foot_r {
              FrameTransformMatrix {
                -0.693629, 0.719417,-0.036310, 0.000000,
                 0.718386, 0.694578, 0.038505, 0.000000,
                 0.052921, 0.000623,-0.998599, 0.000000,
                -0.000957,40.196415,-0.000124, 1.000000;;
              }
              Frame Armature_ball_r {
                FrameTransformMatrix {
                  -0.002082,-0.999998,-0.000156, 0.000000,
                   0.999998,-0.002082, 0.000078, 0.000000,
                  -0.000078,-0.000156, 1.000000, 0.000000,
                  10.453819,16.577795,-0.080132, 1.000000;;
                }
              } // End of Armature_ball_r
            } // End of Armature_foot_r
          } // End of Armature_calf_r
          Frame Armature_thigh_twist_01_r {
            FrameTransformMatrix {
               0.541214, 0.000534, 0.840885, 0.000000,
              -0.000983, 1.000000,-0.000003, 0.000000,
              -0.840884,-0.000825, 0.541214, 0.000000,
              -0.000003,22.094240,-0.000000, 1.000000;;
            }
          } // End of Armature_thigh_twist_01_r
        } // End of Armature_thigh_r
      } // End of Armature_pelvis
    } // End of Armature_root
  } // End of Armature
} // End of Root
AnimationSet Global {
  Animation {
    {Armature}
    AnimationKey { // Rotation
      0;
      23;
      0;4;-0.707107, 0.707107, 0.000000, 0.000000;;,
      1;4;-0.707107, 0.707107, 0.000000, 0.000000;;,
      2;4;-0.707107, 0.707107, 0.000000, 0.000000;;,
      3;4;-0.707107, 0.707107, 0.000000, 0.000000;;,
      4;4;-0.707107, 0.707107, 0.000000, 0.000000;;,
      5;4;-0.707107, 0.707107, 0.000000, 0.000000;;,
      6;4;-0.707107, 0.707107, 0.000000, 0.000000;;,
      7;4;-0.707107, 0.707107, 0.000000, 0.000000;;,
      8;4;-0.707107, 0.707107, 0.000000, 0.000000;;,
      9;4;-0.707107, 0.707107, 0.000000, 0.000000;;,
      10;4;-0.707107, 0.707107, 0.000000, 0.000000;;,
      11;4;-0.707107, 0.707107, 0.000000, 0.000000;;,
      12;4;-0.707107, 0.707107, 0.000000, 0.000000;;,
      13;4;-0.707107, 0.707107, 0.000000, 0.000000;;,
      14;4;-0.707107, 0.707107, 0.000000, 0.000000;;,
      15;4;-0.707107, 0.707107, 0.000000, 0.000000;;,
      16;4;-0.707107, 0.707107, 0.000000, 0.000000;;,
      17;4;-0.707107, 0.707107, 0.000000, 0.000000;;,
      18;4;-0.707107, 0.707107, 0.000000, 0.000000;;,
      19;4;-0.707107, 0.707107, 0.000000, 0.000000;;,
      20;4;-0.707107, 0.707107, 0.000000, 0.000000;;,
      21;4;-0.707107, 0.707107, 0.000000, 0.000000;;,
      22;4;-0.707107, 0.707107, 0.000000, 0.000000;;;
    }
    AnimationKey { // Scale
      1;
      23;
      0;3; 0.010000, 0.010000, 0.010000;;,
      1;3; 0.010000, 0.010000, 0.010000;;,
      2;3; 0.010000, 0.010000, 0.010000;;,
      3;3; 0.010000, 0.010000, 0.010000;;,
      4;3; 0.010000, 0.010000, 0.010000;;,
      5;3; 0.010000, 0.010000, 0.010000;;,
      6;3; 0.010000, 0.010000, 0.010000;;,
      7;3; 0.010000, 0.010000, 0.010000;;,
      8;3; 0.010000, 0.010000, 0.010000;;,
      9;3; 0.010000, 0.010000, 0.010000;;,
      10;3; 0.010000, 0.010000, 0.010000;;,
      11;3; 0.010000, 0.010000, 0.010000;;,
      12;3; 0.010000, 0.010000, 0.010000;;,
      13;3; 0.010000, 0.010000, 0.010000;;,
      14;3; 0.010000, 0.010000, 0.010000;;,
      15;3; 0.010000, 0.010000, 0.010000;;,
      16;3; 0.010000, 0.010000, 0.010000;;,
      17;3; 0.010000, 0.010000, 0.010000;;,
      18;3; 0.010000, 0.010000, 0.010000;;,
      19;3; 0.010000, 0.010000, 0.010000;;,
      20;3; 0.010000, 0.010000, 0.010000;;,
      21;3; 0.010000, 0.010000, 0.010000;;,
      22;3; 0.010000, 0.010000, 0.010000;;;
    }
    AnimationKey { // Position
      2;
      23;
      0;3; 0.000000, 0.000000, 0.000000;;,
      1;3; 0.000000, 0.000000, 0.000000;;,
      2;3; 0.000000, 0.000000, 0.000000;;,
      3;3; 0.000000, 0.000000, 0.000000;;,
      4;3; 0.000000, 0.000000, 0.000000;;,
      5;3; 0.000000, 0.000000, 0.000000;;,
      6;3; 0.000000, 0.000000, 0.000000;;,
      7;3; 0.000000, 0.000000, 0.000000;;,
      8;3; 0.000000, 0.000000, 0.000000;;,
      9;3; 0.000000, 0.000000, 0.000000;;,
      10;3; 0.000000, 0.000000, 0.000000;;,
      11;3; 0.000000, 0.000000, 0.000000;;,
      12;3; 0.000000, 0.000000, 0.000000;;,
      13;3; 0.000000, 0.000000, 0.000000;;,
      14;3; 0.000000, 0.000000, 0.000000;;,
      15;3; 0.000000, 0.000000, 0.000000;;,
      16;3; 0.000000, 0.000000, 0.000000;;,
      17;3; 0.000000, 0.000000, 0.000000;;,
      18;3; 0.000000, 0.000000, 0.000000;;,
      19;3; 0.000000, 0.000000, 0.000000;;,
      20;3; 0.000000, 0.000000, 0.000000;;,
      21;3; 0.000000, 0.000000, 0.000000;;,
      22;3; 0.000000, 0.000000, 0.000000;;;
    }
  }
  Animation {
    {Armature_root}
    AnimationKey { // Rotation
      0;
      23;
      0;4;-1.000000,-0.000000, 0.000000, 0.000000;;,
      1;4;-1.000000,-0.000000, 0.000000, 0.000000;;,
      2;4;-1.000000,-0.000000, 0.000000, 0.000000;;,
      3;4;-1.000000,-0.000000, 0.000000, 0.000000;;,
      4;4;-1.000000,-0.000000, 0.000000, 0.000000;;,
      5;4;-1.000000,-0.000000, 0.000000, 0.000000;;,
      6;4;-1.000000,-0.000000, 0.000000, 0.000000;;,
      7;4;-1.000000,-0.000000, 0.000000, 0.000000;;,
      8;4;-1.000000,-0.000000, 0.000000, 0.000000;;,
      9;4;-1.000000,-0.000000, 0.000000, 0.000000;;,
      10;4;-1.000000,-0.000000, 0.000000, 0.000000;;,
      11;4;-1.000000,-0.000000, 0.000000, 0.000000;;,
      12;4;-1.000000,-0.000000, 0.000000, 0.000000;;,
      13;4;-1.000000,-0.000000, 0.000000, 0.000000;;,
      14;4;-1.000000,-0.000000, 0.000000, 0.000000;;,
      15;4;-1.000000,-0.000000, 0.000000, 0.000000;;,
      16;4;-1.000000,-0.000000, 0.000000, 0.000000;;,
      17;4;-1.000000,-0.000000, 0.000000, 0.000000;;,
      18;4;-1.000000,-0.000000, 0.000000, 0.000000;;,
      19;4;-1.000000,-0.000000, 0.000000, 0.000000;;,
      20;4;-1.000000,-0.000000, 0.000000, 0.000000;;,
      21;4;-1.000000,-0.000000, 0.000000, 0.000000;;,
      22;4;-1.000000,-0.000000, 0.000000, 0.000000;;;
    }
    AnimationKey { // Scale
      1;
      23;
      0;3; 1.000000, 1.000000, 1.000000;;,
      1;3; 1.000000, 1.000000, 1.000000;;,
      2;3; 1.000000, 1.000000, 1.000000;;,
      3;3; 1.000000, 1.000000, 1.000000;;,
      4;3; 1.000000, 1.000000, 1.000000;;,
      5;3; 1.000000, 1.000000, 1.000000;;,
      6;3; 1.000000, 1.000000, 1.000000;;,
      7;3; 1.000000, 1.000000, 1.000000;;,
      8;3; 1.000000, 1.000000, 1.000000;;,
      9;3; 1.000000, 1.000000, 1.000000;;,
      10;3; 1.000000, 1.000000, 1.000000;;,
      11;3; 1.000000, 1.000000, 1.000000;;,
      12;3; 1.000000, 1.000000, 1.000000;;,
      13;3; 1.000000, 1.000000, 1.000000;;,
      14;3; 1.000000, 1.000000, 1.000000;;,
      15;3; 1.000000, 1.000000, 1.000000;;,
      16;3; 1.000000, 1.000000, 1.000000;;,
      17;3; 1.000000, 1.000000, 1.000000;;,
      18;3; 1.000000, 1.000000, 1.000000;;,
      19;3; 1.000000, 1.000000, 1.000000;;,
      20;3; 1.000000, 1.000000, 1.000000;;,
      21;3; 1.000000, 1.000000, 1.000000;;,
      22;3; 1.000000, 1.000000, 1.000000;;;
    }
    AnimationKey { // Position
      2;
      23;
      0;3; 0.000000, 0.000000, 0.000000;;,
      1;3; 0.000000, 0.000000, 0.000000;;,
      2;3; 0.000000, 0.000000, 0.000000;;,
      3;3; 0.000000, 0.000000, 0.000000;;,
      4;3; 0.000000, 0.000000, 0.000000;;,
      5;3; 0.000000, 0.000000, 0.000000;;,
      6;3; 0.000000, 0.000000, 0.000000;;,
      7;3; 0.000000, 0.000000, 0.000000;;,
      8;3; 0.000000, 0.000000, 0.000000;;,
      9;3; 0.000000, 0.000000, 0.000000;;,
      10;3; 0.000000, 0.000000, 0.000000;;,
      11;3; 0.000000, 0.000000, 0.000000;;,
      12;3; 0.000000, 0.000000, 0.000000;;,
      13;3; 0.000000, 0.000000, 0.000000;;,
      14;3; 0.000000, 0.000000, 0.000000;;,
      15;3; 0.000000, 0.000000, 0.000000;;,
      16;3; 0.000000, 0.000000, 0.000000;;,
      17;3; 0.000000, 0.000000, 0.000000;;,
      18;3; 0.000000, 0.000000, 0.000000;;,
      19;3; 0.000000, 0.000000, 0.000000;;,
      20;3; 0.000000, 0.000000, 0.000000;;,
      21;3; 0.000000, 0.000000, 0.000000;;,
      22;3; 0.000000, 0.000000, 0.000000;;;
    }
  }
  Animation {
    {Armature_pelvis}
    AnimationKey { // Rotation
      0;
      23;
      0;4;-0.195893, 0.444129, 0.811385, 0.325623;;,
      1;4;-0.217474, 0.435746, 0.808613, 0.330115;;,
      2;4;-0.241232, 0.426625, 0.804758, 0.334907;;,
      3;4;-0.266821, 0.416930, 0.799667, 0.339866;;,
      4;4;-0.293878, 0.406818, 0.793217, 0.344880;;,
      5;4;-0.322027, 0.396445, 0.785323, 0.349855;;,
      6;4;-0.350886, 0.385957, 0.775945, 0.354718;;,
      7;4;-0.380070, 0.375493, 0.765096, 0.359415;;,
      8;4;-0.409199, 0.365177, 0.752842, 0.363909;;,
      9;4;-0.437903, 0.355125, 0.739306, 0.368176;;,
      10;4;-0.465833, 0.345437, 0.724664, 0.372203;;,
      11;4;-0.492663, 0.336199, 0.709147, 0.375984;;,
      12;4;-0.518097, 0.327487, 0.693033, 0.379516;;,
      13;4;-0.541874, 0.319365, 0.676642, 0.382798;;,
      14;4;-0.563766, 0.311890, 0.660327, 0.385825;;,
      15;4;-0.583580, 0.305110, 0.644469, 0.388589;;,
      16;4;-0.601156, 0.299072, 0.629466, 0.391075;;,
      17;4;-0.616357, 0.293820, 0.615725, 0.393264;;,
      18;4;-0.629066, 0.289398, 0.603653, 0.395131;;,
      19;4;-0.639176, 0.285856, 0.593645, 0.396644;;,
      20;4;-0.646574, 0.283247, 0.586083, 0.397770;;,
      21;4;-0.651132, 0.281630, 0.581318, 0.398473;;,
      22;4;-0.652694, 0.281074, 0.579667, 0.398715;;;
    }
    AnimationKey { // Scale
      1;
      23;
      0;3; 1.000000, 1.000000, 1.000000;;,
      1;3; 1.000000, 1.000000, 1.000000;;,
      2;3; 1.000000, 1.000000, 1.000000;;,
      3;3; 1.000000, 1.000000, 1.000000;;,
      4;3; 1.000000, 1.000000, 1.000000;;,
      5;3; 1.000000, 1.000000, 1.000000;;,
      6;3; 1.000000, 1.000000, 1.000000;;,
      7;3; 1.000000, 1.000000, 1.000000;;,
      8;3; 1.000000, 1.000000, 1.000000;;,
      9;3; 1.000000, 1.000000, 1.000000;;,
      10;3; 1.000000, 1.000000, 1.000000;;,
      11;3; 1.000000, 1.000000, 1.000000;;,
      12;3; 1.000000, 1.000000, 1.000000;;,
      13;3; 1.000000, 1.000000, 1.000000;;,
      14;3; 1.000000, 1.000000, 1.000000;;,
      15;3; 1.000000, 1.000000, 1.000000;;,
      16;3; 1.000000, 1.000000, 1.000000;;,
      17;3; 1.000000, 1.000000, 1.000000;;,
      18;3; 1.000000, 1.000000, 1.000000;;,
      19;3; 1.000000, 1.000000, 1.000000;;,
      20;3; 1.000000, 1.000000, 1.000000;;,
      21;3; 1.000000, 1.000000, 1.000000;;,
      22;3; 1.000000, 1.000000, 1.000000;;;
    }
    AnimationKey { // Position
      2;
      23;
      0;3;-1.507544,94.080399,-2.139821;;,
      1;3;-1.445026,95.758110,-2.139818;;,
      2;3;-1.372161,97.493347,-2.139820;;,
      3;3;-1.290240,99.171051,-2.139821;;,
      4;3;-1.200559,100.676208,-2.139821;;,
      5;3;-1.104411,101.893745,-2.139821;;,
      6;3;-1.003089,102.708641,-2.139820;;,
      7;3;-0.897886,103.005836,-2.139824;;,
      8;3;-0.790096,102.880684,-2.139822;;,
      9;3;-0.681013,102.528519,-2.139822;;,
      10;3;-0.571931,101.984261,-2.139820;;,
      11;3;-0.464140,101.282845,-2.139821;;,
      12;3;-0.358938,100.459190,-2.139821;;,
      13;3;-0.257615,99.548218,-2.139820;;,
      14;3;-0.161467,98.584854,-2.139821;;,
      15;3;-0.071786,97.604034,-2.139821;;,
      16;3; 0.010134,96.640671,-2.139822;;,
      17;3; 0.083000,95.729698,-2.139817;;,
      18;3; 0.145518,94.906044,-2.139817;;,
      19;3; 0.196394,94.204620,-2.139818;;,
      20;3; 0.234337,93.660370,-2.139819;;,
      21;3; 0.258050,93.308205,-2.139817;;,
      22;3; 0.266241,93.183052,-2.139818;;;
    }
  }
  Animation {
    {Armature_spine_01}
    AnimationKey { // Rotation
      0;
      23;
