xof 0303txt 0032

template XSkinMeshHeader {
  <3cf169ce-ff7c-44ab-93c0-f78f62d172e2>
  WORD nMaxSkinWeightsPerVertex;
  WORD nMaxSkinWeightsPerFace;
  WORD nBones;
}

template SkinWeights {
  <6f0d123b-bad2-4167-a0d0-80224f25fabb>
  STRING transformNodeName;
  DWORD nWeights;
  array DWORD vertexIndices[nWeights];
  array float weights[nWeights];
  Matrix4x4 matrixOffset;
}

Frame Root {
  FrameTransformMatrix {
     1.000000, 0.000000, 0.000000, 0.000000,
     0.000000,-0.000000,-1.000000, 0.000000,
     0.000000, 1.000000,-0.000000, 0.000000,
     0.000000, 0.000000, 0.000000, 1.000000;;
  }
  Frame Armature {
    FrameTransformMatrix {
       0.010000, 0.000000, 0.000000, 0.000000,
       0.000000,-0.000000, 0.010000, 0.000000,
       0.000000,-0.010000,-0.000000, 0.000000,
       0.000000, 0.000000, 0.000000, 1.000000;;
    }
    Frame Armature_root {
      FrameTransformMatrix {
         1.000000, 0.000000, 0.000000, 0.000000,
         0.000000, 1.000000,-0.000000, 0.000000,
         0.000000, 0.000000, 1.000000, 0.000000,
         0.000000, 0.000000, 0.000000, 1.000000;;
      }
      Frame Armature_ik_foot_root {
        FrameTransformMatrix {
           1.000000, 0.000000, 0.000000, 0.000000,
           0.000000, 1.000000, 0.000000, 0.000000,
           0.000000, 0.000000, 1.000000, 0.000000,
           0.000000, 0.000000, 0.000000, 1.000000;;
        }
        Frame Armature_ik_foot_l {
          FrameTransformMatrix {
            -0.016147, 0.999765, 0.014486, 0.000000,
            -0.932343,-0.020289, 0.361005, 0.000000,
             0.361214,-0.007677, 0.932451, 0.000000,
            17.670996,13.537493,30.857885, 1.000000;;
          }
        } // End of Armature_ik_foot_l
        Frame Armature_ik_foot_r {
          FrameTransformMatrix {
             0.032057,-0.106816,-0.993762, 0.000000,
            -0.998106, 0.048801,-0.037442, 0.000000,
             0.052496, 0.993080,-0.105049, 0.000000,
            -16.988256,20.862482,-18.025921, 1.000000;;
          }
        } // End of Armature_ik_foot_r
      } // End of Armature_ik_foot_root
      Frame Armature_ik_hand_root {
        FrameTransformMatrix {
           1.000000, 0.000000, 0.000000, 0.000000,
           0.000000, 0.000000, 1.000000, 0.000000,
           0.000000,-1.000000, 0.000000, 0.000000,
           0.000000, 0.000000, 0.000000, 1.000000;;
        }
        Frame Armature_ik_hand_gun {
          FrameTransformMatrix {
            -0.025024, 0.131562,-0.990993, 0.000000,
             0.254598,-0.957777,-0.133581, 0.000000,
            -0.966723,-0.255648,-0.009526, 0.000000,
            -32.830185,36.489758,-8.479740, 1.000000;;
          }
          Frame Armature_ik_hand_l {
            FrameTransformMatrix {
              -0.976002, 0.138513,-0.168033, 0.000000,
              -0.149677,-0.987168, 0.055638, 0.000000,
              -0.158170, 0.079454, 0.984210, 0.000000,
              53.934101,34.501686,-44.189945, 1.000000;;
            }
          } // End of Armature_ik_hand_l
          Frame Armature_ik_hand_r {
            FrameTransformMatrix {
               1.000000,-0.000000, 0.000000, 0.000000,
               0.000000, 1.000000, 0.000000, 0.000000,
              -0.000000,-0.000000, 1.000000, 0.000000,
              -0.000001, 0.000011,-0.000002, 1.000000;;
            }
          } // End of Armature_ik_hand_r
        } // End of Armature_ik_hand_gun
      } // End of Armature_ik_hand_root
      Frame Armature_pelvis {
        FrameTransformMatrix {
          -0.378224, 0.224346,-0.898118, 0.000000,
          -0.313141, 0.881989, 0.352190, 0.000000,
           0.871143, 0.414444,-0.263338, 0.000000,
          -7.350697,43.316902,-9.497009, 1.000000;;
        }
        Frame Armature_spine_01 {
          FrameTransformMatrix {
             0.830368, 0.521904,-0.195206, 0.000000,
            -0.551194, 0.820704,-0.150434, 0.000000,
             0.081694, 0.232512, 0.969157, 0.000000,
            -0.851415,10.808878,-0.000002, 1.000000;;
          }
          Frame Armature_spine_02 {
            FrameTransformMatrix {
               0.986075, 0.115934,-0.119226, 0.000000,
              -0.121338, 0.991841,-0.039089, 0.000000,
               0.113722, 0.053012, 0.992097, 0.000000,
               3.770058,18.822598, 0.502605, 1.000000;;
            }
            Frame Armature_spine_03 {
              FrameTransformMatrix {
                 0.970014, 0.207921,-0.125865, 0.000000,
                -0.205566, 0.978134, 0.031565, 0.000000,
                 0.129676,-0.004745, 0.991545, 0.000000,
                 0.408446,13.412255, 0.100825, 1.000000;;
              }
              Frame Armature_clavicle_l {
                FrameTransformMatrix {
                   0.814356, 0.159863,-0.557914, 0.000000,
                   0.575340,-0.096135, 0.812245, 0.000000,
                   0.076213,-0.982447,-0.170264, 0.000000,
                  -2.732088,11.883686, 3.781986, 1.000000;;
                }
                Frame Armature_upperarm_l {
                  FrameTransformMatrix {
                     0.188417, 0.963697, 0.189173, 0.000000,
                    -0.916582, 0.103384, 0.386250, 0.000000,
                     0.352671,-0.246168, 0.902787, 0.000000,
                     0.000000,15.784881, 0.000002, 1.000000;;
                  }
                  Frame Armature_lowerarm_l {
                    FrameTransformMatrix {
                      -0.039338, 0.999226,-0.000000, 0.000000,
                      -0.999226,-0.039338,-0.000000, 0.000000,
                      -0.000000, 0.000000, 1.000000, 0.000000,
                       0.000018,30.339928,-0.000010, 1.000000;;
                    }
                    Frame Armature_hand_l {
                      FrameTransformMatrix {
                         0.447198, 0.682258, 0.578392, 0.000000,
                        -0.704131, 0.667300,-0.242715, 0.000000,
                        -0.551555,-0.298722, 0.778814, 0.000000,
                         0.000006,26.975147, 0.000010, 1.000000;;
                      }
                      Frame Armature_index_01_l {
                        FrameTransformMatrix {
                           0.772090,-0.570947,-0.279098, 0.000000,
                           0.603961, 0.795870, 0.042682, 0.000000,
                           0.197757,-0.201519, 0.959314, 0.000000,
                           1.763463,12.068114, 2.109399, 1.000000;;
                        }
                        Frame Armature_index_02_l {
                          FrameTransformMatrix {
                             0.534086,-0.822018,-0.197581, 0.000000,
                             0.844375, 0.506977, 0.173222, 0.000000,
                            -0.042222,-0.259348, 0.964860, 0.000000,
                            -0.000001, 4.287501, 0.000001, 1.000000;;
                          }
                          Frame Armature_index_03_l {
                            FrameTransformMatrix {
                               0.894195,-0.437956,-0.092787, 0.000000,
                               0.447507, 0.880150, 0.158342, 0.000000,
                               0.012319,-0.183112, 0.983015, 0.000000,
                               0.000001, 3.393792,-0.000003, 1.000000;;
                            }
                          } // End of Armature_index_03_l
                        } // End of Armature_index_02_l
                      } // End of Armature_index_01_l
                      Frame Armature_middle_01_l {
                        FrameTransformMatrix {
                           0.808396,-0.588383,-0.017372, 0.000000,
                           0.587837, 0.808483,-0.028348, 0.000000,
                           0.030725, 0.012705, 0.999447, 0.000000,
                           1.293642,12.244283,-0.571161, 1.000000;;
                        }
                        Frame Armature_middle_02_l {
                          FrameTransformMatrix {
                             0.441722,-0.897083,-0.011149, 0.000000,
                             0.895693, 0.440261, 0.062488, 0.000000,
                            -0.051148,-0.037589, 0.997983, 0.000000,
                             0.000003, 4.640382, 0.000001, 1.000000;;
                          }
                          Frame Armature_middle_03_l {
                            FrameTransformMatrix {
                               0.899939,-0.435890,-0.010423, 0.000000,
                               0.435592, 0.899863,-0.022520, 0.000000,
                               0.019196, 0.015727, 0.999692, 0.000000,
                              -0.000001, 3.648844, 0.000000, 1.000000;;
                            }
                          } // End of Armature_middle_03_l
                        } // End of Armature_middle_02_l
                      } // End of Armature_middle_01_l
                      Frame Armature_pinky_01_l {
                        FrameTransformMatrix {
                           0.693369,-0.590280, 0.413290, 0.000000,
                           0.699430, 0.689264,-0.188980, 0.000000,
                          -0.173315, 0.420100, 0.890774, 0.000000,
                           2.263149,10.140668,-4.643150, 1.000000;;
                        }
                        Frame Armature_pinky_02_l {
                          FrameTransformMatrix {
                             0.565675,-0.814955, 0.125934, 0.000000,
                             0.821224, 0.542872,-0.175729, 0.000000,
                             0.074845, 0.202826, 0.976351, 0.000000,
                             0.000001, 3.570982, 0.000004, 1.000000;;
                          }
                          Frame Armature_pinky_03_l {
                            FrameTransformMatrix {
                               0.280905,-0.941638, 0.185498, 0.000000,
                               0.958935, 0.267487,-0.094307, 0.000000,
                               0.039185, 0.204372, 0.978109, 0.000000,
                              -0.000000, 2.985626, 0.000003, 1.000000;;
                            }
                          } // End of Armature_pinky_03_l
                        } // End of Armature_pinky_02_l
                      } // End of Armature_pinky_01_l
                      Frame Armature_ring_01_l {
                        FrameTransformMatrix {
                           0.783703,-0.571261, 0.243866, 0.000000,
                           0.604404, 0.791872,-0.087375, 0.000000,
                          -0.143196, 0.215870, 0.965865, 0.000000,
                           1.753530,11.497883,-2.846912, 1.000000;;
                        }
                        Frame Armature_ring_02_l {
                          FrameTransformMatrix {
                             0.269848,-0.950087, 0.156576, 0.000000,
                             0.959860, 0.252497,-0.122125, 0.000000,
                             0.076495, 0.183247, 0.980086, 0.000000,
                            -0.000002, 4.430177, 0.000000, 1.000000;;
                          }
                          Frame Armature_ring_03_l {
                            FrameTransformMatrix {
                               0.830596,-0.554079, 0.055737, 0.000000,
                               0.556808, 0.827880,-0.067666, 0.000000,
                              -0.008651, 0.087238, 0.996150, 0.000000,
                               0.000002, 3.476649, 0.000004, 1.000000;;
                            }
                          } // End of Armature_ring_03_l
                        } // End of Armature_ring_02_l
                      } // End of Armature_ring_01_l
                      Frame Armature_thumb_01_l {
                        FrameTransformMatrix {
                           0.258636, 0.595428,-0.760640, 0.000000,
                           0.450100, 0.622443, 0.640293, 0.000000,
                           0.854703,-0.507967,-0.107016, 0.000000,
                           2.374976, 4.762033, 2.537820, 1.000000;;
                        }
                        Frame Armature_thumb_02_l {
                          FrameTransformMatrix {
                             0.838599,-0.541970, 0.054962, 0.000000,
                             0.536560, 0.839206, 0.088526, 0.000000,
                            -0.094103,-0.044747, 0.994556, 0.000000,
                             0.000001, 3.869679, 0.000000, 1.000000;;
                          }
                          Frame Armature_thumb_03_l {
                            FrameTransformMatrix {
                               0.987876,-0.092192,-0.124907, 0.000000,
                               0.058954, 0.967085,-0.247532, 0.000000,
                               0.143616, 0.237167, 0.960795, 0.000000,
                              -0.000001, 4.062172,-0.000003, 1.000000;;
                            }
                          } // End of Armature_thumb_03_l
                        } // End of Armature_thumb_02_l
                      } // End of Armature_thumb_01_l
                    } // End of Armature_hand_l
                    Frame Armature_lowerarm_twist_01_l {
                      FrameTransformMatrix {
                         0.943450, 0.000000,-0.331515, 0.000000,
                        -0.000000, 1.000000,-0.000000, 0.000000,
                         0.331515, 0.000000, 0.943450, 0.000000,
                         0.000005,14.000008, 0.000007, 1.000000;;
                      }
                    } // End of Armature_lowerarm_twist_01_l
                  } // End of Armature_lowerarm_l
                  Frame Armature_upperarm_twist_01_l {
                    FrameTransformMatrix {
                       0.991946,-0.000001,-0.126664, 0.000000,
                       0.000001, 1.000000,-0.000000, 0.000000,
                       0.126664, 0.000000, 0.991946, 0.000000,
                      -0.000003, 0.499997, 0.000005, 1.000000;;
                    }
                  } // End of Armature_upperarm_twist_01_l
                } // End of Armature_upperarm_l
              } // End of Armature_clavicle_l
              Frame Armature_clavicle_r {
                FrameTransformMatrix {
                  -0.890343,-0.146926,-0.430932, 0.000000,
                   0.429192, 0.045001,-0.902091, 0.000000,
                   0.151933,-0.988123, 0.022993, 0.000000,
                  -2.732099,11.883787,-3.782000, 1.000000;;
                }
                Frame Armature_upperarm_r {
                  FrameTransformMatrix {
                     0.716680,-0.466073,-0.518792, 0.000000,
                     0.683457, 0.617396, 0.389498, 0.000000,
                     0.138766,-0.633718, 0.761017, 0.000000,
                    -0.000046,15.784748, 0.000079, 1.000000;;
                  }
                  Frame Armature_lowerarm_r {
                    FrameTransformMatrix {
                       0.872798,-0.488081,-0.000000, 0.000000,
                       0.488081, 0.872798, 0.000000, 0.000000,
                      -0.000000,-0.000000, 1.000000, 0.000000,
                      -0.000006,30.340065,-0.000009, 1.000000;;
                    }
                    Frame Armature_hand_r {
                      FrameTransformMatrix {
                         0.264802,-0.954332,-0.138311, 0.000000,
                         0.203517, 0.195510,-0.959352, 0.000000,
                         0.942582, 0.225890, 0.245994, 0.000000,
                        -0.000003,26.975250,-0.000002, 1.000000;;
                      }
                      Frame Armature_index_01_r {
                        FrameTransformMatrix {
                           0.915961, 0.345443, 0.204171, 0.000000,
                          -0.376735, 0.915502, 0.141160, 0.000000,
                          -0.138156,-0.206216, 0.968704, 0.000000,
                          -1.763727,12.067947, 2.109434, 1.000000;;
                        }
                        Frame Armature_index_02_r {
                          FrameTransformMatrix {
                             0.987205, 0.157677, 0.023738, 0.000000,
                            -0.157551, 0.987485,-0.007095, 0.000000,
                            -0.024559, 0.003264, 0.999693, 0.000000,
                             0.000093, 4.287688,-0.000080, 1.000000;;
                          }
                          Frame Armature_index_03_r {
                            FrameTransformMatrix {
                               0.758717,-0.651371, 0.007988, 0.000000,
                               0.651033, 0.758632, 0.025160, 0.000000,
                              -0.022448,-0.013889, 0.999652, 0.000000,
                               0.000123, 3.393805,-0.000015, 1.000000;;
                            }
                          } // End of Armature_index_03_r
                        } // End of Armature_index_02_r
                      } // End of Armature_index_01_r
                      Frame Armature_middle_01_r {
                        FrameTransformMatrix {
                           0.962485, 0.271213, 0.008117, 0.000000,
                          -0.271298, 0.962415, 0.012458, 0.000000,
                          -0.004433,-0.014192, 0.999889, 0.000000,
                          -1.293726,12.244122,-0.571123, 1.000000;;
                        }
                        Frame Armature_middle_02_r {
                          FrameTransformMatrix {
                             0.976358, 0.213253,-0.035327, 0.000000,
                            -0.212659, 0.976925, 0.019841, 0.000000,
                             0.038743,-0.011859, 0.999179, 0.000000,
                            -0.000145, 4.640570, 0.000003, 1.000000;;
                          }
                          Frame Armature_middle_03_r {
                            FrameTransformMatrix {
                               0.932801,-0.359768, 0.021221, 0.000000,
                               0.360322, 0.929825,-0.074790, 0.000000,
                               0.007176, 0.077411, 0.996973, 0.000000,
                               0.000033, 3.648911,-0.000006, 1.000000;;
                            }
                          } // End of Armature_middle_03_r
                        } // End of Armature_middle_02_r
                      } // End of Armature_middle_01_r
                      Frame Armature_pinky_01_r {
                        FrameTransformMatrix {
                           0.878102, 0.311048,-0.363575, 0.000000,
                          -0.399979, 0.894213,-0.201001, 0.000000,
                           0.262592, 0.321921, 0.909622, 0.000000,
                          -2.263356,10.140599,-4.643093, 1.000000;;
                        }
                        Frame Armature_pinky_02_r {
                          FrameTransformMatrix {
                             0.980676, 0.194757, 0.018564, 0.000000,
                            -0.194322, 0.980669,-0.022960, 0.000000,
                            -0.022677, 0.018909, 0.999564, 0.000000,
                            -0.000078, 3.571052,-0.000004, 1.000000;;
                          }
                          Frame Armature_pinky_03_r {
                            FrameTransformMatrix {
                               0.961786,-0.273529,-0.012220, 0.000000,
                               0.273724, 0.959484, 0.066823, 0.000000,
                              -0.006553,-0.067615, 0.997690, 0.000000,
                               0.000318, 2.985418,-0.000035, 1.000000;;
                            }
                          } // End of Armature_pinky_03_r
                        } // End of Armature_pinky_02_r
                      } // End of Armature_pinky_01_r
                      Frame Armature_ring_01_r {
                        FrameTransformMatrix {
                           0.945645, 0.254553,-0.202381, 0.000000,
                          -0.284379, 0.949169,-0.134930, 0.000000,
                           0.157747, 0.185149, 0.969967, 0.000000,
                          -1.753769,11.497977,-2.846912, 1.000000;;
                        }
                        Frame Armature_ring_02_r {
                          FrameTransformMatrix {
                             0.973068, 0.230458, 0.005257, 0.000000,
                            -0.230214, 0.972704,-0.029139, 0.000000,
                            -0.011829, 0.027143, 0.999562, 0.000000,
                             0.000085, 4.429868,-0.000017, 1.000000;;
                          }
                          Frame Armature_ring_03_r {
                            FrameTransformMatrix {
                               0.867709,-0.496620,-0.021188, 0.000000,
                               0.497042, 0.866396, 0.048034, 0.000000,
                              -0.005498,-0.052210, 0.998621, 0.000000,
                               0.000073, 3.476660, 0.000002, 1.000000;;
                            }
                          } // End of Armature_ring_03_r
                        } // End of Armature_ring_02_r
                      } // End of Armature_ring_01_r
                      Frame Armature_thumb_01_r {
                        FrameTransformMatrix {
                           0.214111,-0.639805, 0.738110, 0.000000,
                          -0.504815, 0.574426, 0.644358, 0.000000,
                          -0.836253,-0.510573,-0.199992, 0.000000,
                          -2.375120, 4.762126, 2.537807, 1.000000;;
                        }
                        Frame Armature_thumb_02_r {
                          FrameTransformMatrix {
                             0.695291, 0.708921,-0.118326, 0.000000,
                            -0.717108, 0.695306,-0.048018, 0.000000,
                             0.048231, 0.118239, 0.991813, 0.000000,
                             0.000116, 3.869573, 0.000053, 1.000000;;
                          }
                          Frame Armature_thumb_03_r {
                            FrameTransformMatrix {
                               0.908864, 0.399159, 0.120990, 0.000000,
                              -0.322955, 0.857042,-0.401472, 0.000000,
                              -0.263945, 0.325809, 0.907844, 0.000000,
                               0.000003, 4.062179, 0.000005, 1.000000;;
                            }
                          } // End of Armature_thumb_03_r
                        } // End of Armature_thumb_02_r
                      } // End of Armature_thumb_01_r
                      Frame Armature_weapon_r {
                        FrameTransformMatrix {
                          -0.005470,-0.000002,-0.999985, 0.000000,
                          -0.000001,-1.000000, 0.000002, 0.000000,
                          -0.999985, 0.000002, 0.005470, 0.000000,
                          -4.667003,11.309007,-1.093000, 1.000000;;
                        }
                      } // End of Armature_weapon_r
                    } // End of Armature_hand_r
                    Frame Armature_lowerarm_twist_01_r {
                      FrameTransformMatrix {
                         0.994843,-0.000000,-0.101422, 0.000000,
                         0.000000, 1.000000, 0.000000, 0.000000,
                         0.101422,-0.000000, 0.994843, 0.000000,
                         0.000024,14.000007,-0.000009, 1.000000;;
                      }
                    } // End of Armature_lowerarm_twist_01_r
                  } // End of Armature_lowerarm_r
                  Frame Armature_upperarm_twist_01_r {
                    FrameTransformMatrix {
                       0.977761,-0.000000, 0.209721, 0.000000,
                       0.000000, 1.000000,-0.000000, 0.000000,
                      -0.209721, 0.000000, 0.977761, 0.000000,
                      -0.000008, 0.500006,-0.000006, 1.000000;;
                    }
                  } // End of Armature_upperarm_twist_01_r
                } // End of Armature_upperarm_r
              } // End of Armature_clavicle_r
              Frame Armature_neck_01 {
                FrameTransformMatrix {
                   0.782604, 0.613413,-0.106097, 0.000000,
                  -0.621772, 0.778581,-0.084916, 0.000000,
                   0.030517, 0.132424, 0.990723, 0.000000,
                  -0.355316,16.558784, 0.000003, 1.000000;;
                }
                Frame Armature_head {
                  FrameTransformMatrix {
                     0.735339, 0.061357, 0.674916, 0.000000,
                     0.189977, 0.937300,-0.292195, 0.000000,
                    -0.650527, 0.343081, 0.677577, 0.000000,
                     0.364166, 9.283609, 0.000001, 1.000000;;
                  }
                } // End of Armature_head
              } // End of Armature_neck_01
            } // End of Armature_spine_03
          } // End of Armature_spine_02
        } // End of Armature_spine_01
        Frame Armature_sword_holder {
          FrameTransformMatrix {
            -0.800356, 0.565502, 0.199091, 0.000000,
            -0.395974,-0.747962, 0.532689, 0.000000,
             0.450149, 0.347506, 0.822560, 0.000000,
            -14.935293,24.477270,18.883308, 1.000000;;
          }
        } // End of Armature_sword_holder
        Frame Armature_thigh_l {
          FrameTransformMatrix {
            -0.393364,-0.736349,-0.550505, 0.000000,
            -0.918290, 0.343861, 0.196220, 0.000000,
             0.044811, 0.582709,-0.811444, 0.000000,
            -0.531424,-1.448828, 9.005806, 1.000000;;
          }
          Frame Armature_calf_l {
            FrameTransformMatrix {
              -0.068676,-0.995520, 0.064984, 0.000000,
               0.989794,-0.076144,-0.120452, 0.000000,
               0.124861, 0.056049, 0.990590, 0.000000,
              -0.207710,42.343147, 0.031869, 1.000000;;
            }
            Frame Armature_calf_twist_01_l {
              FrameTransformMatrix {
                 0.999828,-0.015275,-0.010485, 0.000000,
                 0.015236, 0.999877,-0.003824, 0.000000,
                 0.010542, 0.003663, 0.999938, 0.000000,
                 0.000004,20.476767, 0.000002, 1.000000;;
              }
            } // End of Armature_calf_twist_01_l
            Frame Armature_foot_l {
              FrameTransformMatrix {
                -0.104574,-0.989849, 0.096245, 0.000000,
                -0.988054, 0.114422, 0.103237, 0.000000,
                -0.113201,-0.084300,-0.989989, 0.000000,
                 0.000299,40.196644,-0.000209, 1.000000;;
              }
              Frame Armature_ball_l {
                FrameTransformMatrix {
                  -0.032878, 0.999459, 0.000157, 0.000000,
                  -0.999459,-0.032877, 0.000068, 0.000000,
                   0.000073,-0.000155, 1.000000, 0.000000,
                  -10.453838,16.577864,-0.080160, 1.000000;;
                }
              } // End of Armature_ball_l
            } // End of Armature_foot_l
          } // End of Armature_calf_l
          Frame Armature_thigh_twist_01_l {
            FrameTransformMatrix {
               0.651819,-0.000644,-0.758374, 0.000000,
               0.000983, 0.999999,-0.000004, 0.000000,
               0.758374,-0.000743, 0.651819, 0.000000,
              -0.000003,22.094240,-0.000002, 1.000000;;
            }
          } // End of Armature_thigh_twist_01_l
        } // End of Armature_thigh_l
        Frame Armature_thigh_r {
          FrameTransformMatrix {
            -0.531164, 0.846860,-0.026325, 0.000000,
            -0.663581,-0.435125,-0.608544, 0.000000,
            -0.526806,-0.305768, 0.793083, 0.000000,
            -0.531427,-1.448642,-9.005805, 1.000000;;
          }
          Frame Armature_calf_r {
            FrameTransformMatrix {
              -0.856843, 0.487787,-0.166979, 0.000000,
              -0.481661,-0.872860,-0.078220, 0.000000,
              -0.183904, 0.013405, 0.982853, 0.000000,
               0.387021,42.480309, 0.055523, 1.000000;;
            }
            Frame Armature_calf_twist_01_r {
              FrameTransformMatrix {
                 0.998634, 0.015407, 0.049920, 0.000000,
                -0.015235, 0.999877,-0.003825, 0.000000,
                -0.049973, 0.003059, 0.998746, 0.000000,
                -0.000002,20.476912,-0.000002, 1.000000;;
              }
            } // End of Armature_calf_twist_01_r
            Frame Armature_foot_r {
              FrameTransformMatrix {
                 0.490947, 0.870567, 0.032937, 0.000000,
                 0.861383,-0.490731, 0.131165, 0.000000,
                 0.130351,-0.036024,-0.990813, 0.000000,
                 0.000425,40.196716,-0.000050, 1.000000;;
              }
              Frame Armature_ball_r {
                FrameTransformMatrix {
                   0.989576,-0.144012, 0.000072, 0.000000,
                   0.144012, 0.989576, 0.000160, 0.000000,
                  -0.000095,-0.000148, 1.000000, 0.000000,
                  10.453820,16.577806,-0.080237, 1.000000;;
                }
              } // End of Armature_ball_r
            } // End of Armature_foot_r
          } // End of Armature_calf_r
          Frame Armature_thigh_twist_01_r {
            FrameTransformMatrix {
               0.987913, 0.000972, 0.155004, 0.000000,
              -0.000983, 1.000000,-0.000003, 0.000000,
              -0.155004,-0.000150, 0.987914, 0.000000,
              -0.000002,22.094242,-0.000002, 1.000000;;
            }
          } // End of Armature_thigh_twist_01_r
        } // End of Armature_thigh_r
      } // End of Armature_pelvis
    } // End of Armature_root
  } // End of Armature
} // End of Root
AnimationSet Global {
  Animation {
    {Armature}
    AnimationKey { // Rotation
      0;
      77;
      0;4;-0.707107, 0.707107, 0.000000, 0.000000;;,
      1;4;-0.707107, 0.707107, 0.000000, 0.000000;;,
      2;4;-0.707107, 0.707107, 0.000000, 0.000000;;,
      3;4;-0.707107, 0.707107, 0.000000, 0.000000;;,
      4;4;-0.707107, 0.707107, 0.000000, 0.000000;;,
      5;4;-0.707107, 0.707107, 0.000000, 0.000000;;,
      6;4;-0.707107, 0.707107, 0.000000, 0.000000;;,
      7;4;-0.707107, 0.707107, 0.000000, 0.000000;;,
      8;4;-0.707107, 0.707107, 0.000000, 0.000000;;,
      9;4;-0.707107, 0.707107, 0.000000, 0.000000;;,
      10;4;-0.707107, 0.707107, 0.000000, 0.000000;;,
      11;4;-0.707107, 0.707107, 0.000000, 0.000000;;,
      12;4;-0.707107, 0.707107, 0.000000, 0.000000;;,
      13;4;-0.707107, 0.707107, 0.000000, 0.000000;;,
      14;4;-0.707107, 0.707107, 0.000000, 0.000000;;,
      15;4;-0.707107, 0.707107, 0.000000, 0.000000;;,
      16;4;-0.707107, 0.707107, 0.000000, 0.000000;;,
      17;4;-0.707107, 0.707107, 0.000000, 0.000000;;,
      18;4;-0.707107, 0.707107, 0.000000, 0.000000;;,
      19;4;-0.707107, 0.707107, 0.000000, 0.000000;;,
      20;4;-0.707107, 0.707107, 0.000000, 0.000000;;,
      21;4;-0.707107, 0.707107, 0.000000, 0.000000;;,
      22;4;-0.707107, 0.707107, 0.000000, 0.000000;;,
      23;4;-0.707107, 0.707107, 0.000000, 0.000000;;,
      24;4;-0.707107, 0.707107, 0.000000, 0.000000;;,
      25;4;-0.707107, 0.707107, 0.000000, 0.000000;;,
      26;4;-0.707107, 0.707107, 0.000000, 0.000000;;,
      27;4;-0.707107, 0.707107, 0.000000, 0.000000;;,
      28;4;-0.707107, 0.707107, 0.000000, 0.000000;;,
      29;4;-0.707107, 0.707107, 0.000000, 0.000000;;,
      30;4;-0.707107, 0.707107, 0.000000, 0.000000;;,
      31;4;-0.707107, 0.707107, 0.000000, 0.000000;;,
      32;4;-0.707107, 0.707107, 0.000000, 0.000000;;,
      33;4;-0.707107, 0.707107, 0.000000, 0.000000;;,
      34;4;-0.707107, 0.707107, 0.000000, 0.000000;;,
      35;4;-0.707107, 0.707107, 0.000000, 0.000000;;,
      36;4;-0.707107, 0.707107, 0.000000, 0.000000;;,
      37;4;-0.707107, 0.707107, 0.000000, 0.000000;;,
      38;4;-0.707107, 0.707107, 0.000000, 0.000000;;,
      39;4;-0.707107, 0.707107, 0.000000, 0.000000;;,
      40;4;-0.707107, 0.707107, 0.000000, 0.000000;;,
      41;4;-0.707107, 0.707107, 0.000000, 0.000000;;,
      42;4;-0.707107, 0.707107, 0.000000, 0.000000;;,
      43;4;-0.707107, 0.707107, 0.000000, 0.000000;;,
      44;4;-0.707107, 0.707107, 0.000000, 0.000000;;,
      45;4;-0.707107, 0.707107, 0.000000, 0.000000;;,
      46;4;-0.707107, 0.707107, 0.000000, 0.000000;;,
      47;4;-0.707107, 0.707107, 0.000000, 0.000000;;,
      48;4;-0.707107, 0.707107, 0.000000, 0.000000;;,
      49;4;-0.707107, 0.707107, 0.000000, 0.000000;;,
      50;4;-0.707107, 0.707107, 0.000000, 0.000000;;,
      51;4;-0.707107, 0.707107, 0.000000, 0.000000;;,
      52;4;-0.707107, 0.707107, 0.000000, 0.000000;;,
      53;4;-0.707107, 0.707107, 0.000000, 0.000000;;,
      54;4;-0.707107, 0.707107, 0.000000, 0.000000;;,
      55;4;-0.707107, 0.707107, 0.000000, 0.000000;;,
      56;4;-0.707107, 0.707107, 0.000000, 0.000000;;,
      57;4;-0.707107, 0.707107, 0.000000, 0.000000;;,
      58;4;-0.707107, 0.707107, 0.000000, 0.000000;;,
      59;4;-0.707107, 0.707107, 0.000000, 0.000000;;,
      60;4;-0.707107, 0.707107, 0.000000, 0.000000;;,
      61;4;-0.707107, 0.707107, 0.000000, 0.000000;;,
      62;4;-0.707107, 0.707107, 0.000000, 0.000000;;,
      63;4;-0.707107, 0.707107, 0.000000, 0.000000;;,
      64;4;-0.707107, 0.707107, 0.000000, 0.000000;;,
      65;4;-0.707107, 0.707107, 0.000000, 0.000000;;,
      66;4;-0.707107, 0.707107, 0.000000, 0.000000;;,
      67;4;-0.707107, 0.707107, 0.000000, 0.000000;;,
      68;4;-0.707107, 0.707107, 0.000000, 0.000000;;,
      69;4;-0.707107, 0.707107, 0.000000, 0.000000;;,
      70;4;-0.707107, 0.707107, 0.000000, 0.000000;;,
      71;4;-0.707107, 0.707107, 0.000000, 0.000000;;,
      72;4;-0.707107, 0.707107, 0.000000, 0.000000;;,
      73;4;-0.707107, 0.707107, 0.000000, 0.000000;;,
      74;4;-0.707107, 0.707107, 0.000000, 0.000000;;,
      75;4;-0.707107, 0.707107, 0.000000, 0.000000;;,
      76;4;-0.707107, 0.707107, 0.000000, 0.000000;;;
    }
    AnimationKey { // Scale
      1;
      77;
      0;3; 0.010000, 0.010000, 0.010000;;,
      1;3; 0.010000, 0.010000, 0.010000;;,
      2;3; 0.010000, 0.010000, 0.010000;;,
      3;3; 0.010000, 0.010000, 0.010000;;,
      4;3; 0.010000, 0.010000, 0.010000;;,
      5;3; 0.010000, 0.010000, 0.010000;;,
      6;3; 0.010000, 0.010000, 0.010000;;,
      7;3; 0.010000, 0.010000, 0.010000;;,
      8;3; 0.010000, 0.010000, 0.010000;;,
      9;3; 0.010000, 0.010000, 0.010000;;,
      10;3; 0.010000, 0.010000, 0.010000;;,
      11;3; 0.010000, 0.010000, 0.010000;;,
      12;3; 0.010000, 0.010000, 0.010000;;,
      13;3; 0.010000, 0.010000, 0.010000;;,
      14;3; 0.010000, 0.010000, 0.010000;;,
      15;3; 0.010000, 0.010000, 0.010000;;,
      16;3; 0.010000, 0.010000, 0.010000;;,
      17;3; 0.010000, 0.010000, 0.010000;;,
      18;3; 0.010000, 0.010000, 0.010000;;,
      19;3; 0.010000, 0.010000, 0.010000;;,
      20;3; 0.010000, 0.010000, 0.010000;;,
      21;3; 0.010000, 0.010000, 0.010000;;,
      22;3; 0.010000, 0.010000, 0.010000;;,
      23;3; 0.010000, 0.010000, 0.010000;;,
      24;3; 0.010000, 0.010000, 0.010000;;,
      25;3; 0.010000, 0.010000, 0.010000;;,
      26;3; 0.010000, 0.010000, 0.010000;;,
      27;3; 0.010000, 0.010000, 0.010000;;,
      28;3; 0.010000, 0.010000, 0.010000;;,
      29;3; 0.010000, 0.010000, 0.010000;;,
      30;3; 0.010000, 0.010000, 0.010000;;,
      31;3; 0.010000, 0.010000, 0.010000;;,
      32;3; 0.010000, 0.010000, 0.010000;;,
      33;3; 0.010000, 0.010000, 0.010000;;,
      34;3; 0.010000, 0.010000, 0.010000;;,
      35;3; 0.010000, 0.010000, 0.010000;;,
      36;3; 0.010000, 0.010000, 0.010000;;,
      37;3; 0.010000, 0.010000, 0.010000;;,
      38;3; 0.010000, 0.010000, 0.010000;;,
      39;3; 0.010000, 0.010000, 0.010000;;,
      40;3; 0.010000, 0.010000, 0.010000;;,
      41;3; 0.010000, 0.010000, 0.010000;;,
      42;3; 0.010000, 0.010000, 0.010000;;,
      43;3; 0.010000, 0.010000, 0.010000;;,
      44;3; 0.010000, 0.010000, 0.010000;;,
      45;3; 0.010000, 0.010000, 0.010000;;,
      46;3; 0.010000, 0.010000, 0.010000;;,
      47;3; 0.010000, 0.010000, 0.010000;;,
      48;3; 0.010000, 0.010000, 0.010000;;,
      49;3; 0.010000, 0.010000, 0.010000;;,
      50;3; 0.010000, 0.010000, 0.010000;;,
      51;3; 0.010000, 0.010000, 0.010000;;,
      52;3; 0.010000, 0.010000, 0.010000;;,
      53;3; 0.010000, 0.010000, 0.010000;;,
      54;3; 0.010000, 0.010000, 0.010000;;,
      55;3; 0.010000, 0.010000, 0.010000;;,
      56;3; 0.010000, 0.010000, 0.010000;;,
      57;3; 0.010000, 0.010000, 0.010000;;,
      58;3; 0.010000, 0.010000, 0.010000;;,
      59;3; 0.010000, 0.010000, 0.010000;;,
      60;3; 0.010000, 0.010000, 0.010000;;,
      61;3; 0.010000, 0.010000, 0.010000;;,
      62;3; 0.010000, 0.010000, 0.010000;;,
      63;3; 0.010000, 0.010000, 0.010000;;,
      64;3; 0.010000, 0.010000, 0.010000;;,
      65;3; 0.010000, 0.010000, 0.010000;;,
      66;3; 0.010000, 0.010000, 0.010000;;,
      67;3; 0.010000, 0.010000, 0.010000;;,
      68;3; 0.010000, 0.010000, 0.010000;;,
      69;3; 0.010000, 0.010000, 0.010000;;,
      70;3; 0.010000, 0.010000, 0.010000;;,
      71;3; 0.010000, 0.010000, 0.010000;;,
      72;3; 0.010000, 0.010000, 0.010000;;,
      73;3; 0.010000, 0.010000, 0.010000;;,
      74;3; 0.010000, 0.010000, 0.010000;;,
      75;3; 0.010000, 0.010000, 0.010000;;,
      76;3; 0.010000, 0.010000, 0.010000;;;
    }
    AnimationKey { // Position
      2;
      77;
      0;3; 0.000000, 0.000000, 0.000000;;,
      1;3; 0.000000, 0.000000, 0.000000;;,
      2;3; 0.000000, 0.000000, 0.000000;;,
      3;3; 0.000000, 0.000000, 0.000000;;,
      4;3; 0.000000, 0.000000, 0.000000;;,
      5;3; 0.000000, 0.000000, 0.000000;;,
      6;3; 0.000000, 0.000000, 0.000000;;,
      7;3; 0.000000, 0.000000, 0.000000;;,
      8;3; 0.000000, 0.000000, 0.000000;;,
      9;3; 0.000000, 0.000000, 0.000000;;,
      10;3; 0.000000, 0.000000, 0.000000;;,
      11;3; 0.000000, 0.000000, 0.000000;;,
      12;3; 0.000000, 0.000000, 0.000000;;,
      13;3; 0.000000, 0.000000, 0.000000;;,
      14;3; 0.000000, 0.000000, 0.000000;;,
      15;3; 0.000000, 0.000000, 0.000000;;,
      16;3; 0.000000, 0.000000, 0.000000;;,
      17;3; 0.000000, 0.000000, 0.000000;;,
      18;3; 0.000000, 0.000000, 0.000000;;,
      19;3; 0.000000, 0.000000, 0.000000;;,
      20;3; 0.000000, 0.000000, 0.000000;;,
      21;3; 0.000000, 0.000000, 0.000000;;,
      22;3; 0.000000, 0.000000, 0.000000;;,
      23;3; 0.000000, 0.000000, 0.000000;;,
      24;3; 0.000000, 0.000000, 0.000000;;,
      25;3; 0.000000, 0.000000, 0.000000;;,
      26;3; 0.000000, 0.000000, 0.000000;;,
      27;3; 0.000000, 0.000000, 0.000000;;,
      28;3; 0.000000, 0.000000, 0.000000;;,
      29;3; 0.000000, 0.000000, 0.000000;;,
      30;3; 0.000000, 0.000000, 0.000000;;,
      31;3; 0.000000, 0.000000, 0.000000;;,
      32;3; 0.000000, 0.000000, 0.000000;;,
      33;3; 0.000000, 0.000000, 0.000000;;,
      34;3; 0.000000, 0.000000, 0.000000;;,
      35;3; 0.000000, 0.000000, 0.000000;;,
      36;3; 0.000000, 0.000000, 0.000000;;,
      37;3; 0.000000, 0.000000, 0.000000;;,
      38;3; 0.000000, 0.000000, 0.000000;;,
      39;3; 0.000000, 0.000000, 0.000000;;,
      40;3; 0.000000, 0.000000, 0.000000;;,
      41;3; 0.000000, 0.000000, 0.000000;;,
      42;3; 0.000000, 0.000000, 0.000000;;,
      43;3; 0.000000, 0.000000, 0.000000;;,
      44;3; 0.000000, 0.000000, 0.000000;;,
      45;3; 0.000000, 0.000000, 0.000000;;,
      46;3; 0.000000, 0.000000, 0.000000;;,
      47;3; 0.000000, 0.000000, 0.000000;;,
      48;3; 0.000000, 0.000000, 0.000000;;,
      49;3; 0.000000, 0.000000, 0.000000;;,
      50;3; 0.000000, 0.000000, 0.000000;;,
      51;3; 0.000000, 0.000000, 0.000000;;,
      52;3; 0.000000, 0.000000, 0.000000;;,
      53;3; 0.000000, 0.000000, 0.000000;;,
      54;3; 0.000000, 0.000000, 0.000000;;,
      55;3; 0.000000, 0.000000, 0.000000;;,
      56;3; 0.000000, 0.000000, 0.000000;;,
      57;3; 0.000000, 0.000000, 0.000000;;,
      58;3; 0.000000, 0.000000, 0.000000;;,
      59;3; 0.000000, 0.000000, 0.000000;;,
      60;3; 0.000000, 0.000000, 0.000000;;,
      61;3; 0.000000, 0.000000, 0.000000;;,
