xof 0303txt 0032

template XSkinMeshHeader {
  <3cf169ce-ff7c-44ab-93c0-f78f62d172e2>
  WORD nMaxSkinWeightsPerVertex;
  WORD nMaxSkinWeightsPerFace;
  WORD nBones;
}

template SkinWeights {
  <6f0d123b-bad2-4167-a0d0-80224f25fabb>
  STRING transformNodeName;
  DWORD nWeights;
  array DWORD vertexIndices[nWeights];
  array float weights[nWeights];
  Matrix4x4 matrixOffset;
}

Frame Root {
  FrameTransformMatrix {
     1.000000, 0.000000, 0.000000, 0.000000,
     0.000000,-0.000000,-1.000000, 0.000000,
     0.000000, 1.000000,-0.000000, 0.000000,
     0.000000, 0.000000, 0.000000, 1.000000;;
  }
  Frame Armature {
    FrameTransformMatrix {
       0.010000, 0.000000, 0.000000, 0.000000,
       0.000000,-0.000000, 0.010000, 0.000000,
       0.000000,-0.010000,-0.000000, 0.000000,
       0.000000, 0.000000, 0.000000, 1.000000;;
    }
    Frame Armature_root {
      FrameTransformMatrix {
         1.000000, 0.000000, 0.000000, 0.000000,
         0.000000, 1.000000,-0.000000, 0.000000,
         0.000000, 0.000000, 1.000000, 0.000000,
         0.000000, 0.000000, 0.000000, 1.000000;;
      }
      Frame Armature_ik_foot_root {
        FrameTransformMatrix {
           0.000000,-0.000000,-1.000000, 0.000000,
           1.000000, 0.000000, 0.000000, 0.000000,
           0.000000,-1.000000, 0.000000, 0.000000,
           0.000000, 0.000000, 0.000000, 1.000000;;
        }
        Frame Armature_ik_foot_l {
          FrameTransformMatrix {
             0.999695, 0.021556,-0.012043, 0.000000,
            -0.011666,-0.017528,-0.999778, 0.000000,
            -0.021762, 0.999614,-0.017271, 0.000000,
            -13.964249,27.508148,-13.551297, 1.000000;;
          }
        } // End of Armature_ik_foot_l
        Frame Armature_ik_foot_r {
          FrameTransformMatrix {
            -0.262602,-0.964829, 0.012022, 0.000000,
             0.011742, 0.009263, 0.999889, 0.000000,
            -0.964833, 0.262713, 0.008897, 0.000000,
            30.855326,-11.096511,-13.472944, 1.000000;;
          }
        } // End of Armature_ik_foot_r
      } // End of Armature_ik_foot_root
      Frame Armature_ik_hand_root {
        FrameTransformMatrix {
           1.000000, 0.000000, 0.000000, 0.000000,
           0.000000, 1.000000, 0.000000, 0.000000,
           0.000000, 0.000000, 1.000000, 0.000000,
           0.000000, 0.000000, 0.000000, 1.000000;;
        }
        Frame Armature_ik_hand_gun {
          FrameTransformMatrix {
            -0.126621, 0.779957, 0.612890, 0.000000,
             0.613910,-0.423700, 0.666027, 0.000000,
             0.779154, 0.460592,-0.425174, 0.000000,
            -6.543911,92.625633,-44.619526, 1.000000;;
          }
          Frame Armature_ik_hand_l {
            FrameTransformMatrix {
              -0.124009, 0.577632,-0.806823, 0.000000,
               0.913544, 0.383885, 0.134424, 0.000000,
               0.387375,-0.720398,-0.575297, 0.000000,
              35.890434,62.886040,-1.697674, 1.000000;;
            }
          } // End of Armature_ik_hand_l
          Frame Armature_ik_hand_r {
            FrameTransformMatrix {
               1.000000, 0.000000, 0.000000, 0.000000,
              -0.000000, 1.000000,-0.000000, 0.000000,
               0.000000, 0.000000, 1.000000, 0.000000,
               0.000007,-0.000008, 0.000002, 1.000000;;
            }
          } // End of Armature_ik_hand_r
        } // End of Armature_ik_hand_gun
      } // End of Armature_ik_hand_root
      Frame Armature_pelvis {
        FrameTransformMatrix {
           0.218265, 0.968111,-0.122969, 0.000000,
          -0.805956, 0.249872, 0.536656, 0.000000,
           0.550269,-0.018025, 0.834793, 0.000000,
           0.266242,93.183037,-2.139818, 1.000000;;
        }
        Frame Armature_spine_01 {
          FrameTransformMatrix {
             0.099223,-0.994258, 0.040057, 0.000000,
             0.993059, 0.096388,-0.067406, 0.000000,
             0.063158, 0.046467, 0.996921, 0.000000,
            10.808878, 0.851416, 0.000001, 1.000000;;
          }
          Frame Armature_spine_02 {
            FrameTransformMatrix {
               0.969008, 0.243146,-0.043638, 0.000000,
              -0.243327, 0.969944, 0.001190, 0.000000,
               0.042616, 0.009465, 0.999047, 0.000000,
               3.799579,18.803810, 0.197477, 1.000000;;
            }
            Frame Armature_spine_03 {
              FrameTransformMatrix {
                 0.996788, 0.064106,-0.047993, 0.000000,
                -0.060915, 0.996009, 0.065227, 0.000000,
                 0.051983,-0.062094, 0.996716, 0.000000,
                 0.418758,13.412362, 0.040526, 1.000000;;
              }
              Frame Armature_clavicle_l {
                FrameTransformMatrix {
                   0.889724, 0.146061,-0.432502, 0.000000,
                   0.445144,-0.067587, 0.892905, 0.000000,
                   0.101188,-0.986964,-0.125152, 0.000000,
                  -2.732090,11.883677, 3.781982, 1.000000;;
                }
                Frame Armature_upperarm_l {
                  FrameTransformMatrix {
                     0.892932, 0.440967, 0.090662, 0.000000,
                    -0.255816, 0.331291, 0.908188, 0.000000,
                     0.370445,-0.834143, 0.408627, 0.000000,
                    -0.000003,15.784872, 0.000005, 1.000000;;
                  }
                  Frame Armature_lowerarm_l {
                    FrameTransformMatrix {
                       0.896879, 0.442276, 0.000001, 0.000000,
                      -0.442276, 0.896879,-0.000000, 0.000000,
                      -0.000001,-0.000000, 1.000000, 0.000000,
                       0.000002,30.339939, 0.000003, 1.000000;;
                    }
                    Frame Armature_hand_l {
                      FrameTransformMatrix {
                         0.344169, 0.281524, 0.895707, 0.000000,
                        -0.333803, 0.928351,-0.163523, 0.000000,
                        -0.877567,-0.242710, 0.413484, 0.000000,
                        -0.000003,26.975161, 0.000000, 1.000000;;
                      }
                      Frame Armature_index_01_l {
                        FrameTransformMatrix {
                           0.800538,-0.532902,-0.274144, 0.000000,
                           0.545005, 0.837627,-0.036756, 0.000000,
                           0.249217,-0.119985, 0.960986, 0.000000,
                           1.763459,12.068117, 2.109398, 1.000000;;
                        }
                        Frame Armature_index_02_l {
                          FrameTransformMatrix {
                             0.760098,-0.645651,-0.073388, 0.000000,
                             0.649748, 0.756702, 0.072317, 0.000000,
                             0.008841,-0.102652, 0.994678, 0.000000,
                             0.000000, 4.287501, 0.000001, 1.000000;;
                          }
                          Frame Armature_index_03_l {
                            FrameTransformMatrix {
                               0.905369,-0.424187,-0.019285, 0.000000,
                               0.424091, 0.905575,-0.009032, 0.000000,
                               0.021296,-0.000001, 0.999773, 0.000000,
                               0.000000, 3.393807,-0.000004, 1.000000;;
                            }
                          } // End of Armature_index_03_l
                        } // End of Armature_index_02_l
                      } // End of Armature_index_01_l
                      Frame Armature_middle_01_l {
                        FrameTransformMatrix {
                           0.656225,-0.752828, 0.051172, 0.000000,
                           0.747305, 0.639031,-0.182138, 0.000000,
                           0.104418, 0.157765, 0.981941, 0.000000,
                           1.293643,12.244287,-0.571165, 1.000000;;
                        }
                        Frame Armature_middle_02_l {
                          FrameTransformMatrix {
                             0.660066,-0.750858,-0.022899, 0.000000,
                             0.749198, 0.655767, 0.093121, 0.000000,
                            -0.054904,-0.078622, 0.995391, 0.000000,
                             0.000001, 4.640376,-0.000002, 1.000000;;
                          }
                          Frame Armature_middle_03_l {
                            FrameTransformMatrix {
                               0.887977,-0.459880,-0.002907, 0.000000,
                               0.459877, 0.887981,-0.001506, 0.000000,
                               0.003274, 0.000000, 0.999995, 0.000000,
                               0.000000, 3.648845,-0.000003, 1.000000;;
                            }
                          } // End of Armature_middle_03_l
                        } // End of Armature_middle_02_l
                      } // End of Armature_middle_01_l
                      Frame Armature_pinky_01_l {
                        FrameTransformMatrix {
                           0.461877,-0.758254, 0.460132, 0.000000,
                           0.878029, 0.464264,-0.116296, 0.000000,
                          -0.125441, 0.457723, 0.880201, 0.000000,
                           2.263151,10.140671,-4.643150, 1.000000;;
                        }
                        Frame Armature_pinky_02_l {
                          FrameTransformMatrix {
                             0.497024,-0.867223,-0.029841, 0.000000,
                             0.866785, 0.497796,-0.029730, 0.000000,
                             0.040638,-0.011089, 0.999112, 0.000000,
                            -0.000006, 3.570990,-0.000001, 1.000000;;
                          }
                          Frame Armature_pinky_03_l {
                            FrameTransformMatrix {
                               0.712789,-0.701360,-0.005108, 0.000000,
                               0.701341, 0.712808,-0.005026, 0.000000,
                               0.007166,-0.000000, 0.999974, 0.000000,
                              -0.000012, 2.985634, 0.000002, 1.000000;;
                            }
                          } // End of Armature_pinky_03_l
                        } // End of Armature_pinky_02_l
                      } // End of Armature_pinky_01_l
                      Frame Armature_ring_01_l {
                        FrameTransformMatrix {
                           0.459578,-0.812320, 0.359060, 0.000000,
                           0.882274, 0.463950,-0.079645, 0.000000,
                          -0.101889, 0.353392, 0.929910, 0.000000,
                           1.753527,11.497889,-2.846913, 1.000000;;
                        }
                        Frame Armature_ring_02_l {
                          FrameTransformMatrix {
                             0.846938,-0.531538,-0.012768, 0.000000,
                             0.531602, 0.846992, 0.002060, 0.000000,
                             0.009720,-0.008532, 0.999916, 0.000000,
                            -0.000004, 4.430174,-0.000000, 1.000000;;
                          }
                          Frame Armature_ring_03_l {
                            FrameTransformMatrix {
                               0.912721,-0.408582, 0.000365, 0.000000,
                               0.408582, 0.912721, 0.000163, 0.000000,
                              -0.000400, 0.000000, 1.000000, 0.000000,
                               0.000001, 3.476662, 0.000002, 1.000000;;
                            }
                          } // End of Armature_ring_03_l
                        } // End of Armature_ring_02_l
                      } // End of Armature_ring_01_l
                      Frame Armature_thumb_01_l {
                        FrameTransformMatrix {
                          -0.049888, 0.340787,-0.938816, 0.000000,
                           0.696399, 0.685661, 0.211887, 0.000000,
                           0.715918,-0.643220,-0.271531, 0.000000,
                           2.374982, 4.762037, 2.537821, 1.000000;;
                        }
                        Frame Armature_thumb_02_l {
                          FrameTransformMatrix {
                             0.994918,-0.094573,-0.034565, 0.000000,
                             0.097442, 0.990808, 0.093834, 0.000000,
                             0.025373,-0.096725, 0.994988, 0.000000,
                             0.000001, 3.869676,-0.000001, 1.000000;;
                          }
                          Frame Armature_thumb_03_l {
                            FrameTransformMatrix {
                               0.993104,-0.092366,-0.072198, 0.000000,
                               0.099652, 0.989482, 0.104857, 0.000000,
                               0.061753,-0.111329, 0.991863, 0.000000,
                               0.000001, 4.062167,-0.000002, 1.000000;;
                            }
                          } // End of Armature_thumb_03_l
                        } // End of Armature_thumb_02_l
                      } // End of Armature_thumb_01_l
                    } // End of Armature_hand_l
                    Frame Armature_lowerarm_twist_01_l {
                      FrameTransformMatrix {
                         0.983094, 0.000000,-0.183101, 0.000000,
                        -0.000000, 1.000000,-0.000000, 0.000000,
                         0.183101, 0.000000, 0.983094, 0.000000,
                        -0.000002,14.000008, 0.000002, 1.000000;;
                      }
                    } // End of Armature_lowerarm_twist_01_l
                  } // End of Armature_lowerarm_l
                  Frame Armature_upperarm_twist_01_l {
                    FrameTransformMatrix {
                       0.987283,-0.000000,-0.158976, 0.000000,
                       0.000000, 1.000000, 0.000000, 0.000000,
                       0.158976,-0.000000, 0.987282, 0.000000,
                      -0.000003, 0.500009, 0.000001, 1.000000;;
                    }
                  } // End of Armature_upperarm_twist_01_l
                } // End of Armature_upperarm_l
              } // End of Armature_clavicle_l
              Frame Armature_clavicle_r {
                FrameTransformMatrix {
                  -0.945833,-0.129491,-0.297710, 0.000000,
                   0.313345,-0.124214,-0.941480, 0.000000,
                   0.084934,-0.983770, 0.158062, 0.000000,
                  -2.732107,11.883777,-3.782006, 1.000000;;
                }
                Frame Armature_upperarm_r {
                  FrameTransformMatrix {
                     0.994052,-0.092941,-0.056758, 0.000000,
                     0.092931, 0.452239, 0.887042, 0.000000,
                    -0.056775,-0.887041, 0.458187, 0.000000,
                    -0.000051,15.784751, 0.000059, 1.000000;;
                  }
                  Frame Armature_lowerarm_r {
                    FrameTransformMatrix {
                       0.991314,-0.131518,-0.000000, 0.000000,
                       0.131518, 0.991314, 0.000000, 0.000000,
                       0.000000,-0.000000, 1.000000, 0.000000,
                       0.000005,30.340082, 0.000001, 1.000000;;
                    }
                    Frame Armature_hand_r {
                      FrameTransformMatrix {
                         0.201202,-0.099922,-0.974440, 0.000000,
                        -0.326905, 0.930902,-0.162957, 0.000000,
                         0.923391, 0.351337, 0.154634, 0.000000,
                        -0.000001,26.975260,-0.000005, 1.000000;;
                      }
                      Frame Armature_index_01_r {
                        FrameTransformMatrix {
                           0.680581, 0.711085, 0.176543, 0.000000,
                          -0.685833, 0.703073,-0.187938, 0.000000,
                          -0.257763, 0.006828, 0.966184, 0.000000,
                          -1.763731,12.067952, 2.109427, 1.000000;;
                        }
                        Frame Armature_index_02_r {
                          FrameTransformMatrix {
                            -0.096419, 0.990319, 0.099860, 0.000000,
                            -0.995295,-0.094970,-0.019176, 0.000000,
                            -0.009507,-0.101239, 0.994817, 0.000000,
                             0.000094, 4.287694,-0.000077, 1.000000;;
                          }
                          Frame Armature_index_03_r {
                            FrameTransformMatrix {
                               0.666917, 0.744997, 0.014205, 0.000000,
                              -0.744828, 0.667068,-0.015865, 0.000000,
                              -0.021295, 0.000000, 0.999773, 0.000000,
                               0.000120, 3.393801,-0.000002, 1.000000;;
                            }
                          } // End of Armature_index_03_r
                        } // End of Armature_index_02_r
                      } // End of Armature_index_01_r
                      Frame Armature_middle_01_r {
                        FrameTransformMatrix {
                           0.441932, 0.896671,-0.026032, 0.000000,
                          -0.895748, 0.439543,-0.066614, 0.000000,
                          -0.048289, 0.052757, 0.997439, 0.000000,
                          -1.293726,12.244125,-0.571135, 1.000000;;
                        }
                        Frame Armature_middle_02_r {
                          FrameTransformMatrix {
                             0.178865, 0.979905, 0.088287, 0.000000,
                            -0.981563, 0.171579, 0.084234, 0.000000,
                             0.067393,-0.101725, 0.992527, 0.000000,
                            -0.000144, 4.640573, 0.000009, 1.000000;;
                          }
                          Frame Armature_middle_03_r {
                            FrameTransformMatrix {
                               0.131026, 0.991379, 0.000429, 0.000000,
                              -0.991373, 0.131027,-0.003246, 0.000000,
                              -0.003274, 0.000000, 0.999995, 0.000000,
                               0.000031, 3.648908, 0.000001, 1.000000;;
                            }
                          } // End of Armature_middle_03_r
                        } // End of Armature_middle_02_r
                      } // End of Armature_middle_01_r
                      Frame Armature_pinky_01_r {
                        FrameTransformMatrix {
                           0.827084, 0.473665,-0.302611, 0.000000,
                          -0.535491, 0.827641,-0.168106, 0.000000,
                           0.170828, 0.301083, 0.938172, 0.000000,
                          -2.263358,10.140598,-4.643099, 1.000000;;
                        }
                        Frame Armature_pinky_02_r {
                          FrameTransformMatrix {
                             0.135757, 0.989592, 0.047732, 0.000000,
                            -0.990283, 0.137003,-0.023852, 0.000000,
                            -0.030143,-0.044030, 0.998575, 0.000000,
                            -0.000081, 3.571051,-0.000014, 1.000000;;
                          }
                          Frame Armature_pinky_03_r {
                            FrameTransformMatrix {
                              -0.138519, 0.990359,-0.000992, 0.000000,
                              -0.990334,-0.138522,-0.007092, 0.000000,
                              -0.007161,-0.000000, 0.999975, 0.000000,
                               0.000320, 2.985431,-0.000036, 1.000000;;
                            }
                          } // End of Armature_pinky_03_r
                        } // End of Armature_pinky_02_r
                      } // End of Armature_pinky_01_r
                      Frame Armature_ring_01_r {
                        FrameTransformMatrix {
                           0.488695, 0.835027,-0.252800, 0.000000,
                          -0.863050, 0.505118, 0.000074, 0.000000,
                           0.127756, 0.218143, 0.967519, 0.000000,
                          -1.753767,11.497984,-2.846920, 1.000000;;
                        }
                        Frame Armature_ring_02_r {
                          FrameTransformMatrix {
                            -0.098077, 0.994968, 0.020464, 0.000000,
                            -0.995158,-0.097921,-0.008489, 0.000000,
                            -0.006442,-0.021197, 0.999755, 0.000000,
                             0.000089, 4.429867,-0.000017, 1.000000;;
                          }
                          Frame Armature_ring_03_r {
                            FrameTransformMatrix {
                               0.264059, 0.964507,-0.000105, 0.000000,
                              -0.964506, 0.264059, 0.000388, 0.000000,
                               0.000402,-0.000001, 1.000000, 0.000000,
                               0.000068, 3.476659,-0.000003, 1.000000;;
                            }
                          } // End of Armature_ring_03_r
                        } // End of Armature_ring_02_r
                      } // End of Armature_ring_01_r
                      Frame Armature_thumb_01_r {
                        FrameTransformMatrix {
                           0.166765,-0.399674, 0.901360, 0.000000,
                          -0.684859, 0.610704, 0.397502, 0.000000,
                          -0.709336,-0.683594,-0.171876, 0.000000,
                          -2.375128, 4.762142, 2.537802, 1.000000;;
                        }
                        Frame Armature_thumb_02_r {
                          FrameTransformMatrix {
                             0.809496, 0.587037, 0.010215, 0.000000,
                            -0.587123, 0.809317, 0.017121, 0.000000,
                             0.001783,-0.019857, 0.999801, 0.000000,
                             0.000114, 3.869579, 0.000054, 1.000000;;
                          }
                          Frame Armature_thumb_03_r {
                            FrameTransformMatrix {
                               0.696233, 0.717189, 0.029994, 0.000000,
                              -0.716525, 0.696879,-0.030868, 0.000000,
                              -0.043040, 0.000000, 0.999073, 0.000000,
                               0.000002, 4.062184,-0.000001, 1.000000;;
                            }
                          } // End of Armature_thumb_03_r
                        } // End of Armature_thumb_02_r
                      } // End of Armature_thumb_01_r
                      Frame Armature_weapon_r {
                        FrameTransformMatrix {
                          -0.005470,-0.000002,-0.999985, 0.000000,
                          -0.000002,-1.000000, 0.000002, 0.000000,
                          -0.999985, 0.000002, 0.005470, 0.000000,
                          -4.667008,11.309011,-1.093003, 1.000000;;
                        }
                      } // End of Armature_weapon_r
                    } // End of Armature_hand_r
                    Frame Armature_lowerarm_twist_01_r {
                      FrameTransformMatrix {
                         0.991397, 0.000000,-0.130886, 0.000000,
                        -0.000000, 1.000000,-0.000000, 0.000000,
                         0.130886, 0.000000, 0.991398, 0.000000,
                         0.000026,14.000013,-0.000002, 1.000000;;
                      }
                    } // End of Armature_lowerarm_twist_01_r
                  } // End of Armature_lowerarm_r
                  Frame Armature_upperarm_twist_01_r {
                    FrameTransformMatrix {
                       0.999224, 0.000000,-0.039400, 0.000000,
                      -0.000000, 1.000000, 0.000000, 0.000000,
                       0.039400,-0.000000, 0.999224, 0.000000,
                       0.000002, 0.500014,-0.000007, 1.000000;;
                    }
                  } // End of Armature_upperarm_twist_01_r
                } // End of Armature_upperarm_r
              } // End of Armature_clavicle_r
              Frame Armature_neck_01 {
                FrameTransformMatrix {
                   0.669684, 0.417751,-0.614009, 0.000000,
                  -0.406393, 0.898152, 0.167830, 0.000000,
                   0.621585, 0.137135, 0.771249, 0.000000,
                  -0.355317,16.558792,-0.000002, 1.000000;;
                }
                Frame Armature_head {
                  FrameTransformMatrix {
                     0.990519,-0.137101,-0.008721, 0.000000,
                     0.135012, 0.959771, 0.246193, 0.000000,
                    -0.025383,-0.245037, 0.969182, 0.000000,
                     0.364154, 9.283613, 0.000001, 1.000000;;
                  }
                } // End of Armature_head
              } // End of Armature_neck_01
            } // End of Armature_spine_03
          } // End of Armature_spine_02
        } // End of Armature_spine_01
        Frame Armature_sword_holder {
          FrameTransformMatrix {
            -0.909316, 0.370363, 0.189678, 0.000000,
            -0.355306,-0.928335, 0.109325, 0.000000,
             0.216575, 0.032017, 0.975741, 0.000000,
            13.979992,19.492996,16.300999, 1.000000;;
          }
        } // End of Armature_sword_holder
        Frame Armature_thigh_l {
          FrameTransformMatrix {
            -0.159040,-0.513038,-0.843504, 0.000000,
            -0.859693,-0.348114, 0.373823, 0.000000,
            -0.485421, 0.784607,-0.385691, 0.000000,
            -1.448827, 0.531420, 9.005810, 1.000000;;
          }
          Frame Armature_calf_l {
            FrameTransformMatrix {
               0.957042,-0.274610,-0.093062, 0.000000,
               0.276409, 0.961016, 0.006770, 0.000000,
               0.087575,-0.032202, 0.995637, 0.000000,
               0.001573,42.536961, 0.000147, 1.000000;;
            }
            Frame Armature_calf_twist_01_l {
              FrameTransformMatrix {
                 0.999841,-0.015271,-0.009270, 0.000000,
                 0.015236, 0.999877,-0.003824, 0.000000,
                 0.009327, 0.003682, 0.999950, 0.000000,
                -0.000003,20.476784, 0.000002, 1.000000;;
              }
            } // End of Armature_calf_twist_01_l
            Frame Armature_foot_l {
              FrameTransformMatrix {
                 0.013326,-0.970282,-0.241611, 0.000000,
                -0.995243,-0.036194, 0.090459, 0.000000,
                -0.096516, 0.239256,-0.966147, 0.000000,
                 0.000159,40.196686, 0.000190, 1.000000;;
              }
              Frame Armature_ball_l {
                FrameTransformMatrix {
                   0.024622, 0.999697, 0.000147, 0.000000,
                  -0.999697, 0.024622, 0.000077, 0.000000,
                   0.000073,-0.000149, 1.000000, 0.000000,
                  -10.453840,16.577852,-0.080155, 1.000000;;
                }
              } // End of Armature_ball_l
            } // End of Armature_foot_l
          } // End of Armature_calf_l
          Frame Armature_thigh_twist_01_l {
            FrameTransformMatrix {
               0.502482,-0.000497,-0.864587, 0.000000,
               0.000983, 1.000000,-0.000004, 0.000000,
               0.864587,-0.000848, 0.502483, 0.000000,
               0.000001,22.094250, 0.000001, 1.000000;;
            }
          } // End of Armature_thigh_twist_01_l
        } // End of Armature_thigh_l
        Frame Armature_thigh_r {
          FrameTransformMatrix {
            -0.096000, 0.949809,-0.297737, 0.000000,
            -0.938464,-0.186065,-0.290973, 0.000000,
            -0.331767, 0.251482, 0.909223, 0.000000,
            -1.448638, 0.531423,-9.005804, 1.000000;;
          }
          Frame Armature_calf_r {
            FrameTransformMatrix {
               0.948095, 0.304614, 0.091253, 0.000000,
              -0.306045, 0.952015, 0.001775, 0.000000,
              -0.086333,-0.029611, 0.995826, 0.000000,
              -0.001153,42.529808, 0.000286, 1.000000;;
            }
            Frame Armature_calf_twist_01_r {
              FrameTransformMatrix {
                 0.997999, 0.014972,-0.061438, 0.000000,
                -0.015235, 0.999876,-0.003825, 0.000000,
                 0.061373, 0.004753, 0.998103, 0.000000,
                -0.000000,20.476917, 0.000003, 1.000000;;
              }
            } // End of Armature_calf_twist_01_r
            Frame Armature_foot_r {
              FrameTransformMatrix {
                 0.160395, 0.954729, 0.250531, 0.000000,
                 0.986894,-0.150562,-0.058062, 0.000000,
                -0.017713, 0.256561,-0.966366, 0.000000,
                 0.000004,40.196815, 0.000227, 1.000000;;
              }
              Frame Armature_ball_r {
                FrameTransformMatrix {
                  -0.002068,-0.999998, 0.000576, 0.000000,
                   0.999998,-0.002068, 0.000073, 0.000000,
                  -0.000072, 0.000577, 1.000000, 0.000000,
                  10.453817,16.577801,-0.080157, 1.000000;;
                }
              } // End of Armature_ball_r
            } // End of Armature_foot_r
          } // End of Armature_calf_r
          Frame Armature_thigh_twist_01_r {
            FrameTransformMatrix {
               0.971316, 0.000956, 0.237789, 0.000000,
              -0.000983, 1.000000,-0.000003, 0.000000,
              -0.237789,-0.000231, 0.971317, 0.000000,
               0.000001,22.094238,-0.000000, 1.000000;;
            }
          } // End of Armature_thigh_twist_01_r
        } // End of Armature_thigh_r
      } // End of Armature_pelvis
    } // End of Armature_root
  } // End of Armature
} // End of Root
AnimationSet Global {
  Animation {
    {Armature}
    AnimationKey { // Rotation
      0;
      62;
      0;4;-0.707107, 0.707107, 0.000000, 0.000000;;,
      1;4;-0.707107, 0.707107, 0.000000, 0.000000;;,
      2;4;-0.707107, 0.707107, 0.000000, 0.000000;;,
      3;4;-0.707107, 0.707107, 0.000000, 0.000000;;,
      4;4;-0.707107, 0.707107, 0.000000, 0.000000;;,
      5;4;-0.707107, 0.707107, 0.000000, 0.000000;;,
      6;4;-0.707107, 0.707107, 0.000000, 0.000000;;,
      7;4;-0.707107, 0.707107, 0.000000, 0.000000;;,
      8;4;-0.707107, 0.707107, 0.000000, 0.000000;;,
      9;4;-0.707107, 0.707107, 0.000000, 0.000000;;,
      10;4;-0.707107, 0.707107, 0.000000, 0.000000;;,
      11;4;-0.707107, 0.707107, 0.000000, 0.000000;;,
      12;4;-0.707107, 0.707107, 0.000000, 0.000000;;,
      13;4;-0.707107, 0.707107, 0.000000, 0.000000;;,
      14;4;-0.707107, 0.707107, 0.000000, 0.000000;;,
      15;4;-0.707107, 0.707107, 0.000000, 0.000000;;,
      16;4;-0.707107, 0.707107, 0.000000, 0.000000;;,
      17;4;-0.707107, 0.707107, 0.000000, 0.000000;;,
      18;4;-0.707107, 0.707107, 0.000000, 0.000000;;,
      19;4;-0.707107, 0.707107, 0.000000, 0.000000;;,
      20;4;-0.707107, 0.707107, 0.000000, 0.000000;;,
      21;4;-0.707107, 0.707107, 0.000000, 0.000000;;,
      22;4;-0.707107, 0.707107, 0.000000, 0.000000;;,
      23;4;-0.707107, 0.707107, 0.000000, 0.000000;;,
      24;4;-0.707107, 0.707107, 0.000000, 0.000000;;,
      25;4;-0.707107, 0.707107, 0.000000, 0.000000;;,
      26;4;-0.707107, 0.707107, 0.000000, 0.000000;;,
      27;4;-0.707107, 0.707107, 0.000000, 0.000000;;,
      28;4;-0.707107, 0.707107, 0.000000, 0.000000;;,
      29;4;-0.707107, 0.707107, 0.000000, 0.000000;;,
      30;4;-0.707107, 0.707107, 0.000000, 0.000000;;,
      31;4;-0.707107, 0.707107, 0.000000, 0.000000;;,
      32;4;-0.707107, 0.707107, 0.000000, 0.000000;;,
      33;4;-0.707107, 0.707107, 0.000000, 0.000000;;,
      34;4;-0.707107, 0.707107, 0.000000, 0.000000;;,
      35;4;-0.707107, 0.707107, 0.000000, 0.000000;;,
      36;4;-0.707107, 0.707107, 0.000000, 0.000000;;,
      37;4;-0.707107, 0.707107, 0.000000, 0.000000;;,
      38;4;-0.707107, 0.707107, 0.000000, 0.000000;;,
      39;4;-0.707107, 0.707107, 0.000000, 0.000000;;,
      40;4;-0.707107, 0.707107, 0.000000, 0.000000;;,
      41;4;-0.707107, 0.707107, 0.000000, 0.000000;;,
      42;4;-0.707107, 0.707107, 0.000000, 0.000000;;,
      43;4;-0.707107, 0.707107, 0.000000, 0.000000;;,
      44;4;-0.707107, 0.707107, 0.000000, 0.000000;;,
      45;4;-0.707107, 0.707107, 0.000000, 0.000000;;,
      46;4;-0.707107, 0.707107, 0.000000, 0.000000;;,
      47;4;-0.707107, 0.707107, 0.000000, 0.000000;;,
      48;4;-0.707107, 0.707107, 0.000000, 0.000000;;,
      49;4;-0.707107, 0.707107, 0.000000, 0.000000;;,
      50;4;-0.707107, 0.707107, 0.000000, 0.000000;;,
      51;4;-0.707107, 0.707107, 0.000000, 0.000000;;,
      52;4;-0.707107, 0.707107, 0.000000, 0.000000;;,
      53;4;-0.707107, 0.707107, 0.000000, 0.000000;;,
      54;4;-0.707107, 0.707107, 0.000000, 0.000000;;,
      55;4;-0.707107, 0.707107, 0.000000, 0.000000;;,
      56;4;-0.707107, 0.707107, 0.000000, 0.000000;;,
      57;4;-0.707107, 0.707107, 0.000000, 0.000000;;,
      58;4;-0.707107, 0.707107, 0.000000, 0.000000;;,
      59;4;-0.707107, 0.707107, 0.000000, 0.000000;;,
      60;4;-0.707107, 0.707107, 0.000000, 0.000000;;,
      61;4;-0.707107, 0.707107, 0.000000, 0.000000;;;
    }
    AnimationKey { // Scale
      1;
      62;
      0;3; 0.010000, 0.010000, 0.010000;;,
      1;3; 0.010000, 0.010000, 0.010000;;,
      2;3; 0.010000, 0.010000, 0.010000;;,
      3;3; 0.010000, 0.010000, 0.010000;;,
      4;3; 0.010000, 0.010000, 0.010000;;,
      5;3; 0.010000, 0.010000, 0.010000;;,
      6;3; 0.010000, 0.010000, 0.010000;;,
      7;3; 0.010000, 0.010000, 0.010000;;,
      8;3; 0.010000, 0.010000, 0.010000;;,
      9;3; 0.010000, 0.010000, 0.010000;;,
      10;3; 0.010000, 0.010000, 0.010000;;,
      11;3; 0.010000, 0.010000, 0.010000;;,
      12;3; 0.010000, 0.010000, 0.010000;;,
      13;3; 0.010000, 0.010000, 0.010000;;,
      14;3; 0.010000, 0.010000, 0.010000;;,
      15;3; 0.010000, 0.010000, 0.010000;;,
      16;3; 0.010000, 0.010000, 0.010000;;,
      17;3; 0.010000, 0.010000, 0.010000;;,
      18;3; 0.010000, 0.010000, 0.010000;;,
      19;3; 0.010000, 0.010000, 0.010000;;,
      20;3; 0.010000, 0.010000, 0.010000;;,
      21;3; 0.010000, 0.010000, 0.010000;;,
      22;3; 0.010000, 0.010000, 0.010000;;,
      23;3; 0.010000, 0.010000, 0.010000;;,
      24;3; 0.010000, 0.010000, 0.010000;;,
      25;3; 0.010000, 0.010000, 0.010000;;,
      26;3; 0.010000, 0.010000, 0.010000;;,
      27;3; 0.010000, 0.010000, 0.010000;;,
      28;3; 0.010000, 0.010000, 0.010000;;,
      29;3; 0.010000, 0.010000, 0.010000;;,
      30;3; 0.010000, 0.010000, 0.010000;;,
      31;3; 0.010000, 0.010000, 0.010000;;,
      32;3; 0.010000, 0.010000, 0.010000;;,
      33;3; 0.010000, 0.010000, 0.010000;;,
      34;3; 0.010000, 0.010000, 0.010000;;,
      35;3; 0.010000, 0.010000, 0.010000;;,
      36;3; 0.010000, 0.010000, 0.010000;;,
      37;3; 0.010000, 0.010000, 0.010000;;,
      38;3; 0.010000, 0.010000, 0.010000;;,
      39;3; 0.010000, 0.010000, 0.010000;;,
      40;3; 0.010000, 0.010000, 0.010000;;,
      41;3; 0.010000, 0.010000, 0.010000;;,
      42;3; 0.010000, 0.010000, 0.010000;;,
      43;3; 0.010000, 0.010000, 0.010000;;,
      44;3; 0.010000, 0.010000, 0.010000;;,
      45;3; 0.010000, 0.010000, 0.010000;;,
      46;3; 0.010000, 0.010000, 0.010000;;,
      47;3; 0.010000, 0.010000, 0.010000;;,
      48;3; 0.010000, 0.010000, 0.010000;;,
      49;3; 0.010000, 0.010000, 0.010000;;,
      50;3; 0.010000, 0.010000, 0.010000;;,
      51;3; 0.010000, 0.010000, 0.010000;;,
      52;3; 0.010000, 0.010000, 0.010000;;,
      53;3; 0.010000, 0.010000, 0.010000;;,
      54;3; 0.010000, 0.010000, 0.010000;;,
      55;3; 0.010000, 0.010000, 0.010000;;,
      56;3; 0.010000, 0.010000, 0.010000;;,
      57;3; 0.010000, 0.010000, 0.010000;;,
      58;3; 0.010000, 0.010000, 0.010000;;,
      59;3; 0.010000, 0.010000, 0.010000;;,
      60;3; 0.010000, 0.010000, 0.010000;;,
      61;3; 0.010000, 0.010000, 0.010000;;;
    }
    AnimationKey { // Position
      2;
      62;
      0;3; 0.000000, 0.000000, 0.000000;;,
      1;3; 0.000000, 0.000000, 0.000000;;,
      2;3; 0.000000, 0.000000, 0.000000;;,
      3;3; 0.000000, 0.000000, 0.000000;;,
      4;3; 0.000000, 0.000000, 0.000000;;,
      5;3; 0.000000, 0.000000, 0.000000;;,
      6;3; 0.000000, 0.000000, 0.000000;;,
      7;3; 0.000000, 0.000000, 0.000000;;,
      8;3; 0.000000, 0.000000, 0.000000;;,
      9;3; 0.000000, 0.000000, 0.000000;;,
      10;3; 0.000000, 0.000000, 0.000000;;,
      11;3; 0.000000, 0.000000, 0.000000;;,
      12;3; 0.000000, 0.000000, 0.000000;;,
      13;3; 0.000000, 0.000000, 0.000000;;,
      14;3; 0.000000, 0.000000, 0.000000;;,
      15;3; 0.000000, 0.000000, 0.000000;;,
      16;3; 0.000000, 0.000000, 0.000000;;,
      17;3; 0.000000, 0.000000, 0.000000;;,
      18;3; 0.000000, 0.000000, 0.000000;;,
      19;3; 0.000000, 0.000000, 0.000000;;,
      20;3; 0.000000, 0.000000, 0.000000;;,
      21;3; 0.000000, 0.000000, 0.000000;;,
      22;3; 0.000000, 0.000000, 0.000000;;,
      23;3; 0.000000, 0.000000, 0.000000;;,
      24;3; 0.000000, 0.000000, 0.000000;;,
      25;3; 0.000000, 0.000000, 0.000000;;,
      26;3; 0.000000, 0.000000, 0.000000;;,
      27;3; 0.000000, 0.000000, 0.000000;;,
      28;3; 0.000000, 0.000000, 0.000000;;,
      29;3; 0.000000, 0.000000, 0.000000;;,
      30;3; 0.000000, 0.000000, 0.000000;;,
      31;3; 0.000000, 0.000000, 0.000000;;,
      32;3; 0.000000, 0.000000, 0.000000;;,
      33;3; 0.000000, 0.000000, 0.000000;;,
      34;3; 0.000000, 0.000000, 0.000000;;,
      35;3; 0.000000, 0.000000, 0.000000;;,
      36;3; 0.000000, 0.000000, 0.000000;;,
      37;3; 0.000000, 0.000000, 0.000000;;,
      38;3; 0.000000, 0.000000, 0.000000;;,
      39;3; 0.000000, 0.000000, 0.000000;;,
      40;3; 0.000000, 0.000000, 0.000000;;,
      41;3; 0.000000, 0.000000, 0.000000;;,
      42;3; 0.000000, 0.000000, 0.000000;;,
      43;3; 0.000000, 0.000000, 0.000000;;,
      44;3; 0.000000, 0.000000, 0.000000;;,
      45;3; 0.000000, 0.000000, 0.000000;;,
      46;3; 0.000000, 0.000000, 0.000000;;,
      47;3; 0.000000, 0.000000, 0.000000;;,
      48;3; 0.000000, 0.000000, 0.000000;;,
      49;3; 0.000000, 0.000000, 0.000000;;,
      50;3; 0.000000, 0.000000, 0.000000;;,
      51;3; 0.000000, 0.000000, 0.000000;;,
      52;3; 0.000000, 0.000000, 0.000000;;,
      53;3; 0.000000, 0.000000, 0.000000;;,
      54;3; 0.000000, 0.000000, 0.000000;;,
      55;3; 0.000000, 0.000000, 0.000000;;,
      56;3; 0.000000, 0.000000, 0.000000;;,
      57;3; 0.000000, 0.000000, 0.000000;;,
      58;3; 0.000000, 0.000000, 0.000000;;,
      59;3; 0.000000, 0.000000, 0.000000;;,
      60;3; 0.000000, 0.000000, 0.000000;;,
      61;3; 0.000000, 0.000000, 0.000000;;;
    }
  }
  Animation {
    {Armature_root}
    AnimationKey { // Rotation
      0;
      62;
      0;4;-1.000000,-0.000000, 0.000000, 0.000000;;,
      1;4;-1.000000,-0.000000, 0.000000, 0.000000;;,
      2;4;-1.000000,-0.000000, 0.000000, 0.000000;;,
      3;4;-1.000000,-0.000000, 0.000000, 0.000000;;,
      4;4;-1.000000,-0.000000, 0.000000, 0.000000;;,
      5;4;-1.000000,-0.000000, 0.000000, 0.000000;;,
      6;4;-1.000000,-0.000000, 0.000000, 0.000000;;,
      7;4;-1.000000,-0.000000, 0.000000, 0.000000;;,
      8;4;-1.000000,-0.000000, 0.000000, 0.000000;;,
      9;4;-1.000000,-0.000000, 0.000000, 0.000000;;,
      10;4;-1.000000,-0.000000, 0.000000, 0.000000;;,
      11;4;-1.000000,-0.000000, 0.000000, 0.000000;;,
      12;4;-1.000000,-0.000000, 0.000000, 0.000000;;,
      13;4;-1.000000,-0.000000, 0.000000, 0.000000;;,
      14;4;-1.000000,-0.000000, 0.000000, 0.000000;;,
      15;4;-1.000000,-0.000000, 0.000000, 0.000000;;,
      16;4;-1.000000,-0.000000, 0.000000, 0.000000;;,
      17;4;-1.000000,-0.000000, 0.000000, 0.000000;;,
      18;4;-1.000000,-0.000000, 0.000000, 0.000000;;,
      19;4;-1.000000,-0.000000, 0.000000, 0.000000;;,
      20;4;-1.000000,-0.000000, 0.000000, 0.000000;;,
      21;4;-1.000000,-0.000000, 0.000000, 0.000000;;,
      22;4;-1.000000,-0.000000, 0.000000, 0.000000;;,
      23;4;-1.000000,-0.000000, 0.000000, 0.000000;;,
      24;4;-1.000000,-0.000000, 0.000000, 0.000000;;,
