xof 0303txt 0032

template XSkinMeshHeader {
  <3cf169ce-ff7c-44ab-93c0-f78f62d172e2>
  WORD nMaxSkinWeightsPerVertex;
  WORD nMaxSkinWeightsPerFace;
  WORD nBones;
}

template SkinWeights {
  <6f0d123b-bad2-4167-a0d0-80224f25fabb>
  STRING transformNodeName;
  DWORD nWeights;
  array DWORD vertexIndices[nWeights];
  array float weights[nWeights];
  Matrix4x4 matrixOffset;
}

Frame Root {
  FrameTransformMatrix {
     1.000000, 0.000000, 0.000000, 0.000000,
     0.000000,-0.000000, 1.000000, 0.000000,
     0.000000, 1.000000, 0.000000, 0.000000,
     0.000000, 0.000000, 0.000000, 1.000000;;
  }
  Frame Armature {
    FrameTransformMatrix {
       0.010000, 0.000000, 0.000000, 0.000000,
       0.000000,-0.000000, 0.010000, 0.000000,
       0.000000,-0.010000,-0.000000, 0.000000,
       0.000000, 0.000000, 0.000000, 1.000000;;
    }
    Frame Armature_root {
      FrameTransformMatrix {
         1.000000, 0.000000, 0.000000, 0.000000,
         0.000000, 1.000000,-0.000000, 0.000000,
         0.000000, 0.000000, 1.000000, 0.000000,
         0.000000, 0.000000, 0.000000, 1.000000;;
      }
      Frame Armature_ik_foot_root {
        FrameTransformMatrix {
           0.000000,-0.000000,-1.000000, 0.000000,
           1.000000, 0.000000, 0.000000, 0.000000,
           0.000000,-1.000000, 0.000000, 0.000000,
           0.000000, 0.000000, 0.000000, 1.000000;;
        }
        Frame Armature_ik_foot_l {
          FrameTransformMatrix {
             0.999695, 0.021556,-0.012043, 0.000000,
            -0.011666,-0.017528,-0.999778, 0.000000,
            -0.021762, 0.999614,-0.017271, 0.000000,
            -13.964249,27.508148,-13.551297, 1.000000;;
          }
        } // End of Armature_ik_foot_l
        Frame Armature_ik_foot_r {
          FrameTransformMatrix {
            -0.262602,-0.964829, 0.012022, 0.000000,
             0.011742, 0.009263, 0.999889, 0.000000,
            -0.964833, 0.262713, 0.008897, 0.000000,
            30.855326,-11.096511,-13.472944, 1.000000;;
          }
        } // End of Armature_ik_foot_r
      } // End of Armature_ik_foot_root
      Frame Armature_ik_hand_root {
        FrameTransformMatrix {
           1.000000, 0.000000, 0.000000, 0.000000,
           0.000000, 1.000000, 0.000000, 0.000000,
           0.000000, 0.000000, 1.000000, 0.000000,
           0.000000, 0.000000, 0.000000, 1.000000;;
        }
        Frame Armature_ik_hand_gun {
          FrameTransformMatrix {
             0.522508, 0.849437,-0.073771, 0.000000,
             0.780568,-0.441738, 0.442245, 0.000000,
             0.343072,-0.288660,-0.893855, 0.000000,
            -8.478015,92.668655,-37.264275, 1.000000;;
          }
          Frame Armature_ik_hand_l {
            FrameTransformMatrix {
              -0.788773, 0.401591,-0.465362, 0.000000,
               0.582239, 0.245412,-0.775094, 0.000000,
              -0.197065,-0.882325,-0.427396, 0.000000,
              14.338364,52.151005,-39.426414, 1.000000;;
            }
          } // End of Armature_ik_hand_l
          Frame Armature_ik_hand_r {
            FrameTransformMatrix {
               1.000000,-0.000001,-0.000000, 0.000000,
               0.000001, 1.000000,-0.000000, 0.000000,
               0.000000, 0.000000, 1.000000, 0.000000,
              -0.000014, 0.000012, 0.000001, 1.000000;;
            }
          } // End of Armature_ik_hand_r
        } // End of Armature_ik_hand_gun
      } // End of Armature_ik_hand_root
      Frame Armature_pelvis {
        FrameTransformMatrix {
           0.218265, 0.968111,-0.122969, 0.000000,
          -0.805956, 0.249872, 0.536656, 0.000000,
           0.550269,-0.018025, 0.834793, 0.000000,
           0.266242,93.183037,-2.139818, 1.000000;;
        }
        Frame Armature_spine_01 {
          FrameTransformMatrix {
             0.099223,-0.994258, 0.040057, 0.000000,
             0.993059, 0.096388,-0.067406, 0.000000,
             0.063158, 0.046467, 0.996921, 0.000000,
            10.808878, 0.851416, 0.000001, 1.000000;;
          }
          Frame Armature_spine_02 {
            FrameTransformMatrix {
               0.969008, 0.243146,-0.043638, 0.000000,
              -0.243327, 0.969944, 0.001190, 0.000000,
               0.042616, 0.009465, 0.999047, 0.000000,
               3.799579,18.803810, 0.197477, 1.000000;;
            }
            Frame Armature_spine_03 {
              FrameTransformMatrix {
                 0.996788, 0.064106,-0.047993, 0.000000,
                -0.060915, 0.996009, 0.065227, 0.000000,
                 0.051983,-0.062094, 0.996716, 0.000000,
                 0.418758,13.412362, 0.040526, 1.000000;;
              }
              Frame Armature_clavicle_l {
                FrameTransformMatrix {
                   0.889724, 0.146061,-0.432502, 0.000000,
                   0.445144,-0.067587, 0.892905, 0.000000,
                   0.101188,-0.986964,-0.125152, 0.000000,
                  -2.732090,11.883677, 3.781982, 1.000000;;
                }
                Frame Armature_upperarm_l {
                  FrameTransformMatrix {
                     0.923156, 0.362571, 0.127774, 0.000000,
                    -0.255817, 0.331290, 0.908188, 0.000000,
                     0.286952,-0.871085, 0.398584, 0.000000,
                    -0.000003,15.784872, 0.000005, 1.000000;;
                  }
                  Frame Armature_lowerarm_l {
                    FrameTransformMatrix {
                       0.897359, 0.441156,-0.011337, 0.000000,
                      -0.440408, 0.896880, 0.040581, 0.000000,
                       0.028070,-0.031422, 0.999112, 0.000000,
                      -0.000003,30.339962, 0.000011, 1.000000;;
                    }
                    Frame Armature_hand_l {
                      FrameTransformMatrix {
                         0.402300, 0.280194, 0.871577, 0.000000,
                        -0.344580, 0.928350,-0.139395, 0.000000,
                        -0.848186,-0.244249, 0.470025, 0.000000,
                         0.000000,26.975163,-0.000007, 1.000000;;
                      }
                      Frame Armature_index_01_l {
                        FrameTransformMatrix {
                           0.800536,-0.532902,-0.274148, 0.000000,
                           0.545005, 0.837627,-0.036756, 0.000000,
                           0.249221,-0.119988, 0.960985, 0.000000,
                           1.763465,12.068122, 2.109399, 1.000000;;
                        }
                        Frame Armature_index_02_l {
                          FrameTransformMatrix {
                             0.760098,-0.645651,-0.073385, 0.000000,
                             0.649748, 0.756702, 0.072320, 0.000000,
                             0.008837,-0.102652, 0.994678, 0.000000,
                            -0.000004, 4.287492, 0.000000, 1.000000;;
                          }
                          Frame Armature_index_03_l {
                            FrameTransformMatrix {
                               0.905370,-0.424186,-0.019284, 0.000000,
                               0.424089, 0.905575,-0.009033, 0.000000,
                               0.021295,-0.000000, 0.999773, 0.000000,
                              -0.000001, 3.393804,-0.000003, 1.000000;;
                            }
                          } // End of Armature_index_03_l
                        } // End of Armature_index_02_l
                      } // End of Armature_index_01_l
                      Frame Armature_middle_01_l {
                        FrameTransformMatrix {
                           0.656225,-0.752828, 0.051172, 0.000000,
                           0.747305, 0.639031,-0.182137, 0.000000,
                           0.104418, 0.157764, 0.981941, 0.000000,
                           1.293646,12.244290,-0.571162, 1.000000;;
                        }
                        Frame Armature_middle_02_l {
                          FrameTransformMatrix {
                             0.660068,-0.750857,-0.022899, 0.000000,
                             0.749197, 0.655769, 0.093120, 0.000000,
                            -0.054904,-0.078621, 0.995391, 0.000000,
                             0.000001, 4.640368, 0.000002, 1.000000;;
                          }
                          Frame Armature_middle_03_l {
                            FrameTransformMatrix {
                               0.887975,-0.459882,-0.002907, 0.000000,
                               0.459879, 0.887980,-0.001505, 0.000000,
                               0.003274,-0.000001, 0.999995, 0.000000,
                              -0.000008, 3.648849, 0.000002, 1.000000;;
                            }
                          } // End of Armature_middle_03_l
                        } // End of Armature_middle_02_l
                      } // End of Armature_middle_01_l
                      Frame Armature_pinky_01_l {
                        FrameTransformMatrix {
                           0.461877,-0.758253, 0.460133, 0.000000,
                           0.878029, 0.464264,-0.116296, 0.000000,
                          -0.125441, 0.457724, 0.880201, 0.000000,
                           2.263150,10.140667,-4.643148, 1.000000;;
                        }
                        Frame Armature_pinky_02_l {
                          FrameTransformMatrix {
                             0.497022,-0.867225,-0.029842, 0.000000,
                             0.866786, 0.497793,-0.029732, 0.000000,
                             0.040639,-0.011089, 0.999112, 0.000000,
                             0.000000, 3.570998, 0.000002, 1.000000;;
                          }
                          Frame Armature_pinky_03_l {
                            FrameTransformMatrix {
                               0.712792,-0.701356,-0.005108, 0.000000,
                               0.701338, 0.712811,-0.005025, 0.000000,
                               0.007165,-0.000001, 0.999974, 0.000000,
                              -0.000003, 2.985632,-0.000001, 1.000000;;
                            }
                          } // End of Armature_pinky_03_l
                        } // End of Armature_pinky_02_l
                      } // End of Armature_pinky_01_l
                      Frame Armature_ring_01_l {
                        FrameTransformMatrix {
                           0.459577,-0.812321, 0.359060, 0.000000,
                           0.882274, 0.463950,-0.079645, 0.000000,
                          -0.101889, 0.353392, 0.929910, 0.000000,
                           1.753525,11.497891,-2.846912, 1.000000;;
                        }
                        Frame Armature_ring_02_l {
                          FrameTransformMatrix {
                             0.846937,-0.531539,-0.012768, 0.000000,
                             0.531604, 0.846991, 0.002060, 0.000000,
                             0.009720,-0.008532, 0.999916, 0.000000,
                            -0.000001, 4.430182,-0.000002, 1.000000;;
                          }
                          Frame Armature_ring_03_l {
                            FrameTransformMatrix {
                               0.912722,-0.408580, 0.000366, 0.000000,
                               0.408580, 0.912722, 0.000163, 0.000000,
                              -0.000400, 0.000000, 1.000000, 0.000000,
                               0.000007, 3.476655,-0.000000, 1.000000;;
                            }
                          } // End of Armature_ring_03_l
                        } // End of Armature_ring_02_l
                      } // End of Armature_ring_01_l
                      Frame Armature_thumb_01_l {
                        FrameTransformMatrix {
                          -0.049888, 0.340788,-0.938816, 0.000000,
                           0.696400, 0.685661, 0.211887, 0.000000,
                           0.715918,-0.643220,-0.271531, 0.000000,
                           2.374982, 4.762034, 2.537820, 1.000000;;
                        }
                        Frame Armature_thumb_02_l {
                          FrameTransformMatrix {
                             0.994918,-0.094574,-0.034565, 0.000000,
                             0.097443, 0.990808, 0.093834, 0.000000,
                             0.025373,-0.096726, 0.994988, 0.000000,
                             0.000000, 3.869674,-0.000000, 1.000000;;
                          }
                          Frame Armature_thumb_03_l {
                            FrameTransformMatrix {
                               0.993104,-0.092366,-0.072196, 0.000000,
                               0.099652, 0.989482, 0.104857, 0.000000,
                               0.061751,-0.111328, 0.991863, 0.000000,
                               0.000002, 4.062172, 0.000001, 1.000000;;
                            }
                          } // End of Armature_thumb_03_l
                        } // End of Armature_thumb_02_l
                      } // End of Armature_thumb_01_l
                    } // End of Armature_hand_l
                    Frame Armature_lowerarm_twist_01_l {
                      FrameTransformMatrix {
                         0.976179, 0.000000,-0.216966, 0.000000,
                        -0.000000, 1.000000,-0.000000, 0.000000,
                         0.216966, 0.000000, 0.976179, 0.000000,
                         0.000002,14.000009,-0.000003, 1.000000;;
                      }
                    } // End of Armature_lowerarm_twist_01_l
                  } // End of Armature_lowerarm_l
                  Frame Armature_upperarm_twist_01_l {
                    FrameTransformMatrix {
                       0.970777, 0.000000,-0.239984, 0.000000,
                       0.000000, 1.000000, 0.000000, 0.000000,
                       0.239984,-0.000000, 0.970777, 0.000000,
                      -0.000001, 0.500027, 0.000001, 1.000000;;
                    }
                  } // End of Armature_upperarm_twist_01_l
                } // End of Armature_upperarm_l
              } // End of Armature_clavicle_l
              Frame Armature_clavicle_r {
                FrameTransformMatrix {
                  -0.883175,-0.147211,-0.445344, 0.000000,
                   0.460765,-0.094686,-0.882457, 0.000000,
                   0.087739,-0.984563, 0.151454, 0.000000,
                  -2.732107,11.883777,-3.782006, 1.000000;;
                }
                Frame Armature_upperarm_r {
                  FrameTransformMatrix {
                     0.821441,-0.555652, 0.128395, 0.000000,
                     0.139461, 0.414023, 0.899520, 0.000000,
                    -0.552978,-0.720996, 0.417588, 0.000000,
                    -0.000048,15.784749, 0.000056, 1.000000;;
                  }
                  Frame Armature_lowerarm_r {
                    FrameTransformMatrix {
                       0.876145,-0.463024,-0.134086, 0.000000,
                       0.462585, 0.885831,-0.036310, 0.000000,
                       0.135590,-0.030214, 0.990304, 0.000000,
                       0.000007,30.340073, 0.000000, 1.000000;;
                    }
                    Frame Armature_hand_r {
                      FrameTransformMatrix {
                         0.301169,-0.171620,-0.938000, 0.000000,
                         0.281015, 0.955960,-0.084679, 0.000000,
                         0.911223,-0.238090, 0.336133, 0.000000,
                        -0.000003,26.975245,-0.000018, 1.000000;;
                      }
                      Frame Armature_index_01_r {
                        FrameTransformMatrix {
                           0.907567, 0.344778, 0.239688, 0.000000,
                          -0.331483, 0.938659,-0.095066, 0.000000,
                          -0.257762, 0.006826, 0.966184, 0.000000,
                          -1.763729,12.067839, 2.109433, 1.000000;;
                        }
                        Frame Armature_index_02_r {
                          FrameTransformMatrix {
                             0.694800, 0.714808, 0.079382, 0.000000,
                            -0.719140, 0.691954, 0.063547, 0.000000,
                            -0.009505,-0.101240, 0.994817, 0.000000,
                             0.000094, 4.287698,-0.000075, 1.000000;;
                          }
                          Frame Armature_index_03_r {
                            FrameTransformMatrix {
                               0.893961, 0.447740, 0.019042, 0.000000,
                              -0.447639, 0.894163,-0.009537, 0.000000,
                              -0.021297, 0.000002, 0.999773, 0.000000,
                               0.000126, 3.393804,-0.000014, 1.000000;;
                            }
                          } // End of Armature_index_03_r
                        } // End of Armature_index_02_r
                      } // End of Armature_index_01_r
                      Frame Armature_middle_01_r {
                        FrameTransformMatrix {
                           0.835751, 0.545186, 0.065520, 0.000000,
                          -0.536459, 0.836129,-0.114456, 0.000000,
                          -0.117183, 0.060508, 0.991265, 0.000000,
                          -1.293735,12.244019,-0.571125, 1.000000;;
                        }
                        Frame Armature_middle_02_r {
                          FrameTransformMatrix {
                             0.556339, 0.829611, 0.047253, 0.000000,
                            -0.828218, 0.548997, 0.112504, 0.000000,
                             0.067393,-0.101726, 0.992527, 0.000000,
                            -0.000139, 4.640573, 0.000005, 1.000000;;
                          }
                          Frame Armature_middle_03_r {
                            FrameTransformMatrix {
                               0.900951, 0.433911, 0.002950, 0.000000,
                              -0.433909, 0.900955,-0.001421, 0.000000,
                              -0.003274, 0.000000, 0.999995, 0.000000,
                               0.000023, 3.648915,-0.000003, 1.000000;;
                            }
                          } // End of Armature_middle_03_r
                        } // End of Armature_middle_02_r
                      } // End of Armature_middle_01_r
                      Frame Armature_pinky_01_r {
                        FrameTransformMatrix {
                           0.793408, 0.499140,-0.348372, 0.000000,
                          -0.570787, 0.808907,-0.140966, 0.000000,
                           0.211439, 0.310690, 0.926696, 0.000000,
                          -2.263361,10.140493,-4.643089, 1.000000;;
                        }
                        Frame Armature_pinky_02_r {
                          FrameTransformMatrix {
                             0.517279, 0.854157, 0.053279, 0.000000,
                            -0.855286, 0.518148,-0.002975, 0.000000,
                            -0.030147,-0.044030, 0.998575, 0.000000,
                            -0.000079, 3.571058,-0.000009, 1.000000;;
                          }
                          Frame Armature_pinky_03_r {
                            FrameTransformMatrix {
                               0.643504, 0.765429, 0.004609, 0.000000,
                              -0.765409, 0.643520,-0.005483, 0.000000,
                              -0.007163, 0.000001, 0.999974, 0.000000,
                               0.000322, 2.985423,-0.000038, 1.000000;;
                            }
                          } // End of Armature_pinky_03_r
                        } // End of Armature_pinky_02_r
                      } // End of Armature_pinky_01_r
                      Frame Armature_ring_01_r {
                        FrameTransformMatrix {
                           0.737418, 0.641804,-0.210483, 0.000000,
                          -0.667024, 0.741001,-0.077435, 0.000000,
                           0.106270, 0.197499, 0.974526, 0.000000,
                          -1.753778,11.497879,-2.846909, 1.000000;;
                        }
                        Frame Armature_ring_02_r {
                          FrameTransformMatrix {
                             0.504225, 0.863303, 0.021554, 0.000000,
                            -0.863548, 0.504240, 0.005128, 0.000000,
                            -0.006441,-0.021198, 0.999754, 0.000000,
                             0.000083, 4.429872,-0.000015, 1.000000;;
                          }
                          Frame Armature_ring_03_r {
                            FrameTransformMatrix {
                               0.887358, 0.461082,-0.000356, 0.000000,
                              -0.461082, 0.887358, 0.000185, 0.000000,
                               0.000401, 0.000000, 1.000000, 0.000000,
                               0.000071, 3.476669,-0.000001, 1.000000;;
                            }
                          } // End of Armature_ring_03_r
                        } // End of Armature_ring_02_r
                      } // End of Armature_ring_01_r
                      Frame Armature_thumb_01_r {
                        FrameTransformMatrix {
                           0.232376,-0.417046, 0.878677, 0.000000,
                          -0.398991, 0.783021, 0.477163, 0.000000,
                          -0.887022,-0.461466, 0.015557, 0.000000,
                          -2.375080, 4.762007, 2.537805, 1.000000;;
                        }
                        Frame Armature_thumb_02_r {
                          FrameTransformMatrix {
                             0.915589, 0.402065, 0.006353, 0.000000,
                            -0.402112, 0.915396, 0.018898, 0.000000,
                             0.001783,-0.019857, 0.999801, 0.000000,
                             0.000110, 3.869576, 0.000056, 1.000000;;
                          }
                          Frame Armature_thumb_03_r {
                            FrameTransformMatrix {
                               0.902588, 0.428749, 0.038849, 0.000000,
                              -0.428351, 0.903424,-0.018453, 0.000000,
                              -0.043009, 0.000014, 0.999075, 0.000000,
                               0.000001, 4.062181, 0.000003, 1.000000;;
                            }
                          } // End of Armature_thumb_03_r
                        } // End of Armature_thumb_02_r
                      } // End of Armature_thumb_01_r
                      Frame Armature_weapon_r {
                        FrameTransformMatrix {
                           0.668924,-0.080047, 0.739008, 0.000000,
                           0.250435,-0.911793,-0.325448, 0.000000,
                           0.699873, 0.402774,-0.589874, 0.000000,
                          -21.135860,-14.222785,55.015926, 1.000000;;
                        }
                      } // End of Armature_weapon_r
                    } // End of Armature_hand_r
                    Frame Armature_lowerarm_twist_01_r {
                      FrameTransformMatrix {
                         0.996887, 0.000000,-0.078848, 0.000000,
                        -0.000000, 1.000000,-0.000002, 0.000000,
                         0.078848, 0.000002, 0.996887, 0.000000,
                         0.000028,14.000031, 0.000003, 1.000000;;
                      }
                    } // End of Armature_lowerarm_twist_01_r
                  } // End of Armature_lowerarm_r
                  Frame Armature_upperarm_twist_01_r {
                    FrameTransformMatrix {
                       0.888030, 0.000000,-0.459785, 0.000000,
                       0.000000, 1.000000, 0.000000, 0.000000,
                       0.459785,-0.000000, 0.888030, 0.000000,
                       0.000001, 0.500011,-0.000006, 1.000000;;
                    }
                  } // End of Armature_upperarm_twist_01_r
                } // End of Armature_upperarm_r
              } // End of Armature_clavicle_r
              Frame Armature_neck_01 {
                FrameTransformMatrix {
                   0.669684, 0.417751,-0.614009, 0.000000,
                  -0.406393, 0.898152, 0.167830, 0.000000,
                   0.621585, 0.137135, 0.771249, 0.000000,
                  -0.355317,16.558792,-0.000002, 1.000000;;
                }
                Frame Armature_head {
                  FrameTransformMatrix {
                     0.990519,-0.137101,-0.008721, 0.000000,
                     0.135012, 0.959771, 0.246193, 0.000000,
                    -0.025383,-0.245037, 0.969182, 0.000000,
                     0.364154, 9.283613, 0.000001, 1.000000;;
                  }
                } // End of Armature_head
              } // End of Armature_neck_01
            } // End of Armature_spine_03
          } // End of Armature_spine_02
        } // End of Armature_spine_01
        Frame Armature_sword_holder {
          FrameTransformMatrix {
            -0.909316, 0.370363, 0.189678, 0.000000,
            -0.355306,-0.928335, 0.109325, 0.000000,
             0.216575, 0.032017, 0.975741, 0.000000,
            13.979992,19.492996,16.300999, 1.000000;;
          }
        } // End of Armature_sword_holder
        Frame Armature_thigh_l {
          FrameTransformMatrix {
            -0.159040,-0.513038,-0.843504, 0.000000,
            -0.859693,-0.348114, 0.373823, 0.000000,
            -0.485421, 0.784607,-0.385691, 0.000000,
            -1.448827, 0.531420, 9.005810, 1.000000;;
          }
          Frame Armature_calf_l {
            FrameTransformMatrix {
               0.957042,-0.274610,-0.093062, 0.000000,
               0.276409, 0.961016, 0.006770, 0.000000,
               0.087575,-0.032202, 0.995637, 0.000000,
               0.001573,42.536961, 0.000147, 1.000000;;
            }
            Frame Armature_calf_twist_01_l {
              FrameTransformMatrix {
                 0.999841,-0.015271,-0.009270, 0.000000,
                 0.015236, 0.999877,-0.003824, 0.000000,
                 0.009327, 0.003682, 0.999950, 0.000000,
                -0.000003,20.476776, 0.000000, 1.000000;;
              }
            } // End of Armature_calf_twist_01_l
            Frame Armature_foot_l {
              FrameTransformMatrix {
                 0.013326,-0.970282,-0.241611, 0.000000,
                -0.995243,-0.036194, 0.090459, 0.000000,
                -0.096516, 0.239256,-0.966147, 0.000000,
                 0.000159,40.196686, 0.000190, 1.000000;;
              }
              Frame Armature_ball_l {
                FrameTransformMatrix {
                   0.024622, 0.999697, 0.000147, 0.000000,
                  -0.999697, 0.024622, 0.000077, 0.000000,
                   0.000073,-0.000149, 1.000000, 0.000000,
                  -10.453840,16.577852,-0.080155, 1.000000;;
                }
              } // End of Armature_ball_l
            } // End of Armature_foot_l
          } // End of Armature_calf_l
          Frame Armature_thigh_twist_01_l {
            FrameTransformMatrix {
               0.502483,-0.000497,-0.864587, 0.000000,
               0.000983, 1.000000,-0.000004, 0.000000,
               0.864587,-0.000848, 0.502483, 0.000000,
               0.000002,22.094250, 0.000000, 1.000000;;
            }
          } // End of Armature_thigh_twist_01_l
        } // End of Armature_thigh_l
        Frame Armature_thigh_r {
          FrameTransformMatrix {
            -0.096000, 0.949809,-0.297737, 0.000000,
            -0.938464,-0.186065,-0.290973, 0.000000,
            -0.331767, 0.251482, 0.909223, 0.000000,
            -1.448638, 0.531423,-9.005804, 1.000000;;
          }
          Frame Armature_calf_r {
            FrameTransformMatrix {
               0.948095, 0.304614, 0.091253, 0.000000,
              -0.306045, 0.952015, 0.001775, 0.000000,
              -0.086333,-0.029611, 0.995826, 0.000000,
              -0.001153,42.529808, 0.000286, 1.000000;;
            }
            Frame Armature_calf_twist_01_r {
              FrameTransformMatrix {
                 0.997999, 0.014972,-0.061438, 0.000000,
                -0.015235, 0.999876,-0.003825, 0.000000,
                 0.061373, 0.004753, 0.998103, 0.000000,
                -0.000000,20.476917, 0.000003, 1.000000;;
              }
            } // End of Armature_calf_twist_01_r
            Frame Armature_foot_r {
              FrameTransformMatrix {
                 0.160395, 0.954729, 0.250531, 0.000000,
                 0.986894,-0.150562,-0.058062, 0.000000,
                -0.017713, 0.256561,-0.966366, 0.000000,
                 0.000004,40.196815, 0.000227, 1.000000;;
              }
              Frame Armature_ball_r {
                FrameTransformMatrix {
                  -0.002068,-0.999998, 0.000576, 0.000000,
                   0.999998,-0.002068, 0.000073, 0.000000,
                  -0.000072, 0.000577, 1.000000, 0.000000,
                  10.453817,16.577801,-0.080157, 1.000000;;
                }
              } // End of Armature_ball_r
            } // End of Armature_foot_r
          } // End of Armature_calf_r
          Frame Armature_thigh_twist_01_r {
            FrameTransformMatrix {
               0.971316, 0.000956, 0.237791, 0.000000,
              -0.000983, 1.000000,-0.000003, 0.000000,
              -0.237791,-0.000231, 0.971316, 0.000000,
               0.000001,22.094238,-0.000000, 1.000000;;
            }
          } // End of Armature_thigh_twist_01_r
        } // End of Armature_thigh_r
      } // End of Armature_pelvis
    } // End of Armature_root
  } // End of Armature
} // End of Root
AnimationSet Global {
  Animation {
    {Armature}
    AnimationKey { // Rotation
      0;
      12;
      0;4;-0.707107, 0.707107, 0.000000, 0.000000;;,
      1;4;-0.707107, 0.707107, 0.000000, 0.000000;;,
      2;4;-0.707107, 0.707107, 0.000000, 0.000000;;,
      3;4;-0.707107, 0.707107, 0.000000, 0.000000;;,
      4;4;-0.707107, 0.707107, 0.000000, 0.000000;;,
      5;4;-0.707107, 0.707107, 0.000000, 0.000000;;,
      6;4;-0.707107, 0.707107, 0.000000, 0.000000;;,
      7;4;-0.707107, 0.707107, 0.000000, 0.000000;;,
      8;4;-0.707107, 0.707107, 0.000000, 0.000000;;,
      9;4;-0.707107, 0.707107, 0.000000, 0.000000;;,
      10;4;-0.707107, 0.707107, 0.000000, 0.000000;;,
      11;4;-0.707107, 0.707107, 0.000000, 0.000000;;;
    }
    AnimationKey { // Scale
      1;
      12;
      0;3; 0.010000, 0.010000, 0.010000;;,
      1;3; 0.010000, 0.010000, 0.010000;;,
      2;3; 0.010000, 0.010000, 0.010000;;,
      3;3; 0.010000, 0.010000, 0.010000;;,
      4;3; 0.010000, 0.010000, 0.010000;;,
      5;3; 0.010000, 0.010000, 0.010000;;,
      6;3; 0.010000, 0.010000, 0.010000;;,
      7;3; 0.010000, 0.010000, 0.010000;;,
      8;3; 0.010000, 0.010000, 0.010000;;,
      9;3; 0.010000, 0.010000, 0.010000;;,
      10;3; 0.010000, 0.010000, 0.010000;;,
      11;3; 0.010000, 0.010000, 0.010000;;;
    }
    AnimationKey { // Position
      2;
      12;
      0;3; 0.000000, 0.000000, 0.000000;;,
      1;3; 0.000000, 0.000000, 0.000000;;,
      2;3; 0.000000, 0.000000, 0.000000;;,
      3;3; 0.000000, 0.000000, 0.000000;;,
      4;3; 0.000000, 0.000000, 0.000000;;,
      5;3; 0.000000, 0.000000, 0.000000;;,
      6;3; 0.000000, 0.000000, 0.000000;;,
      7;3; 0.000000, 0.000000, 0.000000;;,
      8;3; 0.000000, 0.000000, 0.000000;;,
      9;3; 0.000000, 0.000000, 0.000000;;,
      10;3; 0.000000, 0.000000, 0.000000;;,
      11;3; 0.000000, 0.000000, 0.000000;;;
    }
  }
  Animation {
    {Armature_root}
    AnimationKey { // Rotation
      0;
      12;
      0;4;-1.000000,-0.000000, 0.000000, 0.000000;;,
      1;4;-1.000000,-0.000000, 0.000000, 0.000000;;,
      2;4;-1.000000,-0.000000, 0.000000, 0.000000;;,
      3;4;-1.000000,-0.000000, 0.000000, 0.000000;;,
      4;4;-1.000000,-0.000000, 0.000000, 0.000000;;,
      5;4;-1.000000,-0.000000, 0.000000, 0.000000;;,
      6;4;-1.000000,-0.000000, 0.000000, 0.000000;;,
      7;4;-1.000000,-0.000000, 0.000000, 0.000000;;,
      8;4;-1.000000,-0.000000, 0.000000, 0.000000;;,
      9;4;-1.000000,-0.000000, 0.000000, 0.000000;;,
      10;4;-1.000000,-0.000000, 0.000000, 0.000000;;,
      11;4;-1.000000,-0.000000, 0.000000, 0.000000;;;
    }
    AnimationKey { // Scale
      1;
      12;
      0;3; 1.000000, 1.000000, 1.000000;;,
      1;3; 1.000000, 1.000000, 1.000000;;,
      2;3; 1.000000, 1.000000, 1.000000;;,
      3;3; 1.000000, 1.000000, 1.000000;;,
      4;3; 1.000000, 1.000000, 1.000000;;,
      5;3; 1.000000, 1.000000, 1.000000;;,
      6;3; 1.000000, 1.000000, 1.000000;;,
      7;3; 1.000000, 1.000000, 1.000000;;,
      8;3; 1.000000, 1.000000, 1.000000;;,
      9;3; 1.000000, 1.000000, 1.000000;;,
      10;3; 1.000000, 1.000000, 1.000000;;,
      11;3; 1.000000, 1.000000, 1.000000;;;
    }
    AnimationKey { // Position
      2;
      12;
      0;3; 0.000000, 0.000000, 0.000000;;,
      1;3; 0.000000, 0.000000, 0.000000;;,
      2;3; 0.000000, 0.000000, 0.000000;;,
      3;3; 0.000000, 0.000000, 0.000000;;,
      4;3; 0.000000, 0.000000, 0.000000;;,
      5;3; 0.000000, 0.000000, 0.000000;;,
      6;3; 0.000000, 0.000000, 0.000000;;,
      7;3; 0.000000, 0.000000, 0.000000;;,
      8;3; 0.000000, 0.000000, 0.000000;;,
      9;3; 0.000000, 0.000000, 0.000000;;,
      10;3; 0.000000, 0.000000, 0.000000;;,
      11;3; 0.000000, 0.000000, 0.000000;;;
    }
  }
  Animation {
    {Armature_pelvis}
    AnimationKey { // Rotation
      0;
      12;
      0;4;-0.758770, 0.182756, 0.221819, 0.584520;;,
      1;4;-0.758770, 0.182756, 0.221819, 0.584520;;,
      2;4;-0.750945, 0.193367, 0.230343, 0.587906;;,
      3;4;-0.729121, 0.222590, 0.252080, 0.596064;;,
      4;4;-0.695698, 0.266615, 0.280343, 0.605251;;,
      5;4;-0.653772, 0.321218, 0.308557, 0.611714;;,
      6;4;-0.607477, 0.381444, 0.331671, 0.612753;;,
      7;4;-0.561578, 0.441790, 0.347021, 0.607477;;,
      8;4;-0.520624, 0.496733, 0.354487, 0.597115;;,
      9;4;-0.488226, 0.541266, 0.355949, 0.584779;;,
      10;4;-0.466867, 0.571131, 0.354292, 0.574737;;,
      11;4;-0.458415, 0.582523, 0.352278, 0.571334;;;
    }
    AnimationKey { // Scale
      1;
      12;
      0;3; 1.000000, 1.000000, 1.000000;;,
      1;3; 1.000000, 1.000000, 1.000000;;,
      2;3; 1.000000, 1.000000, 1.000000;;,
      3;3; 1.000000, 1.000000, 1.000000;;,
      4;3; 1.000000, 1.000000, 1.000000;;,
      5;3; 1.000000, 1.000000, 1.000000;;,
      6;3; 1.000000, 1.000000, 1.000000;;,
      7;3; 1.000000, 1.000000, 1.000000;;,
      8;3; 1.000000, 1.000000, 1.000000;;,
      9;3; 1.000000, 1.000000, 1.000000;;,
      10;3; 1.000000, 1.000000, 1.000000;;,
      11;3; 1.000000, 1.000000, 1.000000;;;
    }
    AnimationKey { // Position
      2;
      12;
      0;3; 0.266242,93.183037,-2.139818;;,
      1;3; 0.266242,93.183037,-2.139818;;,
      2;3; 0.208849,92.981789,-2.050785;;,
      3;3; 0.050569,92.418755,-1.770841;;,
      4;3;-0.172660,91.539162,-1.261229;;,
      5;3;-0.390645,90.379913,-0.498678;;,
      6;3;-0.514901,88.990646, 0.481456;;,
      7;3;-0.485845,87.456680, 1.576418;;,
      8;3;-0.312550,85.913345, 2.651999;;,
      9;3;-0.071313,84.543739, 3.595379;;,
      10;3; 0.131791,83.560272, 4.342762;;,
      11;3; 0.201734,83.176849, 4.864178;;;
    }
  }
  Animation {
    {Armature_spine_01}
    AnimationKey { // Rotation
      0;
      12;
      0;4;-0.740360,-0.038452, 0.007801,-0.671064;;,
      1;4;-0.740360,-0.038452, 0.007801,-0.671064;;,
      2;4;-0.745868,-0.037338, 0.009605,-0.664977;;,
      3;4;-0.760607,-0.034365, 0.014348,-0.648144;;,
      4;4;-0.781708,-0.030129, 0.020909,-0.622566;;,
      5;4;-0.806206,-0.025226, 0.028162,-0.590426;;,
      6;4;-0.831291,-0.020201, 0.035144,-0.554357;;,
      7;4;-0.854578,-0.015511, 0.041167,-0.517456;;,
      8;4;-0.874277,-0.011489, 0.045883,-0.483118;;,
      9;4;-0.889183,-0.008319, 0.049253,-0.454818;;,
      10;4;-0.898480,-0.006066, 0.051443,-0.435947;;,
      11;4;-0.901401,-0.004760, 0.052652,-0.429747;;;
    }
    AnimationKey { // Scale
      1;
      12;
      0;3; 1.000000, 1.000000, 1.000000;;,
      1;3; 1.000000, 1.000000, 1.000000;;,
      2;3; 1.000000, 1.000000, 1.000000;;,
      3;3; 1.000000, 1.000000, 1.000000;;,
      4;3; 1.000000, 1.000000, 1.000000;;,
      5;3; 1.000000, 1.000000, 1.000000;;,
      6;3; 1.000000, 1.000000, 1.000000;;,
      7;3; 1.000000, 1.000000, 1.000000;;,
      8;3; 1.000000, 1.000000, 1.000000;;,
      9;3; 1.000000, 1.000000, 1.000000;;,
      10;3; 1.000000, 1.000000, 1.000000;;,
      11;3; 1.000000, 1.000000, 1.000000;;;
    }
    AnimationKey { // Position
      2;
      12;
      0;3;10.808878, 0.851416, 0.000001;;,
      1;3;10.808878, 0.851416, 0.000001;;,
      2;3;10.808876, 0.851416, 0.000000;;,
      3;3;10.808900, 0.851420, 0.000001;;,
      4;3;10.808875, 0.851416, 0.000001;;,
      5;3;10.808880, 0.851418, 0.000001;;,
      6;3;10.808891, 0.851417, 0.000001;;,
      7;3;10.808878, 0.851417, 0.000001;;,
      8;3;10.808873, 0.851418, 0.000002;;,
      9;3;10.808872, 0.851416, 0.000001;;,
      10;3;10.808892, 0.851415,-0.000001;;,
      11;3;10.808880, 0.851418, 0.000001;;;
    }
  }
  Animation {
    {Armature_spine_02}
    AnimationKey { // Rotation
      0;
      12;
      0;4;-0.992219,-0.002085, 0.021732, 0.122572;;,
      1;4;-0.992219,-0.002085, 0.021732, 0.122572;;,
      2;4;-0.992477,-0.002425, 0.021827, 0.120442;;,
      3;4;-0.993212,-0.003203, 0.022130, 0.114149;;,
      4;4;-0.994340,-0.003961, 0.022672, 0.103723;;,
      5;4;-0.995691,-0.004271, 0.023443, 0.089617;;,
      6;4;-0.997025,-0.003890, 0.024379, 0.073023;;,
      7;4;-0.998121,-0.002822, 0.025394, 0.055696;;,
      8;4;-0.998868,-0.001298, 0.026425, 0.039531;;,
      9;4;-0.999280, 0.000306, 0.027455, 0.026200;;,
      10;4;-0.999448, 0.001553, 0.028510, 0.017006;;,
      11;4;-0.999475, 0.002023, 0.029629, 0.012951;;;
    }
    AnimationKey { // Scale
      1;
      12;
      0;3; 1.000000, 1.000000, 1.000000;;,
      1;3; 1.000000, 1.000000, 1.000000;;,
      2;3; 1.000000, 1.000000, 1.000000;;,
      3;3; 1.000000, 1.000000, 1.000000;;,
      4;3; 1.000000, 1.000000, 1.000000;;,
      5;3; 1.000000, 1.000000, 1.000000;;,
      6;3; 1.000000, 1.000000, 1.000000;;,
      7;3; 1.000000, 1.000000, 1.000000;;,
      8;3; 1.000000, 1.000000, 1.000000;;,
      9;3; 1.000000, 1.000000, 1.000000;;,
      10;3; 1.000000, 1.000000, 1.000000;;,
      11;3; 1.000000, 1.000000, 1.000000;;;
    }
    AnimationKey { // Position
      2;
      12;
      0;3; 3.799579,18.803810, 0.197477;;,
      1;3; 3.799579,18.803810, 0.197477;;,
      2;3; 3.799462,18.804420, 0.196288;;,
      3;3; 3.799098,18.806225, 0.193538;;,
      4;3; 3.798450,18.809210, 0.190811;;,
      5;3; 3.797539,18.813272, 0.189853;;,
      6;3; 3.796455,18.818073, 0.192098;;,
      7;3; 3.795297,18.823109, 0.198206;;,
      8;3; 3.794185,18.827824, 0.207763;;,
      9;3; 3.793164,18.831715, 0.219397;;,
      10;3; 3.792287,18.834419, 0.231186;;,
      11;3; 3.791628,18.835613, 0.241267;;;
    }
  }
  Animation {
    {Armature_spine_03}
    AnimationKey { // Rotation
      0;
      12;
      0;4;-0.998688, 0.031872, 0.025027, 0.031296;;,
      1;4;-0.998688, 0.031872, 0.025027, 0.031296;;,
      2;4;-0.998775, 0.031648, 0.025138, 0.028542;;,
      3;4;-0.998965, 0.030965, 0.025472, 0.021498;;,
      4;4;-0.999145, 0.029742, 0.026032, 0.012109;;,
      5;4;-0.999249, 0.027896, 0.026809, 0.002041;;,
      6;4;-0.999261, 0.025444, 0.027773,-0.007598;;,
      7;4;-0.999197, 0.022569, 0.028881,-0.016176;;,
      8;4;-0.999084, 0.019615, 0.030083,-0.023270;;,
      9;4;-0.998960, 0.017047, 0.031333,-0.028397;;,
      10;4;-0.998873, 0.015386, 0.032584,-0.030901;;,
      11;4;-0.998865, 0.015154, 0.033794,-0.029947;;;
    }
    AnimationKey { // Scale
      1;
      12;
      0;3; 1.000000, 1.000000, 1.000000;;,
      1;3; 1.000000, 1.000000, 1.000000;;,
      2;3; 1.000000, 1.000000, 1.000000;;,
      3;3; 1.000000, 1.000000, 1.000000;;,
      4;3; 1.000000, 1.000000, 1.000000;;,
      5;3; 1.000000, 1.000000, 1.000000;;,
