xof 0303txt 0032

template XSkinMeshHeader {
  <3cf169ce-ff7c-44ab-93c0-f78f62d172e2>
  WORD nMaxSkinWeightsPerVertex;
  WORD nMaxSkinWeightsPerFace;
  WORD nBones;
}

template SkinWeights {
  <6f0d123b-bad2-4167-a0d0-80224f25fabb>
  STRING transformNodeName;
  DWORD nWeights;
  array DWORD vertexIndices[nWeights];
  array float weights[nWeights];
  Matrix4x4 matrixOffset;
}

Frame Root {
  FrameTransformMatrix {
     1.000000, 0.000000, 0.000000, 0.000000,
     0.000000,-0.000000, 1.000000, 0.000000,
     0.000000, 1.000000, 0.000000, 0.000000,
     0.000000, 0.000000, 0.000000, 1.000000;;
  }
  Frame Armature {
    FrameTransformMatrix {
       0.010000, 0.000000, 0.000000, 0.000000,
       0.000000,-0.000000, 0.010000, 0.000000,
       0.000000,-0.010000,-0.000000, 0.000000,
       0.000000, 0.000000, 0.000000, 1.000000;;
    }
    Frame Armature_root {
      FrameTransformMatrix {
         1.000000, 0.000000, 0.000000, 0.000000,
         0.000000, 1.000000,-0.000000, 0.000000,
         0.000000, 0.000000, 1.000000, 0.000000,
         0.000000, 0.000000, 0.000000, 1.000000;;
      }
      Frame Armature_ik_foot_root {
        FrameTransformMatrix {
           1.000000, 0.000000, 0.000000, 0.000000,
           0.000000, 1.000000, 0.000000, 0.000000,
           0.000000, 0.000000, 1.000000, 0.000000,
           0.000000, 0.000000, 0.000000, 1.000000;;
        }
        Frame Armature_ik_foot_l {
          FrameTransformMatrix {
             0.287173,-0.607204, 0.740834, 0.000000,
            -0.952774,-0.101330, 0.286275, 0.000000,
            -0.098759,-0.788058,-0.607628, 0.000000,
             9.510070,70.975159,-10.478214, 1.000000;;
          }
        } // End of Armature_ik_foot_l
        Frame Armature_ik_foot_r {
          FrameTransformMatrix {
             0.319947, 0.142498,-0.936658, 0.000000,
            -0.946895, 0.014691,-0.321208, 0.000000,
            -0.032011, 0.989686, 0.139631, 0.000000,
            -9.733698,67.749405,-4.249937, 1.000000;;
          }
        } // End of Armature_ik_foot_r
      } // End of Armature_ik_foot_root
      Frame Armature_ik_hand_root {
        FrameTransformMatrix {
           1.000000, 0.000000, 0.000000, 0.000000,
           0.000000, 1.000000, 0.000000, 0.000000,
           0.000000, 0.000000, 1.000000, 0.000000,
           0.000000, 0.000000, 0.000000, 1.000000;;
        }
        Frame Armature_ik_hand_gun {
          FrameTransformMatrix {
             0.136071, 0.735670, 0.663532, 0.000000,
             0.712479,-0.538041, 0.450428, 0.000000,
             0.688374, 0.411462,-0.597361, 0.000000,
            -47.745464,157.960724,-24.733274, 1.000000;;
          }
          Frame Armature_ik_hand_l {
            FrameTransformMatrix {
              -0.960608,-0.224341, 0.164024, 0.000000,
               0.013001, 0.553289, 0.832888, 0.000000,
              -0.277604, 0.802211,-0.528577, 0.000000,
              26.186787,105.321434,55.804268, 1.000000;;
            }
          } // End of Armature_ik_hand_l
          Frame Armature_ik_hand_r {
            FrameTransformMatrix {
               1.000000,-0.000000, 0.000000, 0.000000,
              -0.000000, 1.000000, 0.000000, 0.000000,
              -0.000000,-0.000000, 1.000000, 0.000000,
              -0.000007,-0.000042,-0.000009, 1.000000;;
            }
          } // End of Armature_ik_hand_r
        } // End of Armature_ik_hand_gun
      } // End of Armature_ik_hand_root
      Frame Armature_pelvis {
        FrameTransformMatrix {
           0.010025, 0.846337,-0.532553, 0.000000,
          -0.194619, 0.524046, 0.829155, 0.000000,
           0.980827, 0.095333, 0.169967, 0.000000,
           0.266241,93.183052,-2.139818, 1.000000;;
        }
        Frame Armature_spine_01 {
          FrameTransformMatrix {
             0.908261,-0.413371, 0.064708, 0.000000,
             0.383531, 0.884355, 0.266122, 0.000000,
            -0.167232,-0.216891, 0.961765, 0.000000,
            10.808876, 0.851422,-0.000001, 1.000000;;
          }
          Frame Armature_spine_02 {
            FrameTransformMatrix {
               0.895538, 0.443510, 0.036206, 0.000000,
              -0.444918, 0.893855, 0.055424, 0.000000,
              -0.007781,-0.065743, 0.997806, 0.000000,
               3.800855,18.774876,-0.349875, 1.000000;;
            }
            Frame Armature_spine_03 {
              FrameTransformMatrix {
                 0.945402, 0.324455, 0.030734, 0.000000,
                -0.306549, 0.917301,-0.254139, 0.000000,
                -0.110649, 0.230842, 0.966679, 0.000000,
                 0.418086,13.412360,-0.046925, 1.000000;;
              }
              Frame Armature_clavicle_l {
                FrameTransformMatrix {
                   0.787606, 0.156157,-0.596064, 0.000000,
                   0.604027,-0.004491, 0.796951, 0.000000,
                   0.121773,-0.987722,-0.097860, 0.000000,
                  -2.732094,11.883686, 3.781987, 1.000000;;
                }
                Frame Armature_upperarm_l {
                  FrameTransformMatrix {
                     0.622951,-0.425901, 0.656156, 0.000000,
                    -0.047821, 0.816491, 0.575373, 0.000000,
                    -0.780798,-0.389808, 0.488267, 0.000000,
                     0.000002,15.784864, 0.000001, 1.000000;;
                  }
                  Frame Armature_lowerarm_l {
                    FrameTransformMatrix {
                       0.967510, 0.252100,-0.019255, 0.000000,
                      -0.251271, 0.967191, 0.037476, 0.000000,
                       0.028070,-0.031420, 0.999112, 0.000000,
                       0.000010,30.339935,-0.000031, 1.000000;;
                    }
                    Frame Armature_hand_l {
                      FrameTransformMatrix {
                         0.573574,-0.027270, 0.818700, 0.000000,
                        -0.034973, 0.997719, 0.057735, 0.000000,
                        -0.818407,-0.061748, 0.571312, 0.000000,
                         0.000000,26.975164,-0.000007, 1.000000;;
                      }
                      Frame Armature_index_01_l {
                        FrameTransformMatrix {
                           0.966991, 0.085234,-0.240134, 0.000000,
                          -0.053097, 0.989110, 0.137266, 0.000000,
                           0.249219,-0.119985, 0.960986, 0.000000,
                           1.763448,12.068126, 2.109417, 1.000000;;
                        }
                        Frame Armature_index_02_l {
                          FrameTransformMatrix {
                             0.998465,-0.053490,-0.014393, 0.000000,
                             0.054682, 0.993278, 0.102023, 0.000000,
                             0.008839,-0.102653, 0.994678, 0.000000,
                             0.000002, 4.287473,-0.000001, 1.000000;;
                          }
                          Frame Armature_index_03_l {
                            FrameTransformMatrix {
                               0.976859, 0.212872,-0.020807, 0.000000,
                              -0.212824, 0.977080, 0.004532, 0.000000,
                               0.021295, 0.000001, 0.999773, 0.000000,
                              -0.000002, 3.393783, 0.000014, 1.000000;;
                            }
                          } // End of Armature_index_03_l
                        } // End of Armature_index_02_l
                      } // End of Armature_index_01_l
                      Frame Armature_middle_01_l {
                        FrameTransformMatrix {
                           0.975175,-0.210097,-0.069944, 0.000000,
                           0.195269, 0.964868,-0.175784, 0.000000,
                           0.104418, 0.157763, 0.981941, 0.000000,
                           1.293633,12.244286,-0.571151, 1.000000;;
                        }
                        Frame Armature_middle_02_l {
                          FrameTransformMatrix {
                             0.979377,-0.198369, 0.038354, 0.000000,
                             0.194439, 0.976969, 0.087890, 0.000000,
                            -0.054905,-0.078620, 0.995391, 0.000000,
                            -0.000004, 4.640383,-0.000003, 1.000000;;
                          }
                          Frame Armature_middle_03_l {
                            FrameTransformMatrix {
                               0.984771, 0.173828,-0.003224, 0.000000,
                              -0.173828, 0.984776, 0.000570, 0.000000,
                               0.003274,-0.000001, 0.999995, 0.000000,
                              -0.000002, 3.648845, 0.000000, 1.000000;;
                            }
                          } // End of Armature_middle_03_l
                        } // End of Armature_middle_02_l
                      } // End of Armature_middle_01_l
                      Frame Armature_pinky_01_l {
                        FrameTransformMatrix {
                           0.900141,-0.320532, 0.294967, 0.000000,
                           0.417146, 0.829305,-0.371809, 0.000000,
                          -0.125441, 0.457724, 0.880201, 0.000000,
                           2.263134,10.140679,-4.643146, 1.000000;;
                        }
                        Frame Armature_pinky_02_l {
                          FrameTransformMatrix {
                             0.921239,-0.386747,-0.041765, 0.000000,
                             0.386867, 0.922119,-0.005501, 0.000000,
                             0.040639,-0.011090, 0.999112, 0.000000,
                             0.000004, 3.570986, 0.000008, 1.000000;;
                          }
                          Frame Armature_pinky_03_l {
                            FrameTransformMatrix {
                               0.992206,-0.124405,-0.007108, 0.000000,
                               0.124402, 0.992231,-0.000892, 0.000000,
                               0.007164, 0.000001, 0.999974, 0.000000,
                              -0.000007, 2.985627,-0.000004, 1.000000;;
                            }
                          } // End of Armature_pinky_03_l
                        } // End of Armature_pinky_02_l
                      } // End of Armature_pinky_01_l
                      Frame Armature_ring_01_l {
                        FrameTransformMatrix {
                           0.900892,-0.363679, 0.236918, 0.000000,
                           0.421914, 0.861888,-0.281314, 0.000000,
                          -0.101889, 0.353393, 0.929910, 0.000000,
                           1.753511,11.497898,-2.846909, 1.000000;;
                        }
                        Frame Armature_ring_02_l {
                          FrameTransformMatrix {
                             0.995719, 0.092001,-0.008894, 0.000000,
                            -0.091917, 0.995722, 0.009392, 0.000000,
                             0.009720,-0.008534, 0.999916, 0.000000,
                             0.000002, 4.430181, 0.000002, 1.000000;;
                          }
                          Frame Armature_ring_03_l {
                            FrameTransformMatrix {
                               0.973283, 0.229609, 0.000389, 0.000000,
                              -0.229609, 0.973283,-0.000093, 0.000000,
                              -0.000400, 0.000001, 1.000000, 0.000000,
                               0.000005, 3.476656, 0.000011, 1.000000;;
                            }
                          } // End of Armature_ring_03_l
                        } // End of Armature_ring_02_l
                      } // End of Armature_ring_01_l
                      Frame Armature_thumb_01_l {
                        FrameTransformMatrix {
                          -0.015639, 0.474610,-0.880057, 0.000000,
                           0.674899, 0.654427, 0.340935, 0.000000,
                           0.737745,-0.588618,-0.330548, 0.000000,
                           2.374971, 4.762033, 2.537834, 1.000000;;
                        }
                        Frame Armature_thumb_02_l {
                          FrameTransformMatrix {
                             0.991297, 0.131043,-0.012542, 0.000000,
                            -0.129173, 0.986647, 0.099207, 0.000000,
                             0.025375,-0.096724, 0.994988, 0.000000,
                             0.000005, 3.869685,-0.000005, 1.000000;;
                          }
                          Frame Armature_thumb_03_l {
                            FrameTransformMatrix {
                               0.974354, 0.222167,-0.035721, 0.000000,
                              -0.216382, 0.968632, 0.122193, 0.000000,
                               0.061748,-0.111330, 0.991863, 0.000000,
                              -0.000003, 4.062185, 0.000008, 1.000000;;
                            }
                          } // End of Armature_thumb_03_l
                        } // End of Armature_thumb_02_l
                      } // End of Armature_thumb_01_l
                    } // End of Armature_hand_l
                    Frame Armature_lowerarm_twist_01_l {
                      FrameTransformMatrix {
                         0.954473,-0.000000,-0.298298, 0.000000,
                         0.000000, 1.000000,-0.000000, 0.000000,
                         0.298298, 0.000000, 0.954473, 0.000000,
                        -0.000004,14.000010, 0.000006, 1.000000;;
                      }
                    } // End of Armature_lowerarm_twist_01_l
                  } // End of Armature_lowerarm_l
                  Frame Armature_upperarm_twist_01_l {
                    FrameTransformMatrix {
                       0.545220,-0.000002,-0.838293, 0.000000,
                       0.000000, 1.000000,-0.000002, 0.000000,
                       0.838293, 0.000001, 0.545220, 0.000000,
                      -0.000007, 0.499995, 0.000033, 1.000000;;
                    }
                  } // End of Armature_upperarm_twist_01_l
                } // End of Armature_upperarm_l
              } // End of Armature_clavicle_l
              Frame Armature_clavicle_r {
                FrameTransformMatrix {
                  -0.784002,-0.179572,-0.594218, 0.000000,
                   0.620385,-0.259869,-0.739994, 0.000000,
                  -0.021537,-0.948800, 0.315142, 0.000000,
                  -2.732097,11.883797,-3.782004, 1.000000;;
                }
                Frame Armature_upperarm_r {
                  FrameTransformMatrix {
                     0.683413,-0.011426,-0.729943, 0.000000,
                     0.268821, 0.933559, 0.237072, 0.000000,
                     0.678736,-0.358242, 0.641078, 0.000000,
                    -0.000055,15.784755, 0.000077, 1.000000;;
                  }
                  Frame Armature_lowerarm_r {
                    FrameTransformMatrix {
                       0.923850,-0.357248,-0.137389, 0.000000,
                       0.357935, 0.933521,-0.020528, 0.000000,
                       0.135589,-0.030212, 0.990304, 0.000000,
                      -0.000002,30.340050,-0.000005, 1.000000;;
                    }
                    Frame Armature_hand_r {
                      FrameTransformMatrix {
                         0.229058,-0.261881,-0.937524, 0.000000,
                         0.024746,-0.961253, 0.274555, 0.000000,
                        -0.973101,-0.086088,-0.213704, 0.000000,
                        -0.000006,26.975246,-0.000004, 1.000000;;
                      }
                      Frame Armature_index_01_r {
                        FrameTransformMatrix {
                           0.961277,-0.148144,-0.232373, 0.000000,
                          -0.196049,-0.960221,-0.198847, 0.000000,
                          -0.193674, 0.236705,-0.952082, 0.000000,
                          -1.763733,-12.067936,-2.109425, 1.000000;;
                        }
                        Frame Armature_index_02_r {
                          FrameTransformMatrix {
                             0.999687,-0.004679, 0.024578, 0.000000,
                             0.004758, 0.999984,-0.003167, 0.000000,
                            -0.024563, 0.003283, 0.999693, 0.000000,
                            -0.000003, 4.287677, 0.000000, 1.000000;;
                          }
                          Frame Armature_index_03_r {
                            FrameTransformMatrix {
                               0.928533,-0.370918, 0.015688, 0.000000,
                               0.370571, 0.928561, 0.021240, 0.000000,
                              -0.022446,-0.013908, 0.999651, 0.000000,
                               0.000137, 3.393801,-0.000021, 1.000000;;
                            }
                          } // End of Armature_index_03_r
                        } // End of Armature_index_02_r
                      } // End of Armature_index_01_r
                      Frame Armature_middle_01_r {
                        FrameTransformMatrix {
                           0.954295,-0.295368,-0.045640, 0.000000,
                          -0.288415,-0.950144, 0.118506, 0.000000,
                          -0.078368,-0.099926,-0.991904, 0.000000,
                          -1.293743,-12.244099, 0.571123, 1.000000;;
                        }
                        Frame Armature_middle_02_r {
                          FrameTransformMatrix {
                             0.993049, 0.111677,-0.037182, 0.000000,
                            -0.111144, 0.993674, 0.016104, 0.000000,
                             0.038746,-0.011859, 0.999179, 0.000000,
                            -0.000138, 4.640575,-0.000004, 1.000000;;
                          }
                          Frame Armature_middle_03_r {
                            FrameTransformMatrix {
                               0.931946,-0.361966, 0.021400, 0.000000,
                               0.362527, 0.928972,-0.074740, 0.000000,
                               0.007174, 0.077412, 0.996974, 0.000000,
                               0.000020, 3.648914,-0.000004, 1.000000;;
                            }
                          } // End of Armature_middle_03_r
                        } // End of Armature_middle_02_r
                      } // End of Armature_middle_01_r
                      Frame Armature_pinky_01_r {
                        FrameTransformMatrix {
                           0.810205,-0.447362, 0.378729, 0.000000,
                          -0.577644,-0.719055, 0.386378, 0.000000,
                           0.099476,-0.531816,-0.840998, 0.000000,
                          -2.263382,-10.140565, 4.643072, 1.000000;;
                        }
                        Frame Armature_pinky_02_r {
                          FrameTransformMatrix {
                             0.974619, 0.223153, 0.017882, 0.000000,
                            -0.222717, 0.974600,-0.023492, 0.000000,
                            -0.022670, 0.018913, 0.999564, 0.000000,
                            -0.000024, 3.571047,-0.000003, 1.000000;;
                          }
                          Frame Armature_pinky_03_r {
                            FrameTransformMatrix {
                               0.998870, 0.046523, 0.009718, 0.000000,
                              -0.047073, 0.996626, 0.067234, 0.000000,
                              -0.006557,-0.067616, 0.997690, 0.000000,
                               0.000295, 2.985430,-0.000037, 1.000000;;
                            }
                          } // End of Armature_pinky_03_r
                        } // End of Armature_pinky_02_r
                      } // End of Armature_pinky_01_r
                      Frame Armature_ring_01_r {
                        FrameTransformMatrix {
                           0.913693,-0.336533, 0.227843, 0.000000,
                          -0.381056,-0.904310, 0.192407, 0.000000,
                           0.141289,-0.262621,-0.954499, 0.000000,
                          -1.753786,-11.497955, 2.846903, 1.000000;;
                        }
                        Frame Armature_ring_02_r {
                          FrameTransformMatrix {
                             0.974839, 0.222845, 0.005480, 0.000000,
                            -0.222598, 0.974476,-0.029102, 0.000000,
                            -0.011826, 0.027149, 0.999561, 0.000000,
                            -0.000013, 4.429859, 0.000002, 1.000000;;
                          }
                          Frame Armature_ring_03_r {
                            FrameTransformMatrix {
                               0.973048,-0.230504,-0.006692, 0.000000,
                               0.230535, 0.971670, 0.052076, 0.000000,
                              -0.005501,-0.052215, 0.998621, 0.000000,
                              -0.000002, 3.476632,-0.000002, 1.000000;;
                            }
                          } // End of Armature_ring_03_r
                        } // End of Armature_ring_02_r
                      } // End of Armature_ring_01_r
                      Frame Armature_thumb_01_r {
                        FrameTransformMatrix {
                           0.164431, 0.523304,-0.836131, 0.000000,
                          -0.608872,-0.613055,-0.503427, 0.000000,
                          -0.776039, 0.591876, 0.217820, 0.000000,
                          -2.375117,-4.762115,-2.537794, 1.000000;;
                        }
                        Frame Armature_thumb_02_r {
                          FrameTransformMatrix {
                             0.999706, 0.019612,-0.014281, 0.000000,
                            -0.016858, 0.984878, 0.172428, 0.000000,
                             0.017446,-0.172136, 0.984919, 0.000000,
                             0.000109, 3.869566, 0.000077, 1.000000;;
                          }
                          Frame Armature_thumb_03_r {
                            FrameTransformMatrix {
                               0.895221,-0.443923, 0.038871, 0.000000,
                               0.443548, 0.896064, 0.018282, 0.000000,
                              -0.042946, 0.000875, 0.999077, 0.000000,
                               0.000009, 4.062178, 0.000002, 1.000000;;
                            }
                          } // End of Armature_thumb_03_r
                        } // End of Armature_thumb_02_r
                      } // End of Armature_thumb_01_r
                      Frame Armature_weapon_r {
                        FrameTransformMatrix {
                           0.671984, 0.191419,-0.715400, 0.000000,
                          -0.635880, 0.644299,-0.424895, 0.000000,
                           0.379598, 0.740431, 0.554678, 0.000000,
                          -2.119573,88.309242,-6.154865, 1.000000;;
                        }
                      } // End of Armature_weapon_r
                    } // End of Armature_hand_r
                    Frame Armature_lowerarm_twist_01_r {
                      FrameTransformMatrix {
                         0.992452,-0.000000,-0.122633, 0.000000,
                         0.000000, 1.000000, 0.000000, 0.000000,
                         0.122633,-0.000000, 0.992452, 0.000000,
                         0.000021,14.000001,-0.000010, 1.000000;;
                      }
                    } // End of Armature_lowerarm_twist_01_r
                  } // End of Armature_lowerarm_r
                  Frame Armature_upperarm_twist_01_r {
                    FrameTransformMatrix {
                       0.883064, 0.000001, 0.469252, 0.000000,
                      -0.000000, 1.000000,-0.000001, 0.000000,
                      -0.469252, 0.000001, 0.883064, 0.000000,
                       0.000000, 0.499990, 0.000032, 1.000000;;
                    }
                  } // End of Armature_upperarm_twist_01_r
                } // End of Armature_upperarm_r
              } // End of Armature_clavicle_r
              Frame Armature_neck_01 {
                FrameTransformMatrix {
                   0.977242, 0.192655, 0.088779, 0.000000,
                  -0.205464, 0.963728, 0.170330, 0.000000,
                  -0.052744,-0.184695, 0.981380, 0.000000,
                  -0.355321,16.558786, 0.000003, 1.000000;;
                }
                Frame Armature_head {
                  FrameTransformMatrix {
                     0.563743,-0.764640,-0.312279, 0.000000,
                     0.718143, 0.640541,-0.271986, 0.000000,
                     0.407999,-0.070931, 0.910222, 0.000000,
                     0.364142, 9.283614,-0.000003, 1.000000;;
                  }
                } // End of Armature_head
              } // End of Armature_neck_01
            } // End of Armature_spine_03
          } // End of Armature_spine_02
        } // End of Armature_spine_01
        Frame Armature_sword_holder {
          FrameTransformMatrix {
            -0.901490,-0.432768, 0.004941, 0.000000,
             0.431687,-0.898307, 0.081796, 0.000000,
            -0.030960, 0.075872, 0.996637, 0.000000,
             0.891733,21.012424,14.744656, 1.000000;;
          }
        } // End of Armature_sword_holder
        Frame Armature_thigh_l {
          FrameTransformMatrix {
            -0.258093,-0.842175,-0.473423, 0.000000,
            -0.874544,-0.004585, 0.484926, 0.000000,
            -0.410563, 0.539185,-0.735335, 0.000000,
            -1.448833, 0.531423, 9.005812, 1.000000;;
          }
          Frame Armature_calf_l {
            FrameTransformMatrix {
              -0.801284,-0.576281, 0.160762, 0.000000,
               0.570091,-0.816958,-0.087038, 0.000000,
               0.181494, 0.021907, 0.983148, 0.000000,
              -0.377084,42.456245, 0.054365, 1.000000;;
            }
            Frame Armature_calf_twist_01_l {
              FrameTransformMatrix {
                 0.999463,-0.015118, 0.029055, 0.000000,
                 0.015236, 0.999876,-0.003824, 0.000000,
                -0.028994, 0.004264, 0.999570, 0.000000,
                 0.000005,20.476784,-0.000002, 1.000000;;
              }
            } // End of Armature_calf_twist_01_l
            Frame Armature_foot_l {
              FrameTransformMatrix {
                -0.406768,-0.882327, 0.236726, 0.000000,
                -0.902872, 0.427760, 0.042939, 0.000000,
                -0.139148,-0.196267,-0.970627, 0.000000,
                 0.000629,40.196472,-0.000366, 1.000000;;
              }
              Frame Armature_ball_l {
                FrameTransformMatrix {
                   0.024622, 0.999697, 0.000151, 0.000000,
                  -0.999697, 0.024622, 0.000077, 0.000000,
                   0.000073,-0.000152, 1.000000, 0.000000,
                  -10.453835,16.577848,-0.080157, 1.000000;;
                }
              } // End of Armature_ball_l
            } // End of Armature_foot_l
          } // End of Armature_calf_l
          Frame Armature_thigh_twist_01_l {
            FrameTransformMatrix {
               0.873238,-0.000860,-0.487293, 0.000000,
               0.000983, 0.999999,-0.000003, 0.000000,
               0.487292,-0.000476, 0.873239, 0.000000,
              -0.000004,22.094238,-0.000006, 1.000000;;
            }
          } // End of Armature_thigh_twist_01_l
        } // End of Armature_thigh_l
        Frame Armature_thigh_r {
          FrameTransformMatrix {
             0.645841, 0.737492,-0.197471, 0.000000,
            -0.685164, 0.445771,-0.576054, 0.000000,
            -0.336808, 0.507339, 0.793200, 0.000000,
            -1.448641, 0.531432,-9.005808, 1.000000;;
          }
          Frame Armature_calf_r {
            FrameTransformMatrix {
              -0.815949, 0.554834,-0.162438, 0.000000,
              -0.548658,-0.831724,-0.084908, 0.000000,
              -0.182214, 0.019842, 0.983059, 0.000000,
               0.379838,42.462254, 0.054695, 1.000000;;
            }
            Frame Armature_calf_twist_01_r {
              FrameTransformMatrix {
                 0.999516, 0.015126,-0.027199, 0.000000,
                -0.015235, 0.999877,-0.003824, 0.000000,
                 0.027138, 0.004237, 0.999623, 0.000000,
                 0.000006,20.476917, 0.000002, 1.000000;;
              }
            } // End of Armature_calf_twist_01_r
            Frame Armature_foot_r {
              FrameTransformMatrix {
                -0.245223, 0.864973,-0.437821, 0.000000,
                 0.955097, 0.293016, 0.043944, 0.000000,
                 0.166299,-0.407386,-0.897987, 0.000000,
                -0.000437,40.196594,-0.000581, 1.000000;;
              }
              Frame Armature_ball_r {
                FrameTransformMatrix {
                  -0.002067,-0.999998,-0.000153, 0.000000,
                   0.999998,-0.002067, 0.000075, 0.000000,
                  -0.000076,-0.000153, 1.000000, 0.000000,
                  10.453821,16.577808,-0.080132, 1.000000;;
                }
              } // End of Armature_ball_r
            } // End of Armature_foot_r
          } // End of Armature_calf_r
          Frame Armature_thigh_twist_01_r {
            FrameTransformMatrix {
               0.961164, 0.000946, 0.275977, 0.000000,
              -0.000983, 0.999999,-0.000003, 0.000000,
              -0.275977,-0.000269, 0.961164, 0.000000,
               0.000006,22.094244,-0.000001, 1.000000;;
            }
          } // End of Armature_thigh_twist_01_r
        } // End of Armature_thigh_r
      } // End of Armature_pelvis
    } // End of Armature_root
  } // End of Armature
} // End of Root
AnimationSet Global {
  Animation {
    {Armature}
    AnimationKey { // Rotation
      0;
      21;
      0;4;-0.707107, 0.707107, 0.000000, 0.000000;;,
      1;4;-0.707107, 0.707107, 0.000000, 0.000000;;,
      2;4;-0.707107, 0.707107, 0.000000, 0.000000;;,
      3;4;-0.707107, 0.707107, 0.000000, 0.000000;;,
      4;4;-0.707107, 0.707107, 0.000000, 0.000000;;,
      5;4;-0.707107, 0.707107, 0.000000, 0.000000;;,
      6;4;-0.707107, 0.707107, 0.000000, 0.000000;;,
      7;4;-0.707107, 0.707107, 0.000000, 0.000000;;,
      8;4;-0.707107, 0.707107, 0.000000, 0.000000;;,
      9;4;-0.707107, 0.707107, 0.000000, 0.000000;;,
      10;4;-0.707107, 0.707107, 0.000000, 0.000000;;,
      11;4;-0.707107, 0.707107, 0.000000, 0.000000;;,
      12;4;-0.707107, 0.707107, 0.000000, 0.000000;;,
      13;4;-0.707107, 0.707107, 0.000000, 0.000000;;,
      14;4;-0.707107, 0.707107, 0.000000, 0.000000;;,
      15;4;-0.707107, 0.707107, 0.000000, 0.000000;;,
      16;4;-0.707107, 0.707107, 0.000000, 0.000000;;,
      17;4;-0.707107, 0.707107, 0.000000, 0.000000;;,
      18;4;-0.707107, 0.707107, 0.000000, 0.000000;;,
      19;4;-0.707107, 0.707107, 0.000000, 0.000000;;,
      20;4;-0.707107, 0.707107, 0.000000, 0.000000;;;
    }
    AnimationKey { // Scale
      1;
      21;
      0;3; 0.010000, 0.010000, 0.010000;;,
      1;3; 0.010000, 0.010000, 0.010000;;,
      2;3; 0.010000, 0.010000, 0.010000;;,
      3;3; 0.010000, 0.010000, 0.010000;;,
      4;3; 0.010000, 0.010000, 0.010000;;,
      5;3; 0.010000, 0.010000, 0.010000;;,
      6;3; 0.010000, 0.010000, 0.010000;;,
      7;3; 0.010000, 0.010000, 0.010000;;,
      8;3; 0.010000, 0.010000, 0.010000;;,
      9;3; 0.010000, 0.010000, 0.010000;;,
      10;3; 0.010000, 0.010000, 0.010000;;,
      11;3; 0.010000, 0.010000, 0.010000;;,
      12;3; 0.010000, 0.010000, 0.010000;;,
      13;3; 0.010000, 0.010000, 0.010000;;,
      14;3; 0.010000, 0.010000, 0.010000;;,
      15;3; 0.010000, 0.010000, 0.010000;;,
      16;3; 0.010000, 0.010000, 0.010000;;,
      17;3; 0.010000, 0.010000, 0.010000;;,
      18;3; 0.010000, 0.010000, 0.010000;;,
      19;3; 0.010000, 0.010000, 0.010000;;,
      20;3; 0.010000, 0.010000, 0.010000;;;
    }
    AnimationKey { // Position
      2;
      21;
      0;3; 0.000000, 0.000000, 0.000000;;,
      1;3; 0.000000, 0.000000, 0.000000;;,
      2;3; 0.000000, 0.000000, 0.000000;;,
      3;3; 0.000000, 0.000000, 0.000000;;,
      4;3; 0.000000, 0.000000, 0.000000;;,
      5;3; 0.000000, 0.000000, 0.000000;;,
      6;3; 0.000000, 0.000000, 0.000000;;,
      7;3; 0.000000, 0.000000, 0.000000;;,
      8;3; 0.000000, 0.000000, 0.000000;;,
      9;3; 0.000000, 0.000000, 0.000000;;,
      10;3; 0.000000, 0.000000, 0.000000;;,
      11;3; 0.000000, 0.000000, 0.000000;;,
      12;3; 0.000000, 0.000000, 0.000000;;,
      13;3; 0.000000, 0.000000, 0.000000;;,
      14;3; 0.000000, 0.000000, 0.000000;;,
      15;3; 0.000000, 0.000000, 0.000000;;,
      16;3; 0.000000, 0.000000, 0.000000;;,
      17;3; 0.000000, 0.000000, 0.000000;;,
      18;3; 0.000000, 0.000000, 0.000000;;,
      19;3; 0.000000, 0.000000, 0.000000;;,
      20;3; 0.000000, 0.000000, 0.000000;;;
    }
  }
  Animation {
    {Armature_root}
    AnimationKey { // Rotation
      0;
      21;
      0;4;-1.000000,-0.000000, 0.000000, 0.000000;;,
      1;4;-1.000000,-0.000000, 0.000000, 0.000000;;,
      2;4;-1.000000,-0.000000, 0.000000, 0.000000;;,
      3;4;-1.000000,-0.000000, 0.000000, 0.000000;;,
      4;4;-1.000000,-0.000000, 0.000000, 0.000000;;,
      5;4;-1.000000,-0.000000, 0.000000, 0.000000;;,
      6;4;-1.000000,-0.000000, 0.000000, 0.000000;;,
      7;4;-1.000000,-0.000000, 0.000000, 0.000000;;,
      8;4;-1.000000,-0.000000, 0.000000, 0.000000;;,
      9;4;-1.000000,-0.000000, 0.000000, 0.000000;;,
      10;4;-1.000000,-0.000000, 0.000000, 0.000000;;,
      11;4;-1.000000,-0.000000, 0.000000, 0.000000;;,
      12;4;-1.000000,-0.000000, 0.000000, 0.000000;;,
      13;4;-1.000000,-0.000000, 0.000000, 0.000000;;,
      14;4;-1.000000,-0.000000, 0.000000, 0.000000;;,
      15;4;-1.000000,-0.000000, 0.000000, 0.000000;;,
      16;4;-1.000000,-0.000000, 0.000000, 0.000000;;,
      17;4;-1.000000,-0.000000, 0.000000, 0.000000;;,
      18;4;-1.000000,-0.000000, 0.000000, 0.000000;;,
      19;4;-1.000000,-0.000000, 0.000000, 0.000000;;,
      20;4;-1.000000,-0.000000, 0.000000, 0.000000;;;
    }
    AnimationKey { // Scale
      1;
      21;
      0;3; 1.000000, 1.000000, 1.000000;;,
      1;3; 1.000000, 1.000000, 1.000000;;,
      2;3; 1.000000, 1.000000, 1.000000;;,
      3;3; 1.000000, 1.000000, 1.000000;;,
      4;3; 1.000000, 1.000000, 1.000000;;,
      5;3; 1.000000, 1.000000, 1.000000;;,
      6;3; 1.000000, 1.000000, 1.000000;;,
      7;3; 1.000000, 1.000000, 1.000000;;,
      8;3; 1.000000, 1.000000, 1.000000;;,
      9;3; 1.000000, 1.000000, 1.000000;;,
      10;3; 1.000000, 1.000000, 1.000000;;,
      11;3; 1.000000, 1.000000, 1.000000;;,
      12;3; 1.000000, 1.000000, 1.000000;;,
      13;3; 1.000000, 1.000000, 1.000000;;,
      14;3; 1.000000, 1.000000, 1.000000;;,
      15;3; 1.000000, 1.000000, 1.000000;;,
      16;3; 1.000000, 1.000000, 1.000000;;,
      17;3; 1.000000, 1.000000, 1.000000;;,
      18;3; 1.000000, 1.000000, 1.000000;;,
      19;3; 1.000000, 1.000000, 1.000000;;,
      20;3; 1.000000, 1.000000, 1.000000;;;
    }
    AnimationKey { // Position
      2;
      21;
      0;3; 0.000000, 0.000000, 0.000000;;,
      1;3; 0.000000, 0.000000, 0.000000;;,
      2;3; 0.000000, 0.000000, 0.000000;;,
      3;3; 0.000000, 0.000000, 0.000000;;,
      4;3; 0.000000, 0.000000, 0.000000;;,
      5;3; 0.000000, 0.000000, 0.000000;;,
      6;3; 0.000000, 0.000000, 0.000000;;,
      7;3; 0.000000, 0.000000, 0.000000;;,
      8;3; 0.000000, 0.000000, 0.000000;;,
      9;3; 0.000000, 0.000000, 0.000000;;,
      10;3; 0.000000, 0.000000, 0.000000;;,
      11;3; 0.000000, 0.000000, 0.000000;;,
      12;3; 0.000000, 0.000000, 0.000000;;,
      13;3; 0.000000, 0.000000, 0.000000;;,
      14;3; 0.000000, 0.000000, 0.000000;;,
      15;3; 0.000000, 0.000000, 0.000000;;,
      16;3; 0.000000, 0.000000, 0.000000;;,
      17;3; 0.000000, 0.000000, 0.000000;;,
      18;3; 0.000000, 0.000000, 0.000000;;,
      19;3; 0.000000, 0.000000, 0.000000;;,
      20;3; 0.000000, 0.000000, 0.000000;;;
    }
  }
  Animation {
    {Armature_pelvis}
    AnimationKey { // Rotation
      0;
      21;
      0;4;-0.652694, 0.281074, 0.579667, 0.398715;;,
      1;4;-0.653294, 0.282026, 0.578822, 0.398289;;,
      2;4;-0.653414, 0.283903, 0.577940, 0.398038;;,
      3;4;-0.653146, 0.286466, 0.577051, 0.397930;;,
      4;4;-0.652582, 0.289472, 0.576186, 0.397935;;,
      5;4;-0.651817, 0.292677, 0.575373, 0.398021;;,
      6;4;-0.650951, 0.295838, 0.574642, 0.398158;;,
      7;4;-0.650087, 0.298715, 0.574021, 0.398317;;,
      8;4;-0.649333, 0.301066, 0.573542, 0.398467;;,
      9;4;-0.648800, 0.302652, 0.573233, 0.398578;;,
      10;4;-0.648598, 0.303234, 0.573123, 0.398622;;,
      11;4;-0.648822, 0.302664, 0.573211, 0.398564;;,
      12;4;-0.649413, 0.301106, 0.573465, 0.398417;;,
      13;4;-0.650245, 0.298794, 0.573869, 0.398218;;,
      14;4;-0.651193, 0.295958, 0.574410, 0.398008;;,
      15;4;-0.652133, 0.292831, 0.575071, 0.397826;;,
      16;4;-0.652947, 0.289648, 0.575839, 0.397711;;,
      17;4;-0.653520, 0.286645, 0.576697, 0.397702;;,
      18;4;-0.653740, 0.284058, 0.577631, 0.397840;;,
      19;4;-0.653501, 0.282123, 0.578627, 0.398164;;,
      20;4;-0.652694, 0.281074, 0.579667, 0.398715;;;
    }
    AnimationKey { // Scale
      1;
      21;
      0;3; 1.000000, 1.000000, 1.000000;;,
      1;3; 1.000000, 1.000000, 1.000000;;,
      2;3; 1.000000, 1.000000, 1.000000;;,
      3;3; 1.000000, 1.000000, 1.000000;;,
      4;3; 1.000000, 1.000000, 1.000000;;,
      5;3; 1.000000, 1.000000, 1.000000;;,
      6;3; 1.000000, 1.000000, 1.000000;;,
      7;3; 1.000000, 1.000000, 1.000000;;,
      8;3; 1.000000, 1.000000, 1.000000;;,
      9;3; 1.000000, 1.000000, 1.000000;;,
      10;3; 1.000000, 1.000000, 1.000000;;,
      11;3; 1.000000, 1.000000, 1.000000;;,
      12;3; 1.000000, 1.000000, 1.000000;;,
      13;3; 1.000000, 1.000000, 1.000000;;,
      14;3; 1.000000, 1.000000, 1.000000;;,
      15;3; 1.000000, 1.000000, 1.000000;;,
      16;3; 1.000000, 1.000000, 1.000000;;,
      17;3; 1.000000, 1.000000, 1.000000;;,
      18;3; 1.000000, 1.000000, 1.000000;;,
      19;3; 1.000000, 1.000000, 1.000000;;,
      20;3; 1.000000, 1.000000, 1.000000;;;
    }
    AnimationKey { // Position
      2;
      21;
      0;3; 0.266241,93.183052,-2.139818;;,
      1;3; 0.266242,93.269279,-2.139819;;,
      2;3; 0.266242,93.503319,-2.139820;;,
      3;3; 0.266242,93.848236,-2.139816;;,
      4;3; 0.266241,94.267052,-2.139818;;,
      5;3; 0.266241,94.722816,-2.139820;;,
      6;3; 0.266241,95.178589,-2.139818;;,
      7;3; 0.266242,95.597404,-2.139820;;,
      8;3; 0.266241,95.942314,-2.139819;;,
      9;3; 0.266242,96.176353,-2.139819;;,
      10;3; 0.266242,96.262581,-2.139821;;,
      11;3; 0.266242,96.176353,-2.139819;;,
      12;3; 0.266241,95.942314,-2.139819;;,
      13;3; 0.266242,95.597404,-2.139820;;,
      14;3; 0.266241,95.178589,-2.139818;;,
      15;3; 0.266241,94.722816,-2.139820;;,
      16;3; 0.266241,94.267052,-2.139818;;,
      17;3; 0.266242,93.848236,-2.139816;;,
      18;3; 0.266242,93.503319,-2.139820;;,
      19;3; 0.266242,93.269279,-2.139819;;,
      20;3; 0.266241,93.183052,-2.139818;;;
    }
  }
  Animation {
    {Armature_spine_01}
    AnimationKey { // Rotation
      0;
      21;
      0;4;-0.968811, 0.124641,-0.059852,-0.205639;;,
      1;4;-0.968956, 0.123681,-0.058399,-0.205953;;,
      2;4;-0.968925, 0.121986,-0.058167,-0.207173;;,
      3;4;-0.968752, 0.119742,-0.058903,-0.209075;;,
      4;4;-0.968469, 0.117136,-0.060358,-0.211435;;,
      5;4;-0.968109, 0.114359,-0.062279,-0.214030;;,
      6;4;-0.967709, 0.111612,-0.064414,-0.216639;;,
      7;4;-0.967313, 0.109100,-0.066511,-0.219043;;,
      8;4;-0.966966, 0.107037,-0.068319,-0.221026;;,
      9;4;-0.966720, 0.105640,-0.069587,-0.222373;;,
      10;4;-0.966627, 0.105126,-0.070065,-0.222870;;,
      11;4;-0.966718, 0.105607,-0.069639,-0.222381;;,
      12;4;-0.966959, 0.106922,-0.068506,-0.221056;;,
      13;4;-0.967299, 0.108876,-0.066881,-0.219102;;,
      14;4;-0.967690, 0.111275,-0.064981,-0.216731;;,
      15;4;-0.968085, 0.113927,-0.063021,-0.214153;;,
