xof 0303txt 0032

template XSkinMeshHeader {
  <3cf169ce-ff7c-44ab-93c0-f78f62d172e2>
  WORD nMaxSkinWeightsPerVertex;
  WORD nMaxSkinWeightsPerFace;
  WORD nBones;
}

template SkinWeights {
  <6f0d123b-bad2-4167-a0d0-80224f25fabb>
  STRING transformNodeName;
  DWORD nWeights;
  array DWORD vertexIndices[nWeights];
  array float weights[nWeights];
  Matrix4x4 matrixOffset;
}

Frame Root {
  FrameTransformMatrix {
     1.000000, 0.000000, 0.000000, 0.000000,
     0.000000,-0.000000, 1.000000, 0.000000,
     0.000000, 1.000000, 0.000000, 0.000000,
     0.000000, 0.000000, 0.000000, 1.000000;;
  }
  Frame Armature {
    FrameTransformMatrix {
       0.010000, 0.000000, 0.000000, 0.000000,
       0.000000,-0.000000, 0.010000, 0.000000,
       0.000000,-0.010000,-0.000000, 0.000000,
       0.000000, 0.000000, 0.000000, 1.000000;;
    }
    Frame Armature_root {
      FrameTransformMatrix {
         1.000000, 0.000000, 0.000000, 0.000000,
         0.000000, 1.000000,-0.000000, 0.000000,
         0.000000, 0.000000, 1.000000, 0.000000,
         0.000000, 0.000000, 0.000000, 1.000000;;
      }
      Frame Armature_ik_foot_root {
        FrameTransformMatrix {
           0.000000,-0.000000,-1.000000, 0.000000,
           1.000000, 0.000000, 0.000000, 0.000000,
           0.000000,-1.000000, 0.000000, 0.000000,
           0.000000, 0.000000, 0.000000, 1.000000;;
        }
        Frame Armature_ik_foot_l {
          FrameTransformMatrix {
            -0.607628, 0.098759,-0.788058, 0.000000,
            -0.740834, 0.287173, 0.607204, 0.000000,
             0.286276, 0.952774,-0.101330, 0.000000,
            10.478209, 9.510065,-70.975151, 1.000000;;
          }
        } // End of Armature_ik_foot_l
        Frame Armature_ik_foot_r {
          FrameTransformMatrix {
             0.139619, 0.032076, 0.989686, 0.000000,
             0.936493, 0.320428,-0.142500, 0.000000,
            -0.321694, 0.946730, 0.014699, 0.000000,
             4.248968,-9.747025,-67.749306, 1.000000;;
          }
        } // End of Armature_ik_foot_r
      } // End of Armature_ik_foot_root
      Frame Armature_ik_hand_root {
        FrameTransformMatrix {
           1.000000, 0.000000, 0.000000, 0.000000,
           0.000000, 1.000000,-0.000000, 0.000000,
           0.000000, 0.000000, 1.000000, 0.000000,
           0.000000, 0.000000, 0.000000, 1.000000;;
        }
        Frame Armature_ik_hand_gun {
          FrameTransformMatrix {
             0.136071, 0.735670, 0.663531, 0.000000,
             0.712479,-0.538041, 0.450428, 0.000000,
             0.688374, 0.411462,-0.597362, 0.000000,
            -47.745457,157.960724,-24.733263, 1.000000;;
          }
          Frame Armature_ik_hand_l {
            FrameTransformMatrix {
              -0.960608,-0.224341, 0.164025, 0.000000,
               0.013001, 0.553289, 0.832888, 0.000000,
              -0.277604, 0.802211,-0.528577, 0.000000,
              26.186789,105.321404,55.804283, 1.000000;;
            }
          } // End of Armature_ik_hand_l
          Frame Armature_ik_hand_r {
            FrameTransformMatrix {
               1.000000, 0.000000,-0.000000, 0.000000,
              -0.000000, 1.000000, 0.000000, 0.000000,
               0.000000,-0.000000, 1.000000, 0.000000,
               0.000017, 0.000002,-0.000006, 1.000000;;
            }
          } // End of Armature_ik_hand_r
        } // End of Armature_ik_hand_gun
      } // End of Armature_ik_hand_root
      Frame Armature_pelvis {
        FrameTransformMatrix {
           0.010025, 0.846337,-0.532553, 0.000000,
          -0.194619, 0.524046, 0.829155, 0.000000,
           0.980828, 0.095333, 0.169967, 0.000000,
           0.266242,93.183037,-2.139818, 1.000000;;
        }
        Frame Armature_spine_01 {
          FrameTransformMatrix {
             0.908261,-0.413371, 0.064708, 0.000000,
             0.383531, 0.884354, 0.266122, 0.000000,
            -0.167232,-0.216891, 0.961765, 0.000000,
            10.808883, 0.851418, 0.000001, 1.000000;;
          }
          Frame Armature_spine_02 {
            FrameTransformMatrix {
               0.895538, 0.443510, 0.036206, 0.000000,
              -0.444918, 0.893855, 0.055425, 0.000000,
              -0.007781,-0.065743, 0.997806, 0.000000,
               3.800858,18.774862,-0.349877, 1.000000;;
            }
            Frame Armature_spine_03 {
              FrameTransformMatrix {
                 0.945402, 0.324455, 0.030734, 0.000000,
                -0.306549, 0.917301,-0.254139, 0.000000,
                -0.110649, 0.230842, 0.966679, 0.000000,
                 0.418084,13.412370,-0.046922, 1.000000;;
              }
              Frame Armature_clavicle_l {
                FrameTransformMatrix {
                   0.787605, 0.156157,-0.596065, 0.000000,
                   0.604028,-0.004491, 0.796950, 0.000000,
                   0.121772,-0.987722,-0.097860, 0.000000,
                  -2.732088,11.883680, 3.781986, 1.000000;;
                }
                Frame Armature_upperarm_l {
                  FrameTransformMatrix {
                     0.622951,-0.425901, 0.656156, 0.000000,
                    -0.047819, 0.816493, 0.575372, 0.000000,
                    -0.780798,-0.389806, 0.488268, 0.000000,
                     0.000004,15.784866,-0.000003, 1.000000;;
                  }
                  Frame Armature_lowerarm_l {
                    FrameTransformMatrix {
                       0.967510, 0.252100,-0.019254, 0.000000,
                      -0.251271, 0.967191, 0.037478, 0.000000,
                       0.028070,-0.031422, 0.999112, 0.000000,
                       0.000004,30.339952,-0.000005, 1.000000;;
                    }
                    Frame Armature_hand_l {
                      FrameTransformMatrix {
                         0.573574,-0.027270, 0.818700, 0.000000,
                        -0.034974, 0.997719, 0.057735, 0.000000,
                        -0.818407,-0.061748, 0.571312, 0.000000,
                        -0.000001,26.975159,-0.000014, 1.000000;;
                      }
                      Frame Armature_index_01_l {
                        FrameTransformMatrix {
                           0.966990, 0.085234,-0.240136, 0.000000,
                          -0.053095, 0.989110, 0.137269, 0.000000,
                           0.249221,-0.119988, 0.960985, 0.000000,
                           1.763472,12.068128, 2.109405, 1.000000;;
                        }
                        Frame Armature_index_02_l {
                          FrameTransformMatrix {
                             0.998465,-0.053489,-0.014391, 0.000000,
                             0.054681, 0.993278, 0.102022, 0.000000,
                             0.008838,-0.102652, 0.994678, 0.000000,
                            -0.000002, 4.287492, 0.000014, 1.000000;;
                          }
                          Frame Armature_index_03_l {
                            FrameTransformMatrix {
                               0.976858, 0.212872,-0.020807, 0.000000,
                              -0.212824, 0.977080, 0.004533, 0.000000,
                               0.021295,-0.000000, 0.999773, 0.000000,
                               0.000005, 3.393799, 0.000011, 1.000000;;
                            }
                          } // End of Armature_index_03_l
                        } // End of Armature_index_02_l
                      } // End of Armature_index_01_l
                      Frame Armature_middle_01_l {
                        FrameTransformMatrix {
                           0.975175,-0.210097,-0.069943, 0.000000,
                           0.195268, 0.964868,-0.175786, 0.000000,
                           0.104418, 0.157764, 0.981941, 0.000000,
                           1.293655,12.244287,-0.571154, 1.000000;;
                        }
                        Frame Armature_middle_02_l {
                          FrameTransformMatrix {
                             0.979377,-0.198366, 0.038353, 0.000000,
                             0.194437, 0.976969, 0.087891, 0.000000,
                            -0.054904,-0.078621, 0.995391, 0.000000,
                             0.000003, 4.640374, 0.000010, 1.000000;;
                          }
                          Frame Armature_middle_03_l {
                            FrameTransformMatrix {
                               0.984771, 0.173826,-0.003224, 0.000000,
                              -0.173825, 0.984776, 0.000570, 0.000000,
                               0.003274,-0.000001, 0.999995, 0.000000,
                               0.000016, 3.648860,-0.000008, 1.000000;;
                            }
                          } // End of Armature_middle_03_l
                        } // End of Armature_middle_02_l
                      } // End of Armature_middle_01_l
                      Frame Armature_pinky_01_l {
                        FrameTransformMatrix {
                           0.900141,-0.320532, 0.294967, 0.000000,
                           0.417146, 0.829306,-0.371808, 0.000000,
                          -0.125441, 0.457724, 0.880201, 0.000000,
                           2.263155,10.140679,-4.643150, 1.000000;;
                        }
                        Frame Armature_pinky_02_l {
                          FrameTransformMatrix {
                             0.921238,-0.386752,-0.041764, 0.000000,
                             0.386872, 0.922117,-0.005502, 0.000000,
                             0.040639,-0.011089, 0.999112, 0.000000,
                             0.000001, 3.570996,-0.000015, 1.000000;;
                          }
                          Frame Armature_pinky_03_l {
                            FrameTransformMatrix {
                               0.992207,-0.124400,-0.007109, 0.000000,
                               0.124397, 0.992232,-0.000891, 0.000000,
                               0.007165,-0.000001, 0.999974, 0.000000,
                              -0.000006, 2.985641,-0.000005, 1.000000;;
                            }
                          } // End of Armature_pinky_03_l
                        } // End of Armature_pinky_02_l
                      } // End of Armature_pinky_01_l
                      Frame Armature_ring_01_l {
                        FrameTransformMatrix {
                           0.900892,-0.363681, 0.236918, 0.000000,
                           0.421915, 0.861888,-0.281313, 0.000000,
                          -0.101889, 0.353392, 0.929910, 0.000000,
                           1.753531,11.497890,-2.846920, 1.000000;;
                        }
                        Frame Armature_ring_02_l {
                          FrameTransformMatrix {
                             0.995719, 0.092002,-0.008894, 0.000000,
                            -0.091919, 0.995722, 0.009390, 0.000000,
                             0.009720,-0.008532, 0.999916, 0.000000,
                            -0.000001, 4.430185, 0.000004, 1.000000;;
                          }
                          Frame Armature_ring_03_l {
                            FrameTransformMatrix {
                               0.973282, 0.229610, 0.000390, 0.000000,
                              -0.229610, 0.973283,-0.000092, 0.000000,
                              -0.000400, 0.000001, 1.000000, 0.000000,
                              -0.000003, 3.476661, 0.000004, 1.000000;;
                            }
                          } // End of Armature_ring_03_l
                        } // End of Armature_ring_02_l
                      } // End of Armature_ring_01_l
                      Frame Armature_thumb_01_l {
                        FrameTransformMatrix {
                          -0.015639, 0.474610,-0.880057, 0.000000,
                           0.674899, 0.654427, 0.340936, 0.000000,
                           0.737745,-0.588618,-0.330549, 0.000000,
                           2.374991, 4.762042, 2.537825, 1.000000;;
                        }
                        Frame Armature_thumb_02_l {
                          FrameTransformMatrix {
                             0.991297, 0.131041,-0.012540, 0.000000,
                            -0.129172, 0.986647, 0.099209, 0.000000,
                             0.025373,-0.096726, 0.994988, 0.000000,
                            -0.000004, 3.869674, 0.000008, 1.000000;;
                          }
                          Frame Armature_thumb_03_l {
                            FrameTransformMatrix {
                               0.974354, 0.222167,-0.035725, 0.000000,
                              -0.216382, 0.968632, 0.122192, 0.000000,
                               0.061751,-0.111328, 0.991863, 0.000000,
                              -0.000006, 4.062185, 0.000008, 1.000000;;
                            }
                          } // End of Armature_thumb_03_l
                        } // End of Armature_thumb_02_l
                      } // End of Armature_thumb_01_l
                    } // End of Armature_hand_l
                    Frame Armature_lowerarm_twist_01_l {
                      FrameTransformMatrix {
                         0.954473, 0.000000,-0.298298, 0.000000,
                        -0.000000, 1.000000,-0.000000, 0.000000,
                         0.298298, 0.000000, 0.954473, 0.000000,
                        -0.000003,14.000006,-0.000010, 1.000000;;
                      }
                    } // End of Armature_lowerarm_twist_01_l
                  } // End of Armature_lowerarm_l
                  Frame Armature_upperarm_twist_01_l {
                    FrameTransformMatrix {
                       0.545219, 0.000000,-0.838293, 0.000000,
                       0.000000, 1.000000, 0.000000, 0.000000,
                       0.838293,-0.000000, 0.545219, 0.000000,
                      -0.000002, 0.500008,-0.000000, 1.000000;;
                    }
                  } // End of Armature_upperarm_twist_01_l
                } // End of Armature_upperarm_l
              } // End of Armature_clavicle_l
              Frame Armature_clavicle_r {
                FrameTransformMatrix {
                  -0.784002,-0.179571,-0.594218, 0.000000,
                   0.620384,-0.259869,-0.739994, 0.000000,
                  -0.021537,-0.948800, 0.315141, 0.000000,
                  -2.732106,11.883778,-3.782001, 1.000000;;
                }
                Frame Armature_upperarm_r {
                  FrameTransformMatrix {
                     0.683413,-0.011425,-0.729943, 0.000000,
                     0.268820, 0.933559, 0.237072, 0.000000,
                     0.678737,-0.358241, 0.641077, 0.000000,
                    -0.000047,15.784754, 0.000083, 1.000000;;
                  }
                  Frame Armature_lowerarm_r {
                    FrameTransformMatrix {
                       0.923850,-0.357248,-0.137388, 0.000000,
                       0.357935, 0.933521,-0.020526, 0.000000,
                       0.135588,-0.030213, 0.990305, 0.000000,
                       0.000003,30.340067, 0.000016, 1.000000;;
                    }
                    Frame Armature_hand_r {
                      FrameTransformMatrix {
                         0.229058,-0.261881,-0.937524, 0.000000,
                        -0.024746, 0.961253,-0.274555, 0.000000,
                         0.973098, 0.086089, 0.213703, 0.000000,
                         0.000004,26.975258,-0.000008, 1.000000;;
                      }
                      Frame Armature_index_01_r {
                        FrameTransformMatrix {
                           0.961278, 0.148143, 0.232374, 0.000000,
                          -0.196049, 0.960221, 0.198848, 0.000000,
                          -0.193672,-0.236705, 0.952083, 0.000000,
                          -1.763745,12.067937, 2.109430, 1.000000;;
                        }
                        Frame Armature_index_02_r {
                          FrameTransformMatrix {
                             0.999687,-0.004653, 0.024577, 0.000000,
                             0.004732, 0.999984,-0.003148, 0.000000,
                            -0.024562, 0.003263, 0.999693, 0.000000,
                             0.000109, 4.287690,-0.000071, 1.000000;;
                          }
                          Frame Armature_index_03_r {
                            FrameTransformMatrix {
                               0.928524,-0.370940, 0.015698, 0.000000,
                               0.370593, 0.928553, 0.021222, 0.000000,
                              -0.022449,-0.013888, 0.999652, 0.000000,
                               0.000132, 3.393806,-0.000031, 1.000000;;
                            }
                          } // End of Armature_index_03_r
                        } // End of Armature_index_02_r
                      } // End of Armature_index_01_r
                      Frame Armature_middle_01_r {
                        FrameTransformMatrix {
                           0.954293, 0.295368, 0.045638, 0.000000,
                          -0.288416, 0.950143,-0.118507, 0.000000,
                          -0.078366, 0.099928, 0.991904, 0.000000,
                          -1.293759,12.244105,-0.571125, 1.000000;;
                        }
                        Frame Armature_middle_02_r {
                          FrameTransformMatrix {
                             0.993049, 0.111675,-0.037178, 0.000000,
                            -0.111142, 0.993674, 0.016103, 0.000000,
                             0.038742,-0.011859, 0.999179, 0.000000,
                            -0.000144, 4.640575, 0.000010, 1.000000;;
                          }
                          Frame Armature_middle_03_r {
                            FrameTransformMatrix {
                               0.931949,-0.361957, 0.021396, 0.000000,
                               0.362518, 0.928975,-0.074740, 0.000000,
                               0.007177, 0.077410, 0.996973, 0.000000,
                               0.000060, 3.648918, 0.000002, 1.000000;;
                            }
                          } // End of Armature_middle_03_r
                        } // End of Armature_middle_02_r
                      } // End of Armature_middle_01_r
                      Frame Armature_pinky_01_r {
                        FrameTransformMatrix {
                           0.810205, 0.447359,-0.378732, 0.000000,
                          -0.577644, 0.719055,-0.386378, 0.000000,
                           0.099479, 0.531818, 0.840996, 0.000000,
                          -2.263399,10.140579,-4.643087, 1.000000;;
                        }
                        Frame Armature_pinky_02_r {
                          FrameTransformMatrix {
                             0.974624, 0.223131, 0.017891, 0.000000,
                            -0.222696, 0.974605,-0.023491, 0.000000,
                            -0.022678, 0.018910, 0.999564, 0.000000,
                            -0.000073, 3.571053,-0.000008, 1.000000;;
                          }
                          Frame Armature_pinky_03_r {
                            FrameTransformMatrix {
                               0.998869, 0.046545, 0.009716, 0.000000,
                              -0.047095, 0.996625, 0.067233, 0.000000,
                              -0.006554,-0.067615, 0.997690, 0.000000,
                               0.000310, 2.985416,-0.000032, 1.000000;;
                            }
                          } // End of Armature_pinky_03_r
                        } // End of Armature_pinky_02_r
                      } // End of Armature_pinky_01_r
                      Frame Armature_ring_01_r {
                        FrameTransformMatrix {
                           0.913692, 0.336534,-0.227842, 0.000000,
                          -0.381057, 0.904309,-0.192406, 0.000000,
                           0.141289, 0.262621, 0.954499, 0.000000,
                          -1.753804,11.497969,-2.846914, 1.000000;;
                        }
                        Frame Armature_ring_02_r {
                          FrameTransformMatrix {
                             0.974834, 0.222866, 0.005483, 0.000000,
                            -0.222619, 0.974471,-0.029096, 0.000000,
                            -0.011828, 0.027143, 0.999562, 0.000000,
                             0.000091, 4.429857,-0.000019, 1.000000;;
                          }
                          Frame Armature_ring_03_r {
                            FrameTransformMatrix {
                               0.973048,-0.230505,-0.006694, 0.000000,
                               0.230537, 0.971670, 0.052070, 0.000000,
                              -0.005498,-0.052210, 0.998621, 0.000000,
                               0.000076, 3.476658,-0.000000, 1.000000;;
                            }
                          } // End of Armature_ring_03_r
                        } // End of Armature_ring_02_r
                      } // End of Armature_ring_01_r
                      Frame Armature_thumb_01_r {
                        FrameTransformMatrix {
                           0.164431,-0.523305, 0.836130, 0.000000,
                          -0.608871, 0.613054, 0.503428, 0.000000,
                          -0.776040,-0.591875,-0.217820, 0.000000,
                          -2.375130, 4.762108, 2.537807, 1.000000;;
                        }
                        Frame Armature_thumb_02_r {
                          FrameTransformMatrix {
                             0.999706, 0.019611,-0.014282, 0.000000,
                            -0.016857, 0.984878, 0.172429, 0.000000,
                             0.017447,-0.172137, 0.984918, 0.000000,
                             0.000107, 3.869583, 0.000051, 1.000000;;
                          }
                          Frame Armature_thumb_03_r {
                            FrameTransformMatrix {
                               0.895223,-0.443923, 0.038848, 0.000000,
                               0.443548, 0.896065, 0.018254, 0.000000,
                              -0.042913, 0.000890, 0.999078, 0.000000,
                               0.000000, 4.062181,-0.000014, 1.000000;;
                            }
                          } // End of Armature_thumb_03_r
                        } // End of Armature_thumb_02_r
                      } // End of Armature_thumb_01_r
                      Frame Armature_weapon_r {
                        FrameTransformMatrix {
                           0.671984,-0.191417, 0.715401, 0.000000,
                           0.635879, 0.644299,-0.424897, 0.000000,
                          -0.379599, 0.740432, 0.554677, 0.000000,
                          -2.119553,-88.309242, 6.154901, 1.000000;;
                        }
                      } // End of Armature_weapon_r
                    } // End of Armature_hand_r
                    Frame Armature_lowerarm_twist_01_r {
                      FrameTransformMatrix {
                         0.992452,-0.000000,-0.122632, 0.000000,
                         0.000000, 1.000000,-0.000000, 0.000000,
                         0.122632, 0.000000, 0.992452, 0.000000,
                         0.000034,14.000024, 0.000006, 1.000000;;
                      }
                    } // End of Armature_lowerarm_twist_01_r
                  } // End of Armature_lowerarm_r
                  Frame Armature_upperarm_twist_01_r {
                    FrameTransformMatrix {
                       0.883064, 0.000000, 0.469252, 0.000000,
                      -0.000000, 1.000000, 0.000000, 0.000000,
                      -0.469252,-0.000000, 0.883064, 0.000000,
                       0.000002, 0.500005, 0.000013, 1.000000;;
                    }
                  } // End of Armature_upperarm_twist_01_r
                } // End of Armature_upperarm_r
              } // End of Armature_clavicle_r
              Frame Armature_neck_01 {
                FrameTransformMatrix {
                   0.977242, 0.192655, 0.088779, 0.000000,
                  -0.205465, 0.963728, 0.170330, 0.000000,
                  -0.052744,-0.184695, 0.981379, 0.000000,
                  -0.355322,16.558775, 0.000003, 1.000000;;
                }
                Frame Armature_head {
                  FrameTransformMatrix {
                     0.563744,-0.764640,-0.312280, 0.000000,
                     0.718143, 0.640542,-0.271986, 0.000000,
                     0.408000,-0.070931, 0.910223, 0.000000,
                     0.364150, 9.283605,-0.000004, 1.000000;;
                  }
                } // End of Armature_head
              } // End of Armature_neck_01
            } // End of Armature_spine_03
          } // End of Armature_spine_02
        } // End of Armature_spine_01
        Frame Armature_sword_holder {
          FrameTransformMatrix {
            -0.901493,-0.432768, 0.004941, 0.000000,
             0.431688,-0.898307, 0.081797, 0.000000,
            -0.030960, 0.075872, 0.996637, 0.000000,
             0.891719,21.012417,14.744646, 1.000000;;
          }
        } // End of Armature_sword_holder
        Frame Armature_thigh_l {
          FrameTransformMatrix {
            -0.258093,-0.842175,-0.473423, 0.000000,
            -0.874543,-0.004585, 0.484925, 0.000000,
            -0.410563, 0.539185,-0.735335, 0.000000,
            -1.448817, 0.531426, 9.005812, 1.000000;;
          }
          Frame Armature_calf_l {
            FrameTransformMatrix {
              -0.801284,-0.576281, 0.160762, 0.000000,
               0.570091,-0.816958,-0.087038, 0.000000,
               0.181494, 0.021907, 0.983148, 0.000000,
              -0.377087,42.456249, 0.054372, 1.000000;;
            }
            Frame Armature_calf_twist_01_l {
              FrameTransformMatrix {
                 0.999464,-0.015118, 0.029055, 0.000000,
                 0.015236, 0.999877,-0.003824, 0.000000,
                -0.028994, 0.004264, 0.999571, 0.000000,
                -0.000007,20.476778,-0.000000, 1.000000;;
              }
            } // End of Armature_calf_twist_01_l
            Frame Armature_foot_l {
              FrameTransformMatrix {
                -0.406768,-0.882327, 0.236726, 0.000000,
                -0.902872, 0.427760, 0.042938, 0.000000,
                -0.139148,-0.196267,-0.970627, 0.000000,
                 0.000641,40.196484,-0.000371, 1.000000;;
              }
              Frame Armature_ball_l {
                FrameTransformMatrix {
                   0.024622, 0.999697, 0.000147, 0.000000,
                  -0.999697, 0.024622, 0.000077, 0.000000,
                   0.000073,-0.000149, 1.000000, 0.000000,
                  -10.453844,16.577856,-0.080156, 1.000000;;
                }
              } // End of Armature_ball_l
            } // End of Armature_foot_l
          } // End of Armature_calf_l
          Frame Armature_thigh_twist_01_l {
            FrameTransformMatrix {
               0.873238,-0.000860,-0.487293, 0.000000,
               0.000983, 1.000000,-0.000004, 0.000000,
               0.487293,-0.000476, 0.873238, 0.000000,
              -0.000005,22.094238, 0.000002, 1.000000;;
            }
          } // End of Armature_thigh_twist_01_l
        } // End of Armature_thigh_l
        Frame Armature_thigh_r {
          FrameTransformMatrix {
             0.645841, 0.737492,-0.197472, 0.000000,
            -0.685164, 0.445771,-0.576054, 0.000000,
            -0.336808, 0.507340, 0.793200, 0.000000,
            -1.448635, 0.531428,-9.005804, 1.000000;;
          }
          Frame Armature_calf_r {
            FrameTransformMatrix {
              -0.815949, 0.554834,-0.162439, 0.000000,
              -0.548658,-0.831724,-0.084909, 0.000000,
              -0.182215, 0.019842, 0.983058, 0.000000,
               0.379832,42.462265, 0.054694, 1.000000;;
            }
            Frame Armature_calf_twist_01_r {
              FrameTransformMatrix {
                 0.999516, 0.015126,-0.027198, 0.000000,
                -0.015235, 0.999877,-0.003825, 0.000000,
                 0.027137, 0.004237, 0.999623, 0.000000,
                -0.000001,20.476919,-0.000001, 1.000000;;
              }
            } // End of Armature_calf_twist_01_r
            Frame Armature_foot_r {
              FrameTransformMatrix {
                -0.245222, 0.864972,-0.437824, 0.000000,
                 0.955097, 0.293016, 0.043944, 0.000000,
                 0.166299,-0.407388,-0.897986, 0.000000,
                -0.000444,40.196594,-0.000585, 1.000000;;
              }
              Frame Armature_ball_r {
                FrameTransformMatrix {
                  -0.002068,-0.999998, 0.000576, 0.000000,
                   0.999998,-0.002068, 0.000073, 0.000000,
                  -0.000072, 0.000577, 1.000000, 0.000000,
                  10.453819,16.577795,-0.080159, 1.000000;;
                }
              } // End of Armature_ball_r
            } // End of Armature_foot_r
          } // End of Armature_calf_r
          Frame Armature_thigh_twist_01_r {
            FrameTransformMatrix {
               0.961164, 0.000946, 0.275977, 0.000000,
              -0.000983, 1.000000,-0.000003, 0.000000,
              -0.275977,-0.000269, 0.961164, 0.000000,
              -0.000004,22.094242, 0.000001, 1.000000;;
            }
          } // End of Armature_thigh_twist_01_r
        } // End of Armature_thigh_r
      } // End of Armature_pelvis
    } // End of Armature_root
  } // End of Armature
} // End of Root
AnimationSet Global {
  Animation {
    {Armature}
    AnimationKey { // Rotation
      0;
      36;
      0;4;-0.707107, 0.707107, 0.000000, 0.000000;;,
      1;4;-0.707107, 0.707107, 0.000000, 0.000000;;,
      2;4;-0.707107, 0.707107, 0.000000, 0.000000;;,
      3;4;-0.707107, 0.707107, 0.000000, 0.000000;;,
      4;4;-0.707107, 0.707107, 0.000000, 0.000000;;,
      5;4;-0.707107, 0.707107, 0.000000, 0.000000;;,
      6;4;-0.707107, 0.707107, 0.000000, 0.000000;;,
      7;4;-0.707107, 0.707107, 0.000000, 0.000000;;,
      8;4;-0.707107, 0.707107, 0.000000, 0.000000;;,
      9;4;-0.707107, 0.707107, 0.000000, 0.000000;;,
      10;4;-0.707107, 0.707107, 0.000000, 0.000000;;,
      11;4;-0.707107, 0.707107, 0.000000, 0.000000;;,
      12;4;-0.707107, 0.707107, 0.000000, 0.000000;;,
      13;4;-0.707107, 0.707107, 0.000000, 0.000000;;,
      14;4;-0.707107, 0.707107, 0.000000, 0.000000;;,
      15;4;-0.707107, 0.707107, 0.000000, 0.000000;;,
      16;4;-0.707107, 0.707107, 0.000000, 0.000000;;,
      17;4;-0.707107, 0.707107, 0.000000, 0.000000;;,
      18;4;-0.707107, 0.707107, 0.000000, 0.000000;;,
      19;4;-0.707107, 0.707107, 0.000000, 0.000000;;,
      20;4;-0.707107, 0.707107, 0.000000, 0.000000;;,
      21;4;-0.707107, 0.707107, 0.000000, 0.000000;;,
      22;4;-0.707107, 0.707107, 0.000000, 0.000000;;,
      23;4;-0.707107, 0.707107, 0.000000, 0.000000;;,
      24;4;-0.707107, 0.707107, 0.000000, 0.000000;;,
      25;4;-0.707107, 0.707107, 0.000000, 0.000000;;,
      26;4;-0.707107, 0.707107, 0.000000, 0.000000;;,
      27;4;-0.707107, 0.707107, 0.000000, 0.000000;;,
      28;4;-0.707107, 0.707107, 0.000000, 0.000000;;,
      29;4;-0.707107, 0.707107, 0.000000, 0.000000;;,
      30;4;-0.707107, 0.707107, 0.000000, 0.000000;;,
      31;4;-0.707107, 0.707107, 0.000000, 0.000000;;,
      32;4;-0.707107, 0.707107, 0.000000, 0.000000;;,
      33;4;-0.707107, 0.707107, 0.000000, 0.000000;;,
      34;4;-0.707107, 0.707107, 0.000000, 0.000000;;,
      35;4;-0.707107, 0.707107, 0.000000, 0.000000;;;
    }
    AnimationKey { // Scale
      1;
      36;
      0;3; 0.010000, 0.010000, 0.010000;;,
      1;3; 0.010000, 0.010000, 0.010000;;,
      2;3; 0.010000, 0.010000, 0.010000;;,
      3;3; 0.010000, 0.010000, 0.010000;;,
      4;3; 0.010000, 0.010000, 0.010000;;,
      5;3; 0.010000, 0.010000, 0.010000;;,
      6;3; 0.010000, 0.010000, 0.010000;;,
      7;3; 0.010000, 0.010000, 0.010000;;,
      8;3; 0.010000, 0.010000, 0.010000;;,
      9;3; 0.010000, 0.010000, 0.010000;;,
      10;3; 0.010000, 0.010000, 0.010000;;,
      11;3; 0.010000, 0.010000, 0.010000;;,
      12;3; 0.010000, 0.010000, 0.010000;;,
      13;3; 0.010000, 0.010000, 0.010000;;,
      14;3; 0.010000, 0.010000, 0.010000;;,
      15;3; 0.010000, 0.010000, 0.010000;;,
      16;3; 0.010000, 0.010000, 0.010000;;,
      17;3; 0.010000, 0.010000, 0.010000;;,
      18;3; 0.010000, 0.010000, 0.010000;;,
      19;3; 0.010000, 0.010000, 0.010000;;,
      20;3; 0.010000, 0.010000, 0.010000;;,
      21;3; 0.010000, 0.010000, 0.010000;;,
      22;3; 0.010000, 0.010000, 0.010000;;,
      23;3; 0.010000, 0.010000, 0.010000;;,
      24;3; 0.010000, 0.010000, 0.010000;;,
      25;3; 0.010000, 0.010000, 0.010000;;,
      26;3; 0.010000, 0.010000, 0.010000;;,
      27;3; 0.010000, 0.010000, 0.010000;;,
      28;3; 0.010000, 0.010000, 0.010000;;,
      29;3; 0.010000, 0.010000, 0.010000;;,
      30;3; 0.010000, 0.010000, 0.010000;;,
      31;3; 0.010000, 0.010000, 0.010000;;,
      32;3; 0.010000, 0.010000, 0.010000;;,
      33;3; 0.010000, 0.010000, 0.010000;;,
      34;3; 0.010000, 0.010000, 0.010000;;,
      35;3; 0.010000, 0.010000, 0.010000;;;
    }
    AnimationKey { // Position
      2;
      36;
      0;3; 0.000000, 0.000000, 0.000000;;,
      1;3; 0.000000, 0.000000, 0.000000;;,
      2;3; 0.000000, 0.000000, 0.000000;;,
      3;3; 0.000000, 0.000000, 0.000000;;,
      4;3; 0.000000, 0.000000, 0.000000;;,
      5;3; 0.000000, 0.000000, 0.000000;;,
      6;3; 0.000000, 0.000000, 0.000000;;,
      7;3; 0.000000, 0.000000, 0.000000;;,
      8;3; 0.000000, 0.000000, 0.000000;;,
      9;3; 0.000000, 0.000000, 0.000000;;,
      10;3; 0.000000, 0.000000, 0.000000;;,
      11;3; 0.000000, 0.000000, 0.000000;;,
      12;3; 0.000000, 0.000000, 0.000000;;,
      13;3; 0.000000, 0.000000, 0.000000;;,
      14;3; 0.000000, 0.000000, 0.000000;;,
      15;3; 0.000000, 0.000000, 0.000000;;,
      16;3; 0.000000, 0.000000, 0.000000;;,
      17;3; 0.000000, 0.000000, 0.000000;;,
      18;3; 0.000000, 0.000000, 0.000000;;,
      19;3; 0.000000, 0.000000, 0.000000;;,
      20;3; 0.000000, 0.000000, 0.000000;;,
      21;3; 0.000000, 0.000000, 0.000000;;,
      22;3; 0.000000, 0.000000, 0.000000;;,
      23;3; 0.000000, 0.000000, 0.000000;;,
      24;3; 0.000000, 0.000000, 0.000000;;,
      25;3; 0.000000, 0.000000, 0.000000;;,
      26;3; 0.000000, 0.000000, 0.000000;;,
      27;3; 0.000000, 0.000000, 0.000000;;,
      28;3; 0.000000, 0.000000, 0.000000;;,
      29;3; 0.000000, 0.000000, 0.000000;;,
      30;3; 0.000000, 0.000000, 0.000000;;,
      31;3; 0.000000, 0.000000, 0.000000;;,
      32;3; 0.000000, 0.000000, 0.000000;;,
      33;3; 0.000000, 0.000000, 0.000000;;,
      34;3; 0.000000, 0.000000, 0.000000;;,
      35;3; 0.000000, 0.000000, 0.000000;;;
    }
  }
  Animation {
    {Armature_root}
    AnimationKey { // Rotation
      0;
      36;
      0;4;-1.000000,-0.000000, 0.000000, 0.000000;;,
      1;4;-1.000000,-0.000000, 0.000000, 0.000000;;,
      2;4;-1.000000,-0.000000, 0.000000, 0.000000;;,
      3;4;-1.000000,-0.000000, 0.000000, 0.000000;;,
      4;4;-1.000000,-0.000000, 0.000000, 0.000000;;,
      5;4;-1.000000,-0.000000, 0.000000, 0.000000;;,
      6;4;-1.000000,-0.000000, 0.000000, 0.000000;;,
      7;4;-1.000000,-0.000000, 0.000000, 0.000000;;,
      8;4;-1.000000,-0.000000, 0.000000, 0.000000;;,
      9;4;-1.000000,-0.000000, 0.000000, 0.000000;;,
      10;4;-1.000000,-0.000000, 0.000000, 0.000000;;,
      11;4;-1.000000,-0.000000, 0.000000, 0.000000;;,
      12;4;-1.000000,-0.000000, 0.000000, 0.000000;;,
      13;4;-1.000000,-0.000000, 0.000000, 0.000000;;,
      14;4;-1.000000,-0.000000, 0.000000, 0.000000;;,
      15;4;-1.000000,-0.000000, 0.000000, 0.000000;;,
      16;4;-1.000000,-0.000000, 0.000000, 0.000000;;,
      17;4;-1.000000,-0.000000, 0.000000, 0.000000;;,
      18;4;-1.000000,-0.000000, 0.000000, 0.000000;;,
      19;4;-1.000000,-0.000000, 0.000000, 0.000000;;,
      20;4;-1.000000,-0.000000, 0.000000, 0.000000;;,
      21;4;-1.000000,-0.000000, 0.000000, 0.000000;;,
      22;4;-1.000000,-0.000000, 0.000000, 0.000000;;,
      23;4;-1.000000,-0.000000, 0.000000, 0.000000;;,
      24;4;-1.000000,-0.000000, 0.000000, 0.000000;;,
      25;4;-1.000000,-0.000000, 0.000000, 0.000000;;,
      26;4;-1.000000,-0.000000, 0.000000, 0.000000;;,
      27;4;-1.000000,-0.000000, 0.000000, 0.000000;;,
      28;4;-1.000000,-0.000000, 0.000000, 0.000000;;,
      29;4;-1.000000,-0.000000, 0.000000, 0.000000;;,
      30;4;-1.000000,-0.000000, 0.000000, 0.000000;;,
      31;4;-1.000000,-0.000000, 0.000000, 0.000000;;,
      32;4;-1.000000,-0.000000, 0.000000, 0.000000;;,
      33;4;-1.000000,-0.000000, 0.000000, 0.000000;;,
      34;4;-1.000000,-0.000000, 0.000000, 0.000000;;,
      35;4;-1.000000,-0.000000, 0.000000, 0.000000;;;
    }
    AnimationKey { // Scale
      1;
      36;
      0;3; 1.000000, 1.000000, 1.000000;;,
      1;3; 1.000000, 1.000000, 1.000000;;,
      2;3; 1.000000, 1.000000, 1.000000;;,
      3;3; 1.000000, 1.000000, 1.000000;;,
      4;3; 1.000000, 1.000000, 1.000000;;,
      5;3; 1.000000, 1.000000, 1.000000;;,
      6;3; 1.000000, 1.000000, 1.000000;;,
      7;3; 1.000000, 1.000000, 1.000000;;,
      8;3; 1.000000, 1.000000, 1.000000;;,
      9;3; 1.000000, 1.000000, 1.000000;;,
      10;3; 1.000000, 1.000000, 1.000000;;,
      11;3; 1.000000, 1.000000, 1.000000;;,
      12;3; 1.000000, 1.000000, 1.000000;;,
      13;3; 1.000000, 1.000000, 1.000000;;,
      14;3; 1.000000, 1.000000, 1.000000;;,
      15;3; 1.000000, 1.000000, 1.000000;;,
      16;3; 1.000000, 1.000000, 1.000000;;,
      17;3; 1.000000, 1.000000, 1.000000;;,
      18;3; 1.000000, 1.000000, 1.000000;;,
      19;3; 1.000000, 1.000000, 1.000000;;,
      20;3; 1.000000, 1.000000, 1.000000;;,
      21;3; 1.000000, 1.000000, 1.000000;;,
      22;3; 1.000000, 1.000000, 1.000000;;,
      23;3; 1.000000, 1.000000, 1.000000;;,
      24;3; 1.000000, 1.000000, 1.000000;;,
      25;3; 1.000000, 1.000000, 1.000000;;,
      26;3; 1.000000, 1.000000, 1.000000;;,
      27;3; 1.000000, 1.000000, 1.000000;;,
      28;3; 1.000000, 1.000000, 1.000000;;,
      29;3; 1.000000, 1.000000, 1.000000;;,
      30;3; 1.000000, 1.000000, 1.000000;;,
      31;3; 1.000000, 1.000000, 1.000000;;,
      32;3; 1.000000, 1.000000, 1.000000;;,
      33;3; 1.000000, 1.000000, 1.000000;;,
      34;3; 1.000000, 1.000000, 1.000000;;,
      35;3; 1.000000, 1.000000, 1.000000;;;
    }
    AnimationKey { // Position
      2;
      36;
      0;3; 0.000000, 0.000000, 0.000000;;,
      1;3; 0.000000, 0.000000, 0.000000;;,
      2;3; 0.000000, 0.000000, 0.000000;;,
      3;3; 0.000000, 0.000000, 0.000000;;,
      4;3; 0.000000, 0.000000, 0.000000;;,
      5;3; 0.000000, 0.000000, 0.000000;;,
      6;3; 0.000000, 0.000000, 0.000000;;,
      7;3; 0.000000, 0.000000, 0.000000;;,
      8;3; 0.000000, 0.000000, 0.000000;;,
      9;3; 0.000000, 0.000000, 0.000000;;,
      10;3; 0.000000, 0.000000, 0.000000;;,
      11;3; 0.000000, 0.000000, 0.000000;;,
      12;3; 0.000000, 0.000000, 0.000000;;,
      13;3; 0.000000, 0.000000, 0.000000;;,
      14;3; 0.000000, 0.000000, 0.000000;;,
      15;3; 0.000000, 0.000000, 0.000000;;,
      16;3; 0.000000, 0.000000, 0.000000;;,
      17;3; 0.000000, 0.000000, 0.000000;;,
      18;3; 0.000000, 0.000000, 0.000000;;,
      19;3; 0.000000, 0.000000, 0.000000;;,
      20;3; 0.000000, 0.000000, 0.000000;;,
      21;3; 0.000000, 0.000000, 0.000000;;,
      22;3; 0.000000, 0.000000, 0.000000;;,
      23;3; 0.000000, 0.000000, 0.000000;;,
      24;3; 0.000000, 0.000000, 0.000000;;,
      25;3; 0.000000, 0.000000, 0.000000;;,
      26;3; 0.000000, 0.000000, 0.000000;;,
      27;3; 0.000000, 0.000000, 0.000000;;,
      28;3; 0.000000, 0.000000, 0.000000;;,
      29;3; 0.000000, 0.000000, 0.000000;;,
      30;3; 0.000000, 0.000000, 0.000000;;,
      31;3; 0.000000, 0.000000, 0.000000;;,
      32;3; 0.000000, 0.000000, 0.000000;;,
