xof 0303txt 0032

template XSkinMeshHeader {
  <3cf169ce-ff7c-44ab-93c0-f78f62d172e2>
  WORD nMaxSkinWeightsPerVertex;
  WORD nMaxSkinWeightsPerFace;
  WORD nBones;
}

template SkinWeights {
  <6f0d123b-bad2-4167-a0d0-80224f25fabb>
  STRING transformNodeName;
  DWORD nWeights;
  array DWORD vertexIndices[nWeights];
  array float weights[nWeights];
  Matrix4x4 matrixOffset;
}

Frame Root {
  FrameTransformMatrix {
     1.000000, 0.000000, 0.000000, 0.000000,
     0.000000,-0.000000, 1.000000, 0.000000,
     0.000000, 1.000000, 0.000000, 0.000000,
     0.000000, 0.000000, 0.000000, 1.000000;;
  }
  Frame Armature {
    FrameTransformMatrix {
       0.010000, 0.000000, 0.000000, 0.000000,
       0.000000,-0.000000, 0.010000, 0.000000,
       0.000000,-0.010000,-0.000000, 0.000000,
       0.000000, 0.000000, 0.000000, 1.000000;;
    }
    Frame Armature_root {
      FrameTransformMatrix {
         1.000000, 0.000000, 0.000000, 0.000000,
         0.000000, 1.000000, 0.000000, 0.000000,
         0.000000, 0.000000, 1.000000, 0.000000,
         0.000000, 0.000016, 0.000000, 1.000000;;
      }
      Frame Armature_ik_foot_root {
        FrameTransformMatrix {
           0.000000,-0.000000,-1.000000, 0.000000,
           1.000000, 0.000000, 0.000000, 0.000000,
           0.000000,-1.000000, 0.000000, 0.000000,
           0.000000, 0.000000, 0.000000, 1.000000;;
        }
        Frame Armature_ik_foot_l {
          FrameTransformMatrix {
             0.665438,-0.183677,-0.723501, 0.000000,
            -0.744586,-0.094833,-0.660756, 0.000000,
             0.052754, 0.978401,-0.199869, 0.000000,
            -0.318407,23.351620,-27.313261, 1.000000;;
          }
        } // End of Armature_ik_foot_l
        Frame Armature_ik_foot_r {
          FrameTransformMatrix {
            -0.551700,-0.771951, 0.315781, 0.000000,
             0.183566, 0.256947, 0.948832, 0.000000,
            -0.813591, 0.581438,-0.000054, 0.000000,
             3.801096,-18.130095,-17.958797, 1.000000;;
          }
        } // End of Armature_ik_foot_r
      } // End of Armature_ik_foot_root
      Frame Armature_ik_hand_root {
        FrameTransformMatrix {
           1.000000, 0.000000, 0.000000, 0.000000,
           0.000000, 1.000000, 0.000000, 0.000000,
           0.000000, 0.000000, 1.000000, 0.000000,
           0.000000, 0.000000, 0.000000, 1.000000;;
        }
        Frame Armature_ik_hand_gun {
          FrameTransformMatrix {
            -0.032872, 0.763310,-0.645195, 0.000000,
            -0.128054, 0.637007, 0.760148, 0.000000,
             0.991222, 0.107607, 0.076806, 0.000000,
            -40.645969,93.400528,-24.805872, 1.000000;;
          }
          Frame Armature_ik_hand_l {
            FrameTransformMatrix {
              -0.256611,-0.897875,-0.357731, 0.000000,
              -0.358292, 0.432125,-0.827584, 0.000000,
               0.897651,-0.084195,-0.432589, 0.000000,
              -59.240963,52.716785,41.423588, 1.000000;;
            }
          } // End of Armature_ik_hand_l
          Frame Armature_ik_hand_r {
            FrameTransformMatrix {
               1.000000,-0.000000,-0.000000, 0.000000,
              -0.000000, 1.000000, 0.000000, 0.000000,
               0.000000,-0.000000, 1.000000, 0.000000,
              -0.000001,-0.000000,-0.000004, 1.000000;;
            }
          } // End of Armature_ik_hand_r
        } // End of Armature_ik_hand_gun
      } // End of Armature_ik_hand_root
      Frame Armature_pelvis {
        FrameTransformMatrix {
           0.005003, 0.995565,-0.093946, 0.000000,
          -0.506402, 0.083533, 0.858242, 0.000000,
           0.862283, 0.043281, 0.504574, 0.000000,
          -5.381865,77.921745, 5.671568, 1.000000;;
        }
        Frame Armature_spine_01 {
          FrameTransformMatrix {
             0.329471,-0.855564, 0.399324, 0.000000,
             0.883198, 0.428792, 0.189998, 0.000000,
            -0.333782, 0.290083, 0.896906, 0.000000,
            10.808881, 0.851415,-0.000008, 1.000000;;
          }
          Frame Armature_spine_02 {
            FrameTransformMatrix {
               0.929501, 0.196999,-0.311799, 0.000000,
              -0.193759, 0.980164, 0.041669, 0.000000,
               0.313823, 0.021683, 0.949234, 0.000000,
               3.785725,18.810698,-0.382485, 1.000000;;
            }
            Frame Armature_spine_03 {
              FrameTransformMatrix {
                 0.988832, 0.124247, 0.082307, 0.000000,
                -0.115887, 0.988259,-0.099568, 0.000000,
                -0.093712, 0.088917, 0.991621, 0.000000,
                 0.411276,13.412287, 0.088581, 1.000000;;
              }
              Frame Armature_clavicle_l {
                FrameTransformMatrix {
                   0.886821, 0.146917,-0.438137, 0.000000,
                   0.442655, 0.002157, 0.896689, 0.000000,
                   0.132684,-0.989147,-0.063121, 0.000000,
                  -2.732073,11.883713, 3.781978, 1.000000;;
                }
                Frame Armature_upperarm_l {
                  FrameTransformMatrix {
                     0.432872, 0.755595, 0.491628, 0.000000,
                    -0.867305, 0.200395, 0.455659, 0.000000,
                     0.245774,-0.623633, 0.742076, 0.000000,
                     0.000007,15.784864,-0.000010, 1.000000;;
                  }
                  Frame Armature_lowerarm_l {
                    FrameTransformMatrix {
                       0.525330, 0.850846, 0.009427, 0.000000,
                      -0.850538, 0.524753, 0.034925, 0.000000,
                       0.024769,-0.026365, 0.999345, 0.000000,
                      -0.000017,30.339951,-0.000013, 1.000000;;
                    }
                    Frame Armature_hand_l {
                      FrameTransformMatrix {
                         0.358967, 0.340532, 0.869011, 0.000000,
                        -0.472921, 0.869059,-0.145198, 0.000000,
                        -0.804667,-0.358852, 0.473008, 0.000000,
                         0.000015,26.975155, 0.000020, 1.000000;;
                      }
                      Frame Armature_index_01_l {
                        FrameTransformMatrix {
                           0.760254,-0.590886,-0.269941, 0.000000,
                           0.599811, 0.798064,-0.057628, 0.000000,
                           0.249482,-0.118101, 0.961151, 0.000000,
                           1.763470,12.068117, 2.109405, 1.000000;;
                        }
                        Frame Armature_index_02_l {
                          FrameTransformMatrix {
                             0.712329,-0.697638,-0.076737, 0.000000,
                             0.701788, 0.709411, 0.065044, 0.000000,
                             0.009061,-0.100186, 0.994927, 0.000000,
                            -0.000006, 4.287496,-0.000001, 1.000000;;
                          }
                          Frame Armature_index_03_l {
                            FrameTransformMatrix {
                               0.873121,-0.487141,-0.018803, 0.000000,
                               0.487037, 0.873323,-0.010096, 0.000000,
                               0.021339,-0.000343, 0.999772, 0.000000,
                              -0.000003, 3.393800, 0.000007, 1.000000;;
                            }
                          } // End of Armature_index_03_l
                        } // End of Armature_index_02_l
                      } // End of Armature_index_01_l
                      Frame Armature_middle_01_l {
                        FrameTransformMatrix {
                           0.601669,-0.796256, 0.063023, 0.000000,
                           0.791986, 0.584473,-0.176494, 0.000000,
                           0.103699, 0.156104, 0.982282, 0.000000,
                           1.293646,12.244284,-0.571155, 1.000000;;
                        }
                        Frame Armature_middle_02_l {
                          FrameTransformMatrix {
                             0.605421,-0.795401,-0.028348, 0.000000,
                             0.794028, 0.601165, 0.090107, 0.000000,
                            -0.054630,-0.077061, 0.995529, 0.000000,
                            -0.000005, 4.640378, 0.000004, 1.000000;;
                          }
                          Frame Armature_middle_03_l {
                            FrameTransformMatrix {
                               0.853275,-0.521460,-0.001570, 0.000000,
                               0.521454, 0.853274,-0.003041, 0.000000,
                               0.002925, 0.001776, 0.999994, 0.000000,
                              -0.000007, 3.648842,-0.000006, 1.000000;;
                            }
                          } // End of Armature_middle_03_l
                        } // End of Armature_middle_02_l
                      } // End of Armature_middle_01_l
                      Frame Armature_pinky_01_l {
                        FrameTransformMatrix {
                           0.398727,-0.789508, 0.466575, 0.000000,
                           0.908224, 0.410447,-0.081621, 0.000000,
                          -0.127064, 0.456300, 0.880707, 0.000000,
                           2.263154,10.140671,-4.643149, 1.000000;;
                        }
                        Frame Armature_pinky_02_l {
                          FrameTransformMatrix {
                             0.434547,-0.900249,-0.026835, 0.000000,
                             0.899753, 0.435251,-0.031651, 0.000000,
                             0.040174,-0.010391, 0.999139, 0.000000,
                            -0.000002, 3.570987, 0.000002, 1.000000;;
                          }
                          Frame Armature_pinky_03_l {
                            FrameTransformMatrix {
                               0.661458,-0.749959,-0.005965, 0.000000,
                               0.749947, 0.661483,-0.004400, 0.000000,
                               0.007246,-0.001563, 0.999973, 0.000000,
                              -0.000007, 2.985636, 0.000008, 1.000000;;
                            }
                          } // End of Armature_pinky_03_l
                        } // End of Armature_pinky_02_l
                      } // End of Armature_pinky_01_l
                      Frame Armature_ring_01_l {
                        FrameTransformMatrix {
                           0.396314,-0.843657, 0.362184, 0.000000,
                           0.912355, 0.406009,-0.052588, 0.000000,
                          -0.102684, 0.351282, 0.930622, 0.000000,
                           1.753536,11.497884,-2.846907, 1.000000;;
                        }
                        Frame Armature_ring_02_l {
                          FrameTransformMatrix {
                             0.807249,-0.590081,-0.012364, 0.000000,
                             0.590131, 0.807308, 0.000401, 0.000000,
                             0.009745,-0.007620, 0.999923, 0.000000,
                             0.000001, 4.430177,-0.000004, 1.000000;;
                          }
                          Frame Armature_ring_03_l {
                            FrameTransformMatrix {
                               0.881562,-0.472067,-0.000412, 0.000000,
                               0.472067, 0.881562, 0.001200, 0.000000,
                              -0.000203,-0.001253, 0.999999, 0.000000,
                              -0.000003, 3.476657, 0.000002, 1.000000;;
                            }
                          } // End of Armature_ring_03_l
                        } // End of Armature_ring_02_l
                      } // End of Armature_ring_01_l
                      Frame Armature_thumb_01_l {
                        FrameTransformMatrix {
                          -0.049893, 0.340793,-0.938814, 0.000000,
                           0.696401, 0.685660, 0.211887, 0.000000,
                           0.715916,-0.643219,-0.271538, 0.000000,
                           2.374997, 4.762031, 2.537827, 1.000000;;
                        }
                        Frame Armature_thumb_02_l {
                          FrameTransformMatrix {
                             0.994918,-0.094576,-0.034550, 0.000000,
                             0.097444, 0.990808, 0.093830, 0.000000,
                             0.025358,-0.096719, 0.994989, 0.000000,
                             0.000005, 3.869675,-0.000004, 1.000000;;
                          }
                          Frame Armature_thumb_03_l {
                            FrameTransformMatrix {
                               0.993104,-0.092364,-0.072210, 0.000000,
                               0.099652, 0.989482, 0.104860, 0.000000,
                               0.061765,-0.111332, 0.991862, 0.000000,
                               0.000002, 4.062172, 0.000001, 1.000000;;
                            }
                          } // End of Armature_thumb_03_l
                        } // End of Armature_thumb_02_l
                      } // End of Armature_thumb_01_l
                    } // End of Armature_hand_l
                    Frame Armature_lowerarm_twist_01_l {
                      FrameTransformMatrix {
                         0.978638,-0.000000,-0.205593, 0.000000,
                         0.000001, 1.000000, 0.000001, 0.000000,
                         0.205593,-0.000001, 0.978638, 0.000000,
                        -0.000001,13.999999,-0.000005, 1.000000;;
                      }
                    } // End of Armature_lowerarm_twist_01_l
                  } // End of Armature_lowerarm_l
                  Frame Armature_upperarm_twist_01_l {
                    FrameTransformMatrix {
                       0.900681, 0.000000,-0.434481, 0.000000,
                      -0.000000, 1.000000, 0.000000, 0.000000,
                       0.434481, 0.000000, 0.900681, 0.000000,
                      -0.000008, 0.500015,-0.000003, 1.000000;;
                    }
                  } // End of Armature_upperarm_twist_01_l
                } // End of Armature_upperarm_l
              } // End of Armature_clavicle_l
              Frame Armature_clavicle_r {
                FrameTransformMatrix {
                  -0.929339,-0.137835,-0.342536, 0.000000,
                   0.354267,-0.071458,-0.932410, 0.000000,
                   0.104042,-0.987874, 0.115239, 0.000000,
                  -2.732106,11.883798,-3.781992, 1.000000;;
                }
                Frame Armature_upperarm_r {
                  FrameTransformMatrix {
                     0.855823, 0.267311,-0.442845, 0.000000,
                     0.314286, 0.411262, 0.855621, 0.000000,
                     0.410843,-0.871440, 0.267956, 0.000000,
                    -0.000056,15.784733, 0.000059, 1.000000;;
                  }
                  Frame Armature_lowerarm_r {
                    FrameTransformMatrix {
                       0.777954,-0.616632,-0.120633, 0.000000,
                       0.614431, 0.786750,-0.059151, 0.000000,
                       0.131382,-0.028104, 0.990933, 0.000000,
                      -0.000000,30.340071,-0.000011, 1.000000;;
                    }
                    Frame Armature_hand_r {
                      FrameTransformMatrix {
                         0.005030,-0.138074,-0.990409, 0.000000,
                        -0.746120, 0.658906,-0.095648, 0.000000,
                         0.665793, 0.739445,-0.099706, 0.000000,
                         0.000004,26.975243,-0.000006, 1.000000;;
                      }
                      Frame Armature_index_01_r {
                        FrameTransformMatrix {
                           0.680581, 0.711087, 0.176535, 0.000000,
                          -0.685836, 0.703071,-0.187936, 0.000000,
                          -0.257756, 0.006832, 0.966186, 0.000000,
                          -1.763744,12.067923, 2.109430, 1.000000;;
                        }
                        Frame Armature_index_02_r {
                          FrameTransformMatrix {
                            -0.096423, 0.990318, 0.099869, 0.000000,
                            -0.995295,-0.094971,-0.019210, 0.000000,
                            -0.009540,-0.101252, 0.994815, 0.000000,
                            -0.000001, 4.287682, 0.000005, 1.000000;;
                          }
                          Frame Armature_index_03_r {
                            FrameTransformMatrix {
                               0.666924, 0.744990, 0.014218, 0.000000,
                              -0.744822, 0.667075,-0.015836, 0.000000,
                              -0.021282,-0.000028, 0.999774, 0.000000,
                               0.000124, 3.393716, 0.000003, 1.000000;;
                            }
                          } // End of Armature_index_03_r
                        } // End of Armature_index_02_r
                      } // End of Armature_index_01_r
                      Frame Armature_middle_01_r {
                        FrameTransformMatrix {
                           0.441930, 0.896672,-0.026037, 0.000000,
                          -0.895749, 0.439541,-0.066612, 0.000000,
                          -0.048285, 0.052760, 0.997439, 0.000000,
                          -1.293748,12.244095,-0.571125, 1.000000;;
                        }
                        Frame Armature_middle_02_r {
                          FrameTransformMatrix {
                             0.178866, 0.979904, 0.088286, 0.000000,
                            -0.981563, 0.171580, 0.084231, 0.000000,
                             0.067390,-0.101724, 0.992528, 0.000000,
                            -0.000145, 4.640570, 0.000005, 1.000000;;
                          }
                          Frame Armature_middle_03_r {
                            FrameTransformMatrix {
                               0.131015, 0.991380, 0.000427, 0.000000,
                              -0.991375, 0.131016,-0.003250, 0.000000,
                              -0.003278, 0.000002, 0.999995, 0.000000,
                               0.000041, 3.648914, 0.000002, 1.000000;;
                            }
                          } // End of Armature_middle_03_r
                        } // End of Armature_middle_02_r
                      } // End of Armature_middle_01_r
                      Frame Armature_pinky_01_r {
                        FrameTransformMatrix {
                           0.827078, 0.473666,-0.302626, 0.000000,
                          -0.535496, 0.827638,-0.168104, 0.000000,
                           0.170840, 0.301090, 0.938168, 0.000000,
                          -2.263370,10.140590,-4.643098, 1.000000;;
                        }
                        Frame Armature_pinky_02_r {
                          FrameTransformMatrix {
                             0.135762, 0.989591, 0.047734, 0.000000,
                            -0.990282, 0.137008,-0.023865, 0.000000,
                            -0.030157,-0.044031, 0.998575, 0.000000,
                            -0.000061, 3.571061,-0.000012, 1.000000;;
                          }
                          Frame Armature_pinky_03_r {
                            FrameTransformMatrix {
                              -0.138522, 0.990359,-0.000993, 0.000000,
                              -0.990334,-0.138526,-0.007095, 0.000000,
                              -0.007164, 0.000001, 0.999974, 0.000000,
                               0.000315, 2.985412,-0.000036, 1.000000;;
                            }
                          } // End of Armature_pinky_03_r
                        } // End of Armature_pinky_02_r
                      } // End of Armature_pinky_01_r
                      Frame Armature_ring_01_r {
                        FrameTransformMatrix {
                           0.488689, 0.835027,-0.252809, 0.000000,
                          -0.863053, 0.505114, 0.000076, 0.000000,
                           0.127761, 0.218151, 0.967516, 0.000000,
                          -1.753780,11.497965,-2.846919, 1.000000;;
                        }
                        Frame Armature_ring_02_r {
                          FrameTransformMatrix {
                            -0.098074, 0.994969, 0.020462, 0.000000,
                            -0.995158,-0.097918,-0.008497, 0.000000,
                            -0.006451,-0.021197, 0.999755, 0.000000,
                             0.000092, 4.429866,-0.000022, 1.000000;;
                          }
                          Frame Armature_ring_03_r {
                            FrameTransformMatrix {
                               0.264062, 0.964506,-0.000105, 0.000000,
                              -0.964505, 0.264063, 0.000387, 0.000000,
                               0.000401,-0.000001, 1.000000, 0.000000,
                               0.000068, 3.476653,-0.000004, 1.000000;;
                            }
                          } // End of Armature_ring_03_r
                        } // End of Armature_ring_02_r
                      } // End of Armature_ring_01_r
                      Frame Armature_thumb_01_r {
                        FrameTransformMatrix {
                           0.166761,-0.399678, 0.901359, 0.000000,
                          -0.684859, 0.610704, 0.397502, 0.000000,
                          -0.709337,-0.683592,-0.171882, 0.000000,
                          -2.375136, 4.762098, 2.537813, 1.000000;;
                        }
                        Frame Armature_thumb_02_r {
                          FrameTransformMatrix {
                             0.809495, 0.587038, 0.010218, 0.000000,
                            -0.587124, 0.809316, 0.017123, 0.000000,
                             0.001782,-0.019861, 0.999801, 0.000000,
                             0.000123, 3.869579, 0.000071, 1.000000;;
                          }
                          Frame Armature_thumb_03_r {
                            FrameTransformMatrix {
                               0.696235, 0.717187, 0.029985, 0.000000,
                              -0.716523, 0.696881,-0.030858, 0.000000,
                              -0.043027,-0.000001, 0.999074, 0.000000,
                               0.000002, 4.062186,-0.000004, 1.000000;;
                            }
                          } // End of Armature_thumb_03_r
                        } // End of Armature_thumb_02_r
                      } // End of Armature_thumb_01_r
                      Frame Armature_weapon_r {
                        FrameTransformMatrix {
                          -0.005469,-0.000004,-0.999985, 0.000000,
                          -0.000002,-1.000000, 0.000004, 0.000000,
                          -0.999985, 0.000002, 0.005469, 0.000000,
                          -4.666990,11.308997,-1.093013, 1.000000;;
                        }
                      } // End of Armature_weapon_r
                    } // End of Armature_hand_r
                    Frame Armature_lowerarm_twist_01_r {
                      FrameTransformMatrix {
                         0.972571, 0.000000,-0.232605, 0.000000,
                         0.000000, 1.000000, 0.000000, 0.000000,
                         0.232605,-0.000000, 0.972571, 0.000000,
                         0.000031,13.999997,-0.000012, 1.000000;;
                      }
                    } // End of Armature_lowerarm_twist_01_r
                  } // End of Armature_lowerarm_r
                  Frame Armature_upperarm_twist_01_r {
                    FrameTransformMatrix {
                       0.849692, 0.000000, 0.527279, 0.000000,
                      -0.000000, 1.000000,-0.000000, 0.000000,
                      -0.527279, 0.000000, 0.849692, 0.000000,
                       0.000004, 0.500012, 0.000012, 1.000000;;
                    }
                  } // End of Armature_upperarm_twist_01_r
                } // End of Armature_upperarm_r
              } // End of Armature_clavicle_r
              Frame Armature_neck_01 {
                FrameTransformMatrix {
                   0.717126, 0.382260,-0.582759, 0.000000,
                  -0.433121, 0.899528, 0.057057, 0.000000,
                   0.546018, 0.211488, 0.810640, 0.000000,
                  -0.355318,16.558786, 0.000008, 1.000000;;
                }
                Frame Armature_head {
                  FrameTransformMatrix {
                     0.909893,-0.356902, 0.211458, 0.000000,
                     0.308377, 0.922866, 0.230699, 0.000000,
                    -0.277484,-0.144702, 0.949770, 0.000000,
                     0.364171, 9.283612,-0.000001, 1.000000;;
                  }
                } // End of Armature_head
              } // End of Armature_neck_01
            } // End of Armature_spine_03
          } // End of Armature_spine_02
        } // End of Armature_spine_01
        Frame Armature_sword_holder {
          FrameTransformMatrix {
            -0.909312, 0.370363, 0.189680, 0.000000,
            -0.355306,-0.928335, 0.109324, 0.000000,
             0.216576, 0.032015, 0.975740, 0.000000,
            13.979994,19.493000,16.301010, 1.000000;;
          }
        } // End of Armature_sword_holder
        Frame Armature_thigh_l {
          FrameTransformMatrix {
            -0.496230,-0.800614,-0.335816, 0.000000,
            -0.799202, 0.270137, 0.536938, 0.000000,
            -0.339164, 0.534830,-0.773902, 0.000000,
            -1.448830, 0.531433, 9.005821, 1.000000;;
          }
          Frame Armature_calf_l {
            FrameTransformMatrix {
              -0.100775,-0.992481, 0.069472, 0.000000,
               0.986703,-0.108650,-0.120885, 0.000000,
               0.127524, 0.056366, 0.990233, 0.000000,
              -0.215582,42.343750, 0.032971, 1.000000;;
            }
            Frame Armature_calf_twist_01_l {
              FrameTransformMatrix {
                 0.998212,-0.015433,-0.057747, 0.000000,
                 0.015237, 0.999877,-0.003824, 0.000000,
                 0.057799, 0.002937, 0.998324, 0.000000,
                -0.000038,20.476786,-0.000001, 1.000000;;
              }
            } // End of Armature_calf_twist_01_l
            Frame Armature_foot_l {
              FrameTransformMatrix {
                 0.191620,-0.964161,-0.183508, 0.000000,
                -0.959489,-0.223373, 0.171711, 0.000000,
                -0.206547, 0.143170,-0.967905, 0.000000,
                -0.000057,40.196693, 0.000107, 1.000000;;
              }
              Frame Armature_ball_l {
                FrameTransformMatrix {
                   0.024621, 0.999697, 0.000186, 0.000000,
                  -0.999697, 0.024622, 0.000077, 0.000000,
                   0.000072,-0.000188, 1.000000, 0.000000,
                  -10.453839,16.577848,-0.080157, 1.000000;;
                }
              } // End of Armature_ball_l
            } // End of Armature_foot_l
          } // End of Armature_calf_l
          Frame Armature_thigh_twist_01_l {
            FrameTransformMatrix {
               0.921898,-0.000907,-0.387431, 0.000000,
               0.000982, 1.000000,-0.000003, 0.000000,
               0.387431,-0.000377, 0.921899, 0.000000,
              -0.000001,22.094233, 0.000002, 1.000000;;
            }
          } // End of Armature_thigh_twist_01_l
        } // End of Armature_thigh_l
        Frame Armature_thigh_r {
          FrameTransformMatrix {
             0.645399, 0.715460,-0.267539, 0.000000,
            -0.754717, 0.543304,-0.367726, 0.000000,
            -0.117738, 0.439246, 0.890618, 0.000000,
            -1.448648, 0.531428,-9.005809, 1.000000;;
          }
          Frame Armature_calf_r {
            FrameTransformMatrix {
               0.019037, 0.998431,-0.052660, 0.000000,
              -0.992871, 0.012679,-0.118521, 0.000000,
              -0.117667, 0.054541, 0.991554, 0.000000,
               0.186283,42.343319, 0.028876, 1.000000;;
            }
            Frame Armature_calf_twist_01_r {
              FrameTransformMatrix {
                 0.999864, 0.015259, 0.006292, 0.000000,
                -0.015235, 0.999877,-0.003824, 0.000000,
                -0.006350, 0.003727, 0.999973, 0.000000,
                 0.000006,20.476917, 0.000006, 1.000000;;
              }
            } // End of Armature_calf_twist_01_r
            Frame Armature_foot_r {
              FrameTransformMatrix {
                 0.448359, 0.880272, 0.155227, 0.000000,
                 0.886637,-0.460004, 0.047654, 0.000000,
                 0.113353, 0.116264,-0.986729, 0.000000,
                 0.000374,40.196762, 0.000101, 1.000000;;
              }
              Frame Armature_ball_r {
                FrameTransformMatrix {
                   0.311992,-0.950085, 0.000493, 0.000000,
                   0.950085, 0.311992,-0.000086, 0.000000,
                  -0.000072, 0.000495, 1.000000, 0.000000,
                  10.453820,16.577791,-0.080129, 1.000000;;
                }
              } // End of Armature_ball_r
            } // End of Armature_foot_r
          } // End of Armature_calf_r
          Frame Armature_thigh_twist_01_r {
            FrameTransformMatrix {
               0.942516, 0.000928, 0.334159, 0.000000,
              -0.000983, 0.999999,-0.000003, 0.000000,
              -0.334159,-0.000326, 0.942517, 0.000000,
              -0.000007,22.094240, 0.000015, 1.000000;;
            }
          } // End of Armature_thigh_twist_01_r
        } // End of Armature_thigh_r
      } // End of Armature_pelvis
    } // End of Armature_root
  } // End of Armature
} // End of Root
AnimationSet Global {
  Animation {
    {Armature}
    AnimationKey { // Rotation
      0;
      31;
      0;4;-0.707107, 0.707107, 0.000000, 0.000000;;,
      1;4;-0.707107, 0.707107, 0.000000, 0.000000;;,
      2;4;-0.707107, 0.707107, 0.000000, 0.000000;;,
      3;4;-0.707107, 0.707107, 0.000000, 0.000000;;,
      4;4;-0.707107, 0.707107, 0.000000, 0.000000;;,
      5;4;-0.707107, 0.707107, 0.000000, 0.000000;;,
      6;4;-0.707107, 0.707107, 0.000000, 0.000000;;,
      7;4;-0.707107, 0.707107, 0.000000, 0.000000;;,
      8;4;-0.707107, 0.707107, 0.000000, 0.000000;;,
      9;4;-0.707107, 0.707107, 0.000000, 0.000000;;,
      10;4;-0.707107, 0.707107, 0.000000, 0.000000;;,
      11;4;-0.707107, 0.707107, 0.000000, 0.000000;;,
      12;4;-0.707107, 0.707107, 0.000000, 0.000000;;,
      13;4;-0.707107, 0.707107, 0.000000, 0.000000;;,
      14;4;-0.707107, 0.707107, 0.000000, 0.000000;;,
      15;4;-0.707107, 0.707107, 0.000000, 0.000000;;,
      16;4;-0.707107, 0.707107, 0.000000, 0.000000;;,
      17;4;-0.707107, 0.707107, 0.000000, 0.000000;;,
      18;4;-0.707107, 0.707107, 0.000000, 0.000000;;,
      19;4;-0.707107, 0.707107, 0.000000, 0.000000;;,
      20;4;-0.707107, 0.707107, 0.000000, 0.000000;;,
      21;4;-0.707107, 0.707107, 0.000000, 0.000000;;,
      22;4;-0.707107, 0.707107, 0.000000, 0.000000;;,
      23;4;-0.707107, 0.707107, 0.000000, 0.000000;;,
      24;4;-0.707107, 0.707107, 0.000000, 0.000000;;,
      25;4;-0.707107, 0.707107, 0.000000, 0.000000;;,
      26;4;-0.707107, 0.707107, 0.000000, 0.000000;;,
      27;4;-0.707107, 0.707107, 0.000000, 0.000000;;,
      28;4;-0.707107, 0.707107, 0.000000, 0.000000;;,
      29;4;-0.707107, 0.707107, 0.000000, 0.000000;;,
      30;4;-0.707107, 0.707107, 0.000000, 0.000000;;;
    }
    AnimationKey { // Scale
      1;
      31;
      0;3; 0.010000, 0.010000, 0.010000;;,
      1;3; 0.010000, 0.010000, 0.010000;;,
      2;3; 0.010000, 0.010000, 0.010000;;,
      3;3; 0.010000, 0.010000, 0.010000;;,
      4;3; 0.010000, 0.010000, 0.010000;;,
      5;3; 0.010000, 0.010000, 0.010000;;,
      6;3; 0.010000, 0.010000, 0.010000;;,
      7;3; 0.010000, 0.010000, 0.010000;;,
      8;3; 0.010000, 0.010000, 0.010000;;,
      9;3; 0.010000, 0.010000, 0.010000;;,
      10;3; 0.010000, 0.010000, 0.010000;;,
      11;3; 0.010000, 0.010000, 0.010000;;,
      12;3; 0.010000, 0.010000, 0.010000;;,
      13;3; 0.010000, 0.010000, 0.010000;;,
      14;3; 0.010000, 0.010000, 0.010000;;,
      15;3; 0.010000, 0.010000, 0.010000;;,
      16;3; 0.010000, 0.010000, 0.010000;;,
      17;3; 0.010000, 0.010000, 0.010000;;,
      18;3; 0.010000, 0.010000, 0.010000;;,
      19;3; 0.010000, 0.010000, 0.010000;;,
      20;3; 0.010000, 0.010000, 0.010000;;,
      21;3; 0.010000, 0.010000, 0.010000;;,
      22;3; 0.010000, 0.010000, 0.010000;;,
      23;3; 0.010000, 0.010000, 0.010000;;,
      24;3; 0.010000, 0.010000, 0.010000;;,
      25;3; 0.010000, 0.010000, 0.010000;;,
      26;3; 0.010000, 0.010000, 0.010000;;,
      27;3; 0.010000, 0.010000, 0.010000;;,
      28;3; 0.010000, 0.010000, 0.010000;;,
      29;3; 0.010000, 0.010000, 0.010000;;,
      30;3; 0.010000, 0.010000, 0.010000;;;
    }
    AnimationKey { // Position
      2;
      31;
      0;3; 0.000000, 0.000000, 0.000000;;,
      1;3; 0.000000, 0.000000, 0.000000;;,
      2;3; 0.000000, 0.000000, 0.000000;;,
      3;3; 0.000000, 0.000000, 0.000000;;,
      4;3; 0.000000, 0.000000, 0.000000;;,
      5;3; 0.000000, 0.000000, 0.000000;;,
      6;3; 0.000000, 0.000000, 0.000000;;,
      7;3; 0.000000, 0.000000, 0.000000;;,
      8;3; 0.000000, 0.000000, 0.000000;;,
      9;3; 0.000000, 0.000000, 0.000000;;,
      10;3; 0.000000, 0.000000, 0.000000;;,
      11;3; 0.000000, 0.000000, 0.000000;;,
      12;3; 0.000000, 0.000000, 0.000000;;,
      13;3; 0.000000, 0.000000, 0.000000;;,
      14;3; 0.000000, 0.000000, 0.000000;;,
      15;3; 0.000000, 0.000000, 0.000000;;,
      16;3; 0.000000, 0.000000, 0.000000;;,
      17;3; 0.000000, 0.000000, 0.000000;;,
      18;3; 0.000000, 0.000000, 0.000000;;,
      19;3; 0.000000, 0.000000, 0.000000;;,
      20;3; 0.000000, 0.000000, 0.000000;;,
      21;3; 0.000000, 0.000000, 0.000000;;,
      22;3; 0.000000, 0.000000, 0.000000;;,
      23;3; 0.000000, 0.000000, 0.000000;;,
      24;3; 0.000000, 0.000000, 0.000000;;,
      25;3; 0.000000, 0.000000, 0.000000;;,
      26;3; 0.000000, 0.000000, 0.000000;;,
      27;3; 0.000000, 0.000000, 0.000000;;,
      28;3; 0.000000, 0.000000, 0.000000;;,
      29;3; 0.000000, 0.000000, 0.000000;;,
      30;3; 0.000000, 0.000000, 0.000000;;;
    }
  }
  Animation {
    {Armature_root}
    AnimationKey { // Rotation
      0;
      31;
      0;4;-1.000000, 0.000000, 0.000000, 0.000000;;,
      1;4;-1.000000, 0.000000, 0.000000, 0.000000;;,
      2;4;-1.000000, 0.000000, 0.000000, 0.000000;;,
      3;4;-1.000000, 0.000000, 0.000000, 0.000000;;,
      4;4;-1.000000, 0.000000, 0.000000, 0.000000;;,
      5;4;-1.000000, 0.000000, 0.000000, 0.000000;;,
      6;4;-1.000000, 0.000000, 0.000000, 0.000000;;,
      7;4;-1.000000, 0.000000, 0.000000, 0.000000;;,
      8;4;-1.000000, 0.000000, 0.000000, 0.000000;;,
      9;4;-1.000000, 0.000000, 0.000000, 0.000000;;,
      10;4;-1.000000, 0.000000, 0.000000, 0.000000;;,
      11;4;-1.000000, 0.000000, 0.000000, 0.000000;;,
      12;4;-1.000000, 0.000000, 0.000000, 0.000000;;,
      13;4;-1.000000, 0.000000, 0.000000, 0.000000;;,
      14;4;-1.000000, 0.000000, 0.000000, 0.000000;;,
      15;4;-1.000000, 0.000000, 0.000000, 0.000000;;,
      16;4;-1.000000, 0.000000, 0.000000, 0.000000;;,
      17;4;-1.000000, 0.000000, 0.000000, 0.000000;;,
      18;4;-1.000000, 0.000000, 0.000000, 0.000000;;,
      19;4;-1.000000, 0.000000, 0.000000, 0.000000;;,
      20;4;-1.000000, 0.000000, 0.000000, 0.000000;;,
      21;4;-1.000000, 0.000000, 0.000000, 0.000000;;,
      22;4;-1.000000, 0.000000, 0.000000, 0.000000;;,
      23;4;-1.000000, 0.000000, 0.000000, 0.000000;;,
      24;4;-1.000000, 0.000000, 0.000000, 0.000000;;,
      25;4;-1.000000, 0.000000, 0.000000, 0.000000;;,
      26;4;-1.000000, 0.000000, 0.000000, 0.000000;;,
      27;4;-1.000000, 0.000000, 0.000000, 0.000000;;,
      28;4;-1.000000, 0.000000, 0.000000, 0.000000;;,
      29;4;-1.000000, 0.000000, 0.000000, 0.000000;;,
      30;4;-1.000000, 0.000000, 0.000000, 0.000000;;;
    }
    AnimationKey { // Scale
      1;
      31;
      0;3; 1.000000, 1.000000, 1.000000;;,
      1;3; 1.000000, 1.000000, 1.000000;;,
      2;3; 1.000000, 1.000000, 1.000000;;,
      3;3; 1.000000, 1.000000, 1.000000;;,
      4;3; 1.000000, 1.000000, 1.000000;;,
      5;3; 1.000000, 1.000000, 1.000000;;,
      6;3; 1.000000, 1.000000, 1.000000;;,
      7;3; 1.000000, 1.000000, 1.000000;;,
      8;3; 1.000000, 1.000000, 1.000000;;,
      9;3; 1.000000, 1.000000, 1.000000;;,
      10;3; 1.000000, 1.000000, 1.000000;;,
      11;3; 1.000000, 1.000000, 1.000000;;,
      12;3; 1.000000, 1.000000, 1.000000;;,
      13;3; 1.000000, 1.000000, 1.000000;;,
      14;3; 1.000000, 1.000000, 1.000000;;,
      15;3; 1.000000, 1.000000, 1.000000;;,
      16;3; 1.000000, 1.000000, 1.000000;;,
      17;3; 1.000000, 1.000000, 1.000000;;,
      18;3; 1.000000, 1.000000, 1.000000;;,
      19;3; 1.000000, 1.000000, 1.000000;;,
      20;3; 1.000000, 1.000000, 1.000000;;,
      21;3; 1.000000, 1.000000, 1.000000;;,
      22;3; 1.000000, 1.000000, 1.000000;;,
      23;3; 1.000000, 1.000000, 1.000000;;,
      24;3; 1.000000, 1.000000, 1.000000;;,
      25;3; 1.000000, 1.000000, 1.000000;;,
      26;3; 1.000000, 1.000000, 1.000000;;,
      27;3; 1.000000, 1.000000, 1.000000;;,
      28;3; 1.000000, 1.000000, 1.000000;;,
      29;3; 1.000000, 1.000000, 1.000000;;,
      30;3; 1.000000, 1.000000, 1.000000;;;
    }
    AnimationKey { // Position
      2;
      31;
      0;3; 0.000000, 0.000016, 0.000000;;,
      1;3; 0.000000, 0.000016, 0.000000;;,
      2;3; 0.000000, 0.000016, 0.000000;;,
      3;3; 0.000000, 0.000016, 0.000000;;,
      4;3; 0.000000, 0.000016, 0.000000;;,
      5;3; 0.000000, 0.000016, 0.000000;;,
      6;3; 0.000000, 0.000016, 0.000000;;,
      7;3; 0.000000, 0.000016, 0.000000;;,
      8;3; 0.000000, 0.000016, 0.000000;;,
      9;3; 0.000000, 0.000016, 0.000000;;,
      10;3; 0.000000, 0.000016, 0.000000;;,
      11;3; 0.000000, 0.000016, 0.000000;;,
      12;3; 0.000000, 0.000016, 0.000000;;,
      13;3; 0.000000, 0.000016, 0.000000;;,
      14;3; 0.000000, 0.000016, 0.000000;;,
      15;3; 0.000000, 0.000016, 0.000000;;,
      16;3; 0.000000, 0.000016, 0.000000;;,
      17;3; 0.000000, 0.000016, 0.000000;;,
      18;3; 0.000000, 0.000016, 0.000000;;,
      19;3; 0.000000, 0.000016, 0.000000;;,
      20;3; 0.000000, 0.000016, 0.000000;;,
      21;3; 0.000000, 0.000016, 0.000000;;,
      22;3; 0.000000, 0.000016, 0.000000;;,
      23;3; 0.000000, 0.000016, 0.000000;;,
      24;3; 0.000000, 0.000016, 0.000000;;,
      25;3; 0.000000, 0.000016, 0.000000;;,
      26;3; 0.000000, 0.000016, 0.000000;;,
      27;3; 0.000000, 0.000016, 0.000000;;,
      28;3; 0.000000, 0.000016, 0.000000;;,
      29;3; 0.000000, 0.000016, 0.000000;;,
      30;3; 0.000000, 0.000016, 0.000000;;;
    }
  }
  Animation {
    {Armature_pelvis}
    AnimationKey { // Rotation
      0;
      31;
      0;4;-0.631092, 0.322838, 0.378799, 0.594987;;,
      1;4;-0.640894, 0.315179, 0.371921, 0.592951;;,
      2;4;-0.650820, 0.308329, 0.364185, 0.590539;;,
      3;4;-0.660792, 0.302140, 0.355694, 0.587832;;,
      4;4;-0.670727, 0.296472, 0.346570, 0.584909;;,
      5;4;-0.680538, 0.291194, 0.336942, 0.581846;;,
      6;4;-0.690140, 0.286177, 0.326957, 0.578713;;,
      7;4;-0.699453, 0.281302, 0.316776, 0.575575;;,
      8;4;-0.708405, 0.276453, 0.306574, 0.572493;;,
      9;4;-0.716931, 0.271520, 0.296539, 0.569519;;,
      10;4;-0.724977, 0.266395, 0.286873, 0.566697;;,
      11;4;-0.732499, 0.260974, 0.277786, 0.564068;;,
      12;4;-0.739460, 0.255156, 0.269497, 0.561664;;,
      13;4;-0.745828, 0.248839, 0.262232, 0.559512;;,
      14;4;-0.751578, 0.241925, 0.256219, 0.557634;;,
      15;4;-0.756676, 0.234311, 0.251689, 0.556050;;,
      16;4;-0.760707, 0.226993, 0.247983, 0.555250;;,
      17;4;-0.763214, 0.221165, 0.244255, 0.555815;;,
      18;4;-0.764597, 0.216257, 0.240677, 0.557404;;,
      19;4;-0.765381, 0.211584, 0.237453, 0.559500;;,
      20;4;-0.765652, 0.207163, 0.234571, 0.561994;;,
      21;4;-0.765494, 0.203015, 0.232018, 0.564775;;,
