xof 0303txt 0032

template XSkinMeshHeader {
  <3cf169ce-ff7c-44ab-93c0-f78f62d172e2>
  WORD nMaxSkinWeightsPerVertex;
  WORD nMaxSkinWeightsPerFace;
  WORD nBones;
}

template SkinWeights {
  <6f0d123b-bad2-4167-a0d0-80224f25fabb>
  STRING transformNodeName;
  DWORD nWeights;
  array DWORD vertexIndices[nWeights];
  array float weights[nWeights];
  Matrix4x4 matrixOffset;
}

Frame Root {
  FrameTransformMatrix {
     1.000000, 0.000000, 0.000000, 0.000000,
     0.000000,-0.000000, 1.000000, 0.000000,
     0.000000, 1.000000, 0.000000, 0.000000,
     0.000000, 0.000000, 0.000000, 1.000000;;
  }
  Frame Armature {
    FrameTransformMatrix {
       0.010000, 0.000000, 0.000000, 0.000000,
       0.000000,-0.000000, 0.010000, 0.000000,
       0.000000,-0.010000,-0.000000, 0.000000,
       0.000000, 0.000000, 0.000000, 1.000000;;
    }
    Frame Armature_root {
      FrameTransformMatrix {
         1.000000, 0.000000, 0.000000, 0.000000,
         0.000000, 1.000000,-0.000000, 0.000000,
         0.000000, 0.000000, 1.000000, 0.000000,
         0.000000, 0.000000, 0.000000, 1.000000;;
      }
      Frame Armature_ik_foot_root {
        FrameTransformMatrix {
           0.000000,-0.000000,-1.000000, 0.000000,
           1.000000, 0.000000, 0.000000, 0.000000,
           0.000000,-1.000000, 0.000000, 0.000000,
           0.000000, 0.000000, 0.000000, 1.000000;;
        }
        Frame Armature_ik_foot_l {
          FrameTransformMatrix {
             0.999695, 0.021556,-0.012043, 0.000000,
            -0.011666,-0.017528,-0.999778, 0.000000,
            -0.021762, 0.999614,-0.017271, 0.000000,
            -13.964249,27.508148,-13.551297, 1.000000;;
          }
        } // End of Armature_ik_foot_l
        Frame Armature_ik_foot_r {
          FrameTransformMatrix {
            -0.262602,-0.964829, 0.012022, 0.000000,
             0.011742, 0.009263, 0.999889, 0.000000,
            -0.964833, 0.262713, 0.008897, 0.000000,
            30.855326,-11.096511,-13.472944, 1.000000;;
          }
        } // End of Armature_ik_foot_r
      } // End of Armature_ik_foot_root
      Frame Armature_ik_hand_root {
        FrameTransformMatrix {
           1.000000, 0.000000, 0.000000, 0.000000,
           0.000000, 1.000000,-0.000000, 0.000000,
           0.000000, 0.000000, 1.000000, 0.000000,
           0.000000, 0.000000, 0.000000, 1.000000;;
        }
        Frame Armature_ik_hand_gun {
          FrameTransformMatrix {
            -0.126620, 0.779956, 0.612891, 0.000000,
             0.609639,-0.426215, 0.668342, 0.000000,
             0.782501, 0.458268,-0.421525, 0.000000,
            -6.648134,92.632187,-44.700100, 1.000000;;
          }
          Frame Armature_ik_hand_l {
            FrameTransformMatrix {
              -0.124006, 0.582037,-0.803652, 0.000000,
               0.911412, 0.387060, 0.139691, 0.000000,
               0.392367,-0.715135,-0.578473, 0.000000,
              35.921631,63.014458,-1.309034, 1.000000;;
            }
          } // End of Armature_ik_hand_l
          Frame Armature_ik_hand_r {
            FrameTransformMatrix {
               1.000000,-0.000000,-0.000000, 0.000000,
               0.000000, 1.000000, 0.000000, 0.000000,
               0.000000,-0.000000, 1.000000, 0.000000,
              -0.000018, 0.000015,-0.000004, 1.000000;;
            }
          } // End of Armature_ik_hand_r
        } // End of Armature_ik_hand_gun
      } // End of Armature_ik_hand_root
      Frame Armature_pelvis {
        FrameTransformMatrix {
           0.218265, 0.968111,-0.122969, 0.000000,
          -0.805956, 0.249872, 0.536656, 0.000000,
           0.550269,-0.018025, 0.834793, 0.000000,
           0.266242,93.183037,-2.139818, 1.000000;;
        }
        Frame Armature_spine_01 {
          FrameTransformMatrix {
             0.099223,-0.994258, 0.040057, 0.000000,
             0.993059, 0.096388,-0.067406, 0.000000,
             0.063158, 0.046467, 0.996921, 0.000000,
            10.808878, 0.851416, 0.000001, 1.000000;;
          }
          Frame Armature_spine_02 {
            FrameTransformMatrix {
               0.969008, 0.243146,-0.043638, 0.000000,
              -0.243327, 0.969944, 0.001190, 0.000000,
               0.042616, 0.009465, 0.999047, 0.000000,
               3.799579,18.803810, 0.197477, 1.000000;;
            }
            Frame Armature_spine_03 {
              FrameTransformMatrix {
                 0.996788, 0.064106,-0.047993, 0.000000,
                -0.060915, 0.996009, 0.065227, 0.000000,
                 0.051983,-0.062094, 0.996716, 0.000000,
                 0.418758,13.412362, 0.040526, 1.000000;;
              }
              Frame Armature_clavicle_l {
                FrameTransformMatrix {
                   0.889724, 0.146061,-0.432502, 0.000000,
                   0.445144,-0.067587, 0.892905, 0.000000,
                   0.101188,-0.986964,-0.125152, 0.000000,
                  -2.732090,11.883677, 3.781982, 1.000000;;
                }
                Frame Armature_upperarm_l {
                  FrameTransformMatrix {
                     0.923156, 0.362571, 0.127774, 0.000000,
                    -0.255817, 0.331290, 0.908188, 0.000000,
                     0.286952,-0.871085, 0.398584, 0.000000,
                    -0.000003,15.784872, 0.000005, 1.000000;;
                  }
                  Frame Armature_lowerarm_l {
                    FrameTransformMatrix {
                       0.897359, 0.441156,-0.011337, 0.000000,
                      -0.440408, 0.896880, 0.040581, 0.000000,
                       0.028070,-0.031422, 0.999112, 0.000000,
                      -0.000003,30.339962, 0.000011, 1.000000;;
                    }
                    Frame Armature_hand_l {
                      FrameTransformMatrix {
                         0.402300, 0.280194, 0.871577, 0.000000,
                        -0.344580, 0.928350,-0.139395, 0.000000,
                        -0.848186,-0.244249, 0.470025, 0.000000,
                         0.000000,26.975163,-0.000007, 1.000000;;
                      }
                      Frame Armature_index_01_l {
                        FrameTransformMatrix {
                           0.800536,-0.532902,-0.274148, 0.000000,
                           0.545005, 0.837627,-0.036756, 0.000000,
                           0.249221,-0.119988, 0.960985, 0.000000,
                           1.763465,12.068122, 2.109399, 1.000000;;
                        }
                        Frame Armature_index_02_l {
                          FrameTransformMatrix {
                             0.760098,-0.645651,-0.073385, 0.000000,
                             0.649748, 0.756702, 0.072320, 0.000000,
                             0.008837,-0.102652, 0.994678, 0.000000,
                            -0.000004, 4.287492, 0.000000, 1.000000;;
                          }
                          Frame Armature_index_03_l {
                            FrameTransformMatrix {
                               0.905370,-0.424186,-0.019284, 0.000000,
                               0.424089, 0.905575,-0.009033, 0.000000,
                               0.021295,-0.000000, 0.999773, 0.000000,
                              -0.000001, 3.393804,-0.000003, 1.000000;;
                            }
                          } // End of Armature_index_03_l
                        } // End of Armature_index_02_l
                      } // End of Armature_index_01_l
                      Frame Armature_middle_01_l {
                        FrameTransformMatrix {
                           0.656225,-0.752828, 0.051172, 0.000000,
                           0.747305, 0.639031,-0.182137, 0.000000,
                           0.104418, 0.157764, 0.981941, 0.000000,
                           1.293646,12.244290,-0.571162, 1.000000;;
                        }
                        Frame Armature_middle_02_l {
                          FrameTransformMatrix {
                             0.660068,-0.750857,-0.022899, 0.000000,
                             0.749197, 0.655769, 0.093120, 0.000000,
                            -0.054904,-0.078621, 0.995391, 0.000000,
                             0.000001, 4.640368, 0.000002, 1.000000;;
                          }
                          Frame Armature_middle_03_l {
                            FrameTransformMatrix {
                               0.887975,-0.459882,-0.002907, 0.000000,
                               0.459879, 0.887980,-0.001505, 0.000000,
                               0.003274,-0.000001, 0.999995, 0.000000,
                              -0.000008, 3.648849, 0.000002, 1.000000;;
                            }
                          } // End of Armature_middle_03_l
                        } // End of Armature_middle_02_l
                      } // End of Armature_middle_01_l
                      Frame Armature_pinky_01_l {
                        FrameTransformMatrix {
                           0.461877,-0.758253, 0.460133, 0.000000,
                           0.878029, 0.464264,-0.116296, 0.000000,
                          -0.125441, 0.457724, 0.880201, 0.000000,
                           2.263150,10.140667,-4.643148, 1.000000;;
                        }
                        Frame Armature_pinky_02_l {
                          FrameTransformMatrix {
                             0.497022,-0.867225,-0.029842, 0.000000,
                             0.866786, 0.497793,-0.029732, 0.000000,
                             0.040639,-0.011089, 0.999112, 0.000000,
                             0.000000, 3.570998, 0.000002, 1.000000;;
                          }
                          Frame Armature_pinky_03_l {
                            FrameTransformMatrix {
                               0.712792,-0.701356,-0.005108, 0.000000,
                               0.701338, 0.712811,-0.005025, 0.000000,
                               0.007165,-0.000001, 0.999974, 0.000000,
                              -0.000003, 2.985632,-0.000001, 1.000000;;
                            }
                          } // End of Armature_pinky_03_l
                        } // End of Armature_pinky_02_l
                      } // End of Armature_pinky_01_l
                      Frame Armature_ring_01_l {
                        FrameTransformMatrix {
                           0.459577,-0.812321, 0.359060, 0.000000,
                           0.882274, 0.463950,-0.079645, 0.000000,
                          -0.101889, 0.353392, 0.929910, 0.000000,
                           1.753525,11.497891,-2.846912, 1.000000;;
                        }
                        Frame Armature_ring_02_l {
                          FrameTransformMatrix {
                             0.846937,-0.531539,-0.012768, 0.000000,
                             0.531604, 0.846991, 0.002060, 0.000000,
                             0.009720,-0.008532, 0.999916, 0.000000,
                            -0.000001, 4.430182,-0.000002, 1.000000;;
                          }
                          Frame Armature_ring_03_l {
                            FrameTransformMatrix {
                               0.912722,-0.408580, 0.000366, 0.000000,
                               0.408580, 0.912722, 0.000163, 0.000000,
                              -0.000400, 0.000000, 1.000000, 0.000000,
                               0.000007, 3.476655,-0.000000, 1.000000;;
                            }
                          } // End of Armature_ring_03_l
                        } // End of Armature_ring_02_l
                      } // End of Armature_ring_01_l
                      Frame Armature_thumb_01_l {
                        FrameTransformMatrix {
                          -0.049888, 0.340788,-0.938816, 0.000000,
                           0.696400, 0.685661, 0.211887, 0.000000,
                           0.715918,-0.643220,-0.271531, 0.000000,
                           2.374982, 4.762034, 2.537820, 1.000000;;
                        }
                        Frame Armature_thumb_02_l {
                          FrameTransformMatrix {
                             0.994918,-0.094574,-0.034565, 0.000000,
                             0.097443, 0.990808, 0.093834, 0.000000,
                             0.025373,-0.096726, 0.994988, 0.000000,
                             0.000000, 3.869674,-0.000000, 1.000000;;
                          }
                          Frame Armature_thumb_03_l {
                            FrameTransformMatrix {
                               0.993104,-0.092366,-0.072196, 0.000000,
                               0.099652, 0.989482, 0.104857, 0.000000,
                               0.061751,-0.111328, 0.991863, 0.000000,
                               0.000002, 4.062172, 0.000001, 1.000000;;
                            }
                          } // End of Armature_thumb_03_l
                        } // End of Armature_thumb_02_l
                      } // End of Armature_thumb_01_l
                    } // End of Armature_hand_l
                    Frame Armature_lowerarm_twist_01_l {
                      FrameTransformMatrix {
                         0.976179, 0.000000,-0.216966, 0.000000,
                        -0.000000, 1.000000,-0.000000, 0.000000,
                         0.216966, 0.000000, 0.976179, 0.000000,
                         0.000002,14.000009,-0.000003, 1.000000;;
                      }
                    } // End of Armature_lowerarm_twist_01_l
                  } // End of Armature_lowerarm_l
                  Frame Armature_upperarm_twist_01_l {
                    FrameTransformMatrix {
                       0.970777, 0.000000,-0.239984, 0.000000,
                       0.000000, 1.000000, 0.000000, 0.000000,
                       0.239984,-0.000000, 0.970777, 0.000000,
                      -0.000001, 0.500027, 0.000001, 1.000000;;
                    }
                  } // End of Armature_upperarm_twist_01_l
                } // End of Armature_upperarm_l
              } // End of Armature_clavicle_l
              Frame Armature_clavicle_r {
                FrameTransformMatrix {
                  -0.945833,-0.129491,-0.297710, 0.000000,
                   0.313345,-0.124214,-0.941480, 0.000000,
                   0.084934,-0.983770, 0.158062, 0.000000,
                  -2.732107,11.883777,-3.782006, 1.000000;;
                }
                Frame Armature_upperarm_r {
                  FrameTransformMatrix {
                     0.994114,-0.013151,-0.107534, 0.000000,
                     0.101722, 0.454797, 0.884767, 0.000000,
                     0.037270,-0.890498, 0.453458, 0.000000,
                    -0.000051,15.784751, 0.000059, 1.000000;;
                  }
                  Frame Armature_lowerarm_r {
                    FrameTransformMatrix {
                       0.984122,-0.111448,-0.138143, 0.000000,
                       0.114541, 0.993311, 0.014622, 0.000000,
                       0.135589,-0.030213, 0.990304, 0.000000,
                      -0.000003,30.340061, 0.000003, 1.000000;;
                    }
                    Frame Armature_hand_r {
                      FrameTransformMatrix {
                         0.414124,-0.103333,-0.904336, 0.000000,
                        -0.273844, 0.933360,-0.232051, 0.000000,
                         0.868050, 0.343745, 0.358230, 0.000000,
                        -0.000003,26.975245,-0.000008, 1.000000;;
                      }
                      Frame Armature_index_01_r {
                        FrameTransformMatrix {
                           0.680580, 0.711086, 0.176542, 0.000000,
                          -0.685835, 0.703072,-0.187937, 0.000000,
                          -0.257761, 0.006827, 0.966185, 0.000000,
                          -1.763755,12.067952, 2.109441, 1.000000;;
                        }
                        Frame Armature_index_02_r {
                          FrameTransformMatrix {
                            -0.096418, 0.990319, 0.099860, 0.000000,
                            -0.995296,-0.094969,-0.019175, 0.000000,
                            -0.009506,-0.101239, 0.994817, 0.000000,
                             0.000088, 4.287695,-0.000072, 1.000000;;
                          }
                          Frame Armature_index_03_r {
                            FrameTransformMatrix {
                               0.666916, 0.744997, 0.014205, 0.000000,
                              -0.744829, 0.667067,-0.015866, 0.000000,
                              -0.021296, 0.000001, 0.999773, 0.000000,
                               0.000117, 3.393801,-0.000008, 1.000000;;
                            }
                          } // End of Armature_index_03_r
                        } // End of Armature_index_02_r
                      } // End of Armature_index_01_r
                      Frame Armature_middle_01_r {
                        FrameTransformMatrix {
                           0.441931, 0.896671,-0.026035, 0.000000,
                          -0.895749, 0.439542,-0.066611, 0.000000,
                          -0.048285, 0.052758, 0.997439, 0.000000,
                          -1.293757,12.244123,-0.571123, 1.000000;;
                        }
                        Frame Armature_middle_02_r {
                          FrameTransformMatrix {
                             0.178864, 0.979905, 0.088286, 0.000000,
                            -0.981563, 0.171578, 0.084232, 0.000000,
                             0.067391,-0.101724, 0.992527, 0.000000,
                            -0.000142, 4.640577, 0.000006, 1.000000;;
                          }
                          Frame Armature_middle_03_r {
                            FrameTransformMatrix {
                               0.131028, 0.991379, 0.000429, 0.000000,
                              -0.991373, 0.131028,-0.003244, 0.000000,
                              -0.003273,-0.000001, 0.999995, 0.000000,
                               0.000029, 3.648915,-0.000005, 1.000000;;
                            }
                          } // End of Armature_middle_03_r
                        } // End of Armature_middle_02_r
                      } // End of Armature_middle_01_r
                      Frame Armature_pinky_01_r {
                        FrameTransformMatrix {
                           0.827082, 0.473667,-0.302614, 0.000000,
                          -0.535493, 0.827640,-0.168105, 0.000000,
                           0.170830, 0.301084, 0.938171, 0.000000,
                          -2.263393,10.140599,-4.643086, 1.000000;;
                        }
                        Frame Armature_pinky_02_r {
                          FrameTransformMatrix {
                             0.135759, 0.989591, 0.047732, 0.000000,
                            -0.990283, 0.137004,-0.023853, 0.000000,
                            -0.030144,-0.044030, 0.998575, 0.000000,
                            -0.000078, 3.571055,-0.000010, 1.000000;;
                          }
                          Frame Armature_pinky_03_r {
                            FrameTransformMatrix {
                              -0.138523, 0.990359,-0.000993, 0.000000,
                              -0.990333,-0.138526,-0.007093, 0.000000,
                              -0.007163, 0.000001, 0.999974, 0.000000,
                               0.000313, 2.985413,-0.000035, 1.000000;;
                            }
                          } // End of Armature_pinky_03_r
                        } // End of Armature_pinky_02_r
                      } // End of Armature_pinky_01_r
                      Frame Armature_ring_01_r {
                        FrameTransformMatrix {
                           0.488693, 0.835028,-0.252801, 0.000000,
                          -0.863051, 0.505117, 0.000075, 0.000000,
                           0.127757, 0.218143, 0.967518, 0.000000,
                          -1.753797,11.497982,-2.846912, 1.000000;;
                        }
                        Frame Armature_ring_02_r {
                          FrameTransformMatrix {
                            -0.098076, 0.994968, 0.020464, 0.000000,
                            -0.995158,-0.097921,-0.008487, 0.000000,
                            -0.006441,-0.021197, 0.999755, 0.000000,
                             0.000083, 4.429875,-0.000020, 1.000000;;
                          }
                          Frame Armature_ring_03_r {
                            FrameTransformMatrix {
                               0.264059, 0.964507,-0.000106, 0.000000,
                              -0.964506, 0.264059, 0.000387, 0.000000,
                               0.000401,-0.000000, 1.000000, 0.000000,
                               0.000071, 3.476663,-0.000007, 1.000000;;
                            }
                          } // End of Armature_ring_03_r
                        } // End of Armature_ring_02_r
                      } // End of Armature_ring_01_r
                      Frame Armature_thumb_01_r {
                        FrameTransformMatrix {
                           0.166765,-0.399675, 0.901360, 0.000000,
                          -0.684860, 0.610703, 0.397503, 0.000000,
                          -0.709335,-0.683595,-0.171877, 0.000000,
                          -2.375135, 4.762128, 2.537813, 1.000000;;
                        }
                        Frame Armature_thumb_02_r {
                          FrameTransformMatrix {
                             0.809496, 0.587037, 0.010213, 0.000000,
                            -0.587123, 0.809317, 0.017122, 0.000000,
                             0.001786,-0.019856, 0.999801, 0.000000,
                             0.000112, 3.869561, 0.000051, 1.000000;;
                          }
                          Frame Armature_thumb_03_r {
                            FrameTransformMatrix {
                               0.696233, 0.717189, 0.029993, 0.000000,
                              -0.716524, 0.696878,-0.030868, 0.000000,
                              -0.043040, 0.000001, 0.999073, 0.000000,
                              -0.000011, 4.062187,-0.000001, 1.000000;;
                            }
                          } // End of Armature_thumb_03_r
                        } // End of Armature_thumb_02_r
                      } // End of Armature_thumb_01_r
                      Frame Armature_weapon_r {
                        FrameTransformMatrix {
                          -0.005470,-0.000003,-0.999985, 0.000000,
                          -0.000002,-1.000000, 0.000003, 0.000000,
                          -0.999985, 0.000002, 0.005470, 0.000000,
                          -4.667015,11.309018,-1.092997, 1.000000;;
                        }
                      } // End of Armature_weapon_r
                    } // End of Armature_hand_r
                    Frame Armature_lowerarm_twist_01_r {
                      FrameTransformMatrix {
                         0.999873,-0.000000,-0.015963, 0.000000,
                         0.000000, 1.000000, 0.000000, 0.000000,
                         0.015963,-0.000000, 0.999873, 0.000000,
                         0.000023,13.999999,-0.000007, 1.000000;;
                      }
                    } // End of Armature_lowerarm_twist_01_r
                  } // End of Armature_lowerarm_r
                  Frame Armature_upperarm_twist_01_r {
                    FrameTransformMatrix {
                       0.998770, 0.000000, 0.049582, 0.000000,
                      -0.000000, 1.000000,-0.000000, 0.000000,
                      -0.049582, 0.000000, 0.998770, 0.000000,
                      -0.000004, 0.500002, 0.000000, 1.000000;;
                    }
                  } // End of Armature_upperarm_twist_01_r
                } // End of Armature_upperarm_r
              } // End of Armature_clavicle_r
              Frame Armature_neck_01 {
                FrameTransformMatrix {
                   0.669684, 0.417751,-0.614009, 0.000000,
                  -0.406393, 0.898152, 0.167830, 0.000000,
                   0.621585, 0.137135, 0.771249, 0.000000,
                  -0.355317,16.558792,-0.000002, 1.000000;;
                }
                Frame Armature_head {
                  FrameTransformMatrix {
                     0.990519,-0.137101,-0.008721, 0.000000,
                     0.135012, 0.959771, 0.246193, 0.000000,
                    -0.025383,-0.245037, 0.969182, 0.000000,
                     0.364154, 9.283613, 0.000001, 1.000000;;
                  }
                } // End of Armature_head
              } // End of Armature_neck_01
            } // End of Armature_spine_03
          } // End of Armature_spine_02
        } // End of Armature_spine_01
        Frame Armature_sword_holder {
          FrameTransformMatrix {
            -0.909316, 0.370363, 0.189678, 0.000000,
            -0.355306,-0.928335, 0.109325, 0.000000,
             0.216575, 0.032017, 0.975741, 0.000000,
            13.979992,19.492996,16.300999, 1.000000;;
          }
        } // End of Armature_sword_holder
        Frame Armature_thigh_l {
          FrameTransformMatrix {
            -0.159040,-0.513038,-0.843504, 0.000000,
            -0.859693,-0.348114, 0.373823, 0.000000,
            -0.485421, 0.784607,-0.385691, 0.000000,
            -1.448827, 0.531420, 9.005810, 1.000000;;
          }
          Frame Armature_calf_l {
            FrameTransformMatrix {
               0.957042,-0.274610,-0.093062, 0.000000,
               0.276409, 0.961016, 0.006770, 0.000000,
               0.087575,-0.032202, 0.995637, 0.000000,
               0.001573,42.536961, 0.000147, 1.000000;;
            }
            Frame Armature_calf_twist_01_l {
              FrameTransformMatrix {
                 0.999841,-0.015271,-0.009270, 0.000000,
                 0.015236, 0.999877,-0.003824, 0.000000,
                 0.009327, 0.003682, 0.999950, 0.000000,
                -0.000003,20.476776, 0.000000, 1.000000;;
              }
            } // End of Armature_calf_twist_01_l
            Frame Armature_foot_l {
              FrameTransformMatrix {
                 0.013326,-0.970282,-0.241611, 0.000000,
                -0.995243,-0.036194, 0.090459, 0.000000,
                -0.096516, 0.239256,-0.966147, 0.000000,
                 0.000159,40.196686, 0.000190, 1.000000;;
              }
              Frame Armature_ball_l {
                FrameTransformMatrix {
                   0.024622, 0.999697, 0.000147, 0.000000,
                  -0.999697, 0.024622, 0.000077, 0.000000,
                   0.000073,-0.000149, 1.000000, 0.000000,
                  -10.453840,16.577852,-0.080155, 1.000000;;
                }
              } // End of Armature_ball_l
            } // End of Armature_foot_l
          } // End of Armature_calf_l
          Frame Armature_thigh_twist_01_l {
            FrameTransformMatrix {
               0.502483,-0.000497,-0.864587, 0.000000,
               0.000983, 1.000000,-0.000004, 0.000000,
               0.864587,-0.000848, 0.502483, 0.000000,
               0.000002,22.094250, 0.000000, 1.000000;;
            }
          } // End of Armature_thigh_twist_01_l
        } // End of Armature_thigh_l
        Frame Armature_thigh_r {
          FrameTransformMatrix {
            -0.096000, 0.949809,-0.297737, 0.000000,
            -0.938464,-0.186065,-0.290973, 0.000000,
            -0.331767, 0.251482, 0.909223, 0.000000,
            -1.448638, 0.531423,-9.005804, 1.000000;;
          }
          Frame Armature_calf_r {
            FrameTransformMatrix {
               0.948095, 0.304614, 0.091253, 0.000000,
              -0.306045, 0.952015, 0.001775, 0.000000,
              -0.086333,-0.029611, 0.995826, 0.000000,
              -0.001153,42.529808, 0.000286, 1.000000;;
            }
            Frame Armature_calf_twist_01_r {
              FrameTransformMatrix {
                 0.997999, 0.014972,-0.061438, 0.000000,
                -0.015235, 0.999876,-0.003825, 0.000000,
                 0.061373, 0.004753, 0.998103, 0.000000,
                -0.000000,20.476917, 0.000003, 1.000000;;
              }
            } // End of Armature_calf_twist_01_r
            Frame Armature_foot_r {
              FrameTransformMatrix {
                 0.160395, 0.954729, 0.250531, 0.000000,
                 0.986894,-0.150562,-0.058062, 0.000000,
                -0.017713, 0.256561,-0.966366, 0.000000,
                 0.000004,40.196815, 0.000227, 1.000000;;
              }
              Frame Armature_ball_r {
                FrameTransformMatrix {
                  -0.002068,-0.999998, 0.000576, 0.000000,
                   0.999998,-0.002068, 0.000073, 0.000000,
                  -0.000072, 0.000577, 1.000000, 0.000000,
                  10.453817,16.577801,-0.080157, 1.000000;;
                }
              } // End of Armature_ball_r
            } // End of Armature_foot_r
          } // End of Armature_calf_r
          Frame Armature_thigh_twist_01_r {
            FrameTransformMatrix {
               0.971316, 0.000956, 0.237789, 0.000000,
              -0.000983, 1.000000,-0.000003, 0.000000,
              -0.237789,-0.000231, 0.971317, 0.000000,
               0.000001,22.094238,-0.000000, 1.000000;;
            }
          } // End of Armature_thigh_twist_01_r
        } // End of Armature_thigh_r
      } // End of Armature_pelvis
    } // End of Armature_root
  } // End of Armature
} // End of Root
AnimationSet Global {
  Animation {
    {Armature}
    AnimationKey { // Rotation
      0;
      37;
      0;4;-0.707107, 0.707107, 0.000000, 0.000000;;,
      1;4;-0.707107, 0.707107, 0.000000, 0.000000;;,
      2;4;-0.707107, 0.707107, 0.000000, 0.000000;;,
      3;4;-0.707107, 0.707107, 0.000000, 0.000000;;,
      4;4;-0.707107, 0.707107, 0.000000, 0.000000;;,
      5;4;-0.707107, 0.707107, 0.000000, 0.000000;;,
      6;4;-0.707107, 0.707107, 0.000000, 0.000000;;,
      7;4;-0.707107, 0.707107, 0.000000, 0.000000;;,
      8;4;-0.707107, 0.707107, 0.000000, 0.000000;;,
      9;4;-0.707107, 0.707107, 0.000000, 0.000000;;,
      10;4;-0.707107, 0.707107, 0.000000, 0.000000;;,
      11;4;-0.707107, 0.707107, 0.000000, 0.000000;;,
      12;4;-0.707107, 0.707107, 0.000000, 0.000000;;,
      13;4;-0.707107, 0.707107, 0.000000, 0.000000;;,
      14;4;-0.707107, 0.707107, 0.000000, 0.000000;;,
      15;4;-0.707107, 0.707107, 0.000000, 0.000000;;,
      16;4;-0.707107, 0.707107, 0.000000, 0.000000;;,
      17;4;-0.707107, 0.707107, 0.000000, 0.000000;;,
      18;4;-0.707107, 0.707107, 0.000000, 0.000000;;,
      19;4;-0.707107, 0.707107, 0.000000, 0.000000;;,
      20;4;-0.707107, 0.707107, 0.000000, 0.000000;;,
      21;4;-0.707107, 0.707107, 0.000000, 0.000000;;,
      22;4;-0.707107, 0.707107, 0.000000, 0.000000;;,
      23;4;-0.707107, 0.707107, 0.000000, 0.000000;;,
      24;4;-0.707107, 0.707107, 0.000000, 0.000000;;,
      25;4;-0.707107, 0.707107, 0.000000, 0.000000;;,
      26;4;-0.707107, 0.707107, 0.000000, 0.000000;;,
      27;4;-0.707107, 0.707107, 0.000000, 0.000000;;,
      28;4;-0.707107, 0.707107, 0.000000, 0.000000;;,
      29;4;-0.707107, 0.707107, 0.000000, 0.000000;;,
      30;4;-0.707107, 0.707107, 0.000000, 0.000000;;,
      31;4;-0.707107, 0.707107, 0.000000, 0.000000;;,
      32;4;-0.707107, 0.707107, 0.000000, 0.000000;;,
      33;4;-0.707107, 0.707107, 0.000000, 0.000000;;,
      34;4;-0.707107, 0.707107, 0.000000, 0.000000;;,
      35;4;-0.707107, 0.707107, 0.000000, 0.000000;;,
      36;4;-0.707107, 0.707107, 0.000000, 0.000000;;;
    }
    AnimationKey { // Scale
      1;
      37;
      0;3; 0.010000, 0.010000, 0.010000;;,
      1;3; 0.010000, 0.010000, 0.010000;;,
      2;3; 0.010000, 0.010000, 0.010000;;,
      3;3; 0.010000, 0.010000, 0.010000;;,
      4;3; 0.010000, 0.010000, 0.010000;;,
      5;3; 0.010000, 0.010000, 0.010000;;,
      6;3; 0.010000, 0.010000, 0.010000;;,
      7;3; 0.010000, 0.010000, 0.010000;;,
      8;3; 0.010000, 0.010000, 0.010000;;,
      9;3; 0.010000, 0.010000, 0.010000;;,
      10;3; 0.010000, 0.010000, 0.010000;;,
      11;3; 0.010000, 0.010000, 0.010000;;,
      12;3; 0.010000, 0.010000, 0.010000;;,
      13;3; 0.010000, 0.010000, 0.010000;;,
      14;3; 0.010000, 0.010000, 0.010000;;,
      15;3; 0.010000, 0.010000, 0.010000;;,
      16;3; 0.010000, 0.010000, 0.010000;;,
      17;3; 0.010000, 0.010000, 0.010000;;,
      18;3; 0.010000, 0.010000, 0.010000;;,
      19;3; 0.010000, 0.010000, 0.010000;;,
      20;3; 0.010000, 0.010000, 0.010000;;,
      21;3; 0.010000, 0.010000, 0.010000;;,
      22;3; 0.010000, 0.010000, 0.010000;;,
      23;3; 0.010000, 0.010000, 0.010000;;,
      24;3; 0.010000, 0.010000, 0.010000;;,
      25;3; 0.010000, 0.010000, 0.010000;;,
      26;3; 0.010000, 0.010000, 0.010000;;,
      27;3; 0.010000, 0.010000, 0.010000;;,
      28;3; 0.010000, 0.010000, 0.010000;;,
      29;3; 0.010000, 0.010000, 0.010000;;,
      30;3; 0.010000, 0.010000, 0.010000;;,
      31;3; 0.010000, 0.010000, 0.010000;;,
      32;3; 0.010000, 0.010000, 0.010000;;,
      33;3; 0.010000, 0.010000, 0.010000;;,
      34;3; 0.010000, 0.010000, 0.010000;;,
      35;3; 0.010000, 0.010000, 0.010000;;,
      36;3; 0.010000, 0.010000, 0.010000;;;
    }
    AnimationKey { // Position
      2;
      37;
      0;3; 0.000000, 0.000000, 0.000000;;,
      1;3; 0.000000, 0.000000, 0.000000;;,
      2;3; 0.000000, 0.000000, 0.000000;;,
      3;3; 0.000000, 0.000000, 0.000000;;,
      4;3; 0.000000, 0.000000, 0.000000;;,
      5;3; 0.000000, 0.000000, 0.000000;;,
      6;3; 0.000000, 0.000000, 0.000000;;,
      7;3; 0.000000, 0.000000, 0.000000;;,
      8;3; 0.000000, 0.000000, 0.000000;;,
      9;3; 0.000000, 0.000000, 0.000000;;,
      10;3; 0.000000, 0.000000, 0.000000;;,
      11;3; 0.000000, 0.000000, 0.000000;;,
      12;3; 0.000000, 0.000000, 0.000000;;,
      13;3; 0.000000, 0.000000, 0.000000;;,
      14;3; 0.000000, 0.000000, 0.000000;;,
      15;3; 0.000000, 0.000000, 0.000000;;,
      16;3; 0.000000, 0.000000, 0.000000;;,
      17;3; 0.000000, 0.000000, 0.000000;;,
      18;3; 0.000000, 0.000000, 0.000000;;,
      19;3; 0.000000, 0.000000, 0.000000;;,
      20;3; 0.000000, 0.000000, 0.000000;;,
      21;3; 0.000000, 0.000000, 0.000000;;,
      22;3; 0.000000, 0.000000, 0.000000;;,
      23;3; 0.000000, 0.000000, 0.000000;;,
      24;3; 0.000000, 0.000000, 0.000000;;,
      25;3; 0.000000, 0.000000, 0.000000;;,
      26;3; 0.000000, 0.000000, 0.000000;;,
      27;3; 0.000000, 0.000000, 0.000000;;,
      28;3; 0.000000, 0.000000, 0.000000;;,
      29;3; 0.000000, 0.000000, 0.000000;;,
      30;3; 0.000000, 0.000000, 0.000000;;,
      31;3; 0.000000, 0.000000, 0.000000;;,
      32;3; 0.000000, 0.000000, 0.000000;;,
      33;3; 0.000000, 0.000000, 0.000000;;,
      34;3; 0.000000, 0.000000, 0.000000;;,
      35;3; 0.000000, 0.000000, 0.000000;;,
      36;3; 0.000000, 0.000000, 0.000000;;;
    }
  }
  Animation {
    {Armature_root}
    AnimationKey { // Rotation
      0;
      37;
      0;4;-1.000000,-0.000000, 0.000000, 0.000000;;,
      1;4;-1.000000,-0.000000, 0.000000, 0.000000;;,
      2;4;-1.000000,-0.000000, 0.000000, 0.000000;;,
      3;4;-1.000000,-0.000000, 0.000000, 0.000000;;,
      4;4;-1.000000,-0.000000, 0.000000, 0.000000;;,
      5;4;-1.000000,-0.000000, 0.000000, 0.000000;;,
      6;4;-1.000000,-0.000000, 0.000000, 0.000000;;,
      7;4;-1.000000,-0.000000, 0.000000, 0.000000;;,
      8;4;-1.000000,-0.000000, 0.000000, 0.000000;;,
      9;4;-1.000000,-0.000000, 0.000000, 0.000000;;,
      10;4;-1.000000,-0.000000, 0.000000, 0.000000;;,
      11;4;-1.000000,-0.000000, 0.000000, 0.000000;;,
      12;4;-1.000000,-0.000000, 0.000000, 0.000000;;,
      13;4;-1.000000,-0.000000, 0.000000, 0.000000;;,
      14;4;-1.000000,-0.000000, 0.000000, 0.000000;;,
      15;4;-1.000000,-0.000000, 0.000000, 0.000000;;,
      16;4;-1.000000,-0.000000, 0.000000, 0.000000;;,
      17;4;-1.000000,-0.000000, 0.000000, 0.000000;;,
      18;4;-1.000000,-0.000000, 0.000000, 0.000000;;,
      19;4;-1.000000,-0.000000, 0.000000, 0.000000;;,
      20;4;-1.000000,-0.000000, 0.000000, 0.000000;;,
      21;4;-1.000000,-0.000000, 0.000000, 0.000000;;,
      22;4;-1.000000,-0.000000, 0.000000, 0.000000;;,
      23;4;-1.000000,-0.000000, 0.000000, 0.000000;;,
      24;4;-1.000000,-0.000000, 0.000000, 0.000000;;,
      25;4;-1.000000,-0.000000, 0.000000, 0.000000;;,
      26;4;-1.000000,-0.000000, 0.000000, 0.000000;;,
      27;4;-1.000000,-0.000000, 0.000000, 0.000000;;,
      28;4;-1.000000,-0.000000, 0.000000, 0.000000;;,
      29;4;-1.000000,-0.000000, 0.000000, 0.000000;;,
      30;4;-1.000000,-0.000000, 0.000000, 0.000000;;,
      31;4;-1.000000,-0.000000, 0.000000, 0.000000;;,
      32;4;-1.000000,-0.000000, 0.000000, 0.000000;;,
      33;4;-1.000000,-0.000000, 0.000000, 0.000000;;,
      34;4;-1.000000,-0.000000, 0.000000, 0.000000;;,
      35;4;-1.000000,-0.000000, 0.000000, 0.000000;;,
      36;4;-1.000000,-0.000000, 0.000000, 0.000000;;;
    }
    AnimationKey { // Scale
      1;
      37;
      0;3; 1.000000, 1.000000, 1.000000;;,
      1;3; 1.000000, 1.000000, 1.000000;;,
      2;3; 1.000000, 1.000000, 1.000000;;,
      3;3; 1.000000, 1.000000, 1.000000;;,
      4;3; 1.000000, 1.000000, 1.000000;;,
      5;3; 1.000000, 1.000000, 1.000000;;,
      6;3; 1.000000, 1.000000, 1.000000;;,
      7;3; 1.000000, 1.000000, 1.000000;;,
      8;3; 1.000000, 1.000000, 1.000000;;,
      9;3; 1.000000, 1.000000, 1.000000;;,
      10;3; 1.000000, 1.000000, 1.000000;;,
      11;3; 1.000000, 1.000000, 1.000000;;,
      12;3; 1.000000, 1.000000, 1.000000;;,
      13;3; 1.000000, 1.000000, 1.000000;;,
      14;3; 1.000000, 1.000000, 1.000000;;,
      15;3; 1.000000, 1.000000, 1.000000;;,
      16;3; 1.000000, 1.000000, 1.000000;;,
      17;3; 1.000000, 1.000000, 1.000000;;,
      18;3; 1.000000, 1.000000, 1.000000;;,
      19;3; 1.000000, 1.000000, 1.000000;;,
      20;3; 1.000000, 1.000000, 1.000000;;,
      21;3; 1.000000, 1.000000, 1.000000;;,
      22;3; 1.000000, 1.000000, 1.000000;;,
      23;3; 1.000000, 1.000000, 1.000000;;,
      24;3; 1.000000, 1.000000, 1.000000;;,
      25;3; 1.000000, 1.000000, 1.000000;;,
      26;3; 1.000000, 1.000000, 1.000000;;,
      27;3; 1.000000, 1.000000, 1.000000;;,
      28;3; 1.000000, 1.000000, 1.000000;;,
      29;3; 1.000000, 1.000000, 1.000000;;,
      30;3; 1.000000, 1.000000, 1.000000;;,
      31;3; 1.000000, 1.000000, 1.000000;;,
      32;3; 1.000000, 1.000000, 1.000000;;,
      33;3; 1.000000, 1.000000, 1.000000;;,
      34;3; 1.000000, 1.000000, 1.000000;;,
      35;3; 1.000000, 1.000000, 1.000000;;,
      36;3; 1.000000, 1.000000, 1.000000;;;
    }
    AnimationKey { // Position
      2;
      37;
      0;3; 0.000000, 0.000000, 0.000000;;,
      1;3; 0.000000, 0.000000, 0.000000;;,
      2;3; 0.000000, 0.000000, 0.000000;;,
      3;3; 0.000000, 0.000000, 0.000000;;,
      4;3; 0.000000, 0.000000, 0.000000;;,
      5;3; 0.000000, 0.000000, 0.000000;;,
      6;3; 0.000000, 0.000000, 0.000000;;,
      7;3; 0.000000, 0.000000, 0.000000;;,
      8;3; 0.000000, 0.000000, 0.000000;;,
      9;3; 0.000000, 0.000000, 0.000000;;,
      10;3; 0.000000, 0.000000, 0.000000;;,
      11;3; 0.000000, 0.000000, 0.000000;;,
      12;3; 0.000000, 0.000000, 0.000000;;,
      13;3; 0.000000, 0.000000, 0.000000;;,
      14;3; 0.000000, 0.000000, 0.000000;;,
      15;3; 0.000000, 0.000000, 0.000000;;,
      16;3; 0.000000, 0.000000, 0.000000;;,
      17;3; 0.000000, 0.000000, 0.000000;;,
      18;3; 0.000000, 0.000000, 0.000000;;,
      19;3; 0.000000, 0.000000, 0.000000;;,
      20;3; 0.000000, 0.000000, 0.000000;;,
      21;3; 0.000000, 0.000000, 0.000000;;,
      22;3; 0.000000, 0.000000, 0.000000;;,
      23;3; 0.000000, 0.000000, 0.000000;;,
      24;3; 0.000000, 0.000000, 0.000000;;,
      25;3; 0.000000, 0.000000, 0.000000;;,
      26;3; 0.000000, 0.000000, 0.000000;;,
