xof 0303txt 0032

template XSkinMeshHeader {
  <3cf169ce-ff7c-44ab-93c0-f78f62d172e2>
  WORD nMaxSkinWeightsPerVertex;
  WORD nMaxSkinWeightsPerFace;
  WORD nBones;
}

template SkinWeights {
  <6f0d123b-bad2-4167-a0d0-80224f25fabb>
  STRING transformNodeName;
  DWORD nWeights;
  array DWORD vertexIndices[nWeights];
  array float weights[nWeights];
  Matrix4x4 matrixOffset;
}

Frame Root {
  FrameTransformMatrix {
     1.000000, 0.000000, 0.000000, 0.000000,
     0.000000,-0.000000, 1.000000, 0.000000,
     0.000000, 1.000000, 0.000000, 0.000000,
     0.000000, 0.000000, 0.000000, 1.000000;;
  }
  Frame Armature {
    FrameTransformMatrix {
       0.010000, 0.000000, 0.000000, 0.000000,
       0.000000,-0.000000, 0.010000, 0.000000,
       0.000000,-0.010000,-0.000000, 0.000000,
       0.000000, 0.000000, 0.000000, 1.000000;;
    }
    Frame Armature_root {
      FrameTransformMatrix {
         1.000000, 0.000000, 0.000000, 0.000000,
         0.000000, 1.000000, 0.000000, 0.000000,
         0.000000, 0.000000, 1.000000, 0.000000,
         0.000000, 0.000019, 0.000000, 1.000000;;
      }
      Frame Armature_ik_foot_root {
        FrameTransformMatrix {
           0.000000,-0.000000,-1.000000, 0.000000,
           1.000000, 0.000000, 0.000000, 0.000000,
           0.000000,-1.000000, 0.000000, 0.000000,
           0.000000, 0.000000, 0.000000, 1.000000;;
        }
        Frame Armature_ik_foot_l {
          FrameTransformMatrix {
             0.999695, 0.021556,-0.012043, 0.000000,
            -0.011666,-0.017529,-0.999778, 0.000000,
            -0.021762, 0.999614,-0.017272, 0.000000,
            -13.964234,27.508148,-13.551297, 1.000000;;
          }
        } // End of Armature_ik_foot_l
        Frame Armature_ik_foot_r {
          FrameTransformMatrix {
            -0.262604,-0.964829, 0.012022, 0.000000,
             0.011742, 0.009263, 0.999889, 0.000000,
            -0.964832, 0.262716, 0.008896, 0.000000,
            30.855314,-11.096512,-13.472944, 1.000000;;
          }
        } // End of Armature_ik_foot_r
      } // End of Armature_ik_foot_root
      Frame Armature_ik_hand_root {
        FrameTransformMatrix {
           1.000000, 0.000000, 0.000000, 0.000000,
           0.000000, 1.000000, 0.000000, 0.000000,
           0.000000, 0.000000, 1.000000, 0.000000,
           0.000000, 0.000000, 0.000000, 1.000000;;
        }
        Frame Armature_ik_hand_gun {
          FrameTransformMatrix {
             0.522508, 0.849437,-0.073771, 0.000000,
             0.780568,-0.441738, 0.442245, 0.000000,
             0.343072,-0.288660,-0.893855, 0.000000,
            -8.478009,92.668640,-37.264252, 1.000000;;
          }
          Frame Armature_ik_hand_l {
            FrameTransformMatrix {
              -0.788773, 0.401590,-0.465362, 0.000000,
               0.582239, 0.245412,-0.775094, 0.000000,
              -0.197065,-0.882325,-0.427396, 0.000000,
              14.338353,52.151009,-39.426388, 1.000000;;
            }
          } // End of Armature_ik_hand_l
          Frame Armature_ik_hand_r {
            FrameTransformMatrix {
               1.000000,-0.000000, 0.000000, 0.000000,
               0.000000, 1.000000, 0.000003, 0.000000,
               0.000000,-0.000003, 1.000000, 0.000000,
              -0.000012, 0.000056,-0.000091, 1.000000;;
            }
          } // End of Armature_ik_hand_r
        } // End of Armature_ik_hand_gun
      } // End of Armature_ik_hand_root
      Frame Armature_pelvis {
        FrameTransformMatrix {
           0.218264, 0.968111,-0.122969, 0.000000,
          -0.805956, 0.249871, 0.536655, 0.000000,
           0.550269,-0.018025, 0.834793, 0.000000,
           0.266247,93.183052,-2.139834, 1.000000;;
        }
        Frame Armature_spine_01 {
          FrameTransformMatrix {
             0.110198,-0.963755, 0.242965, 0.000000,
             0.992975, 0.096154,-0.068960, 0.000000,
             0.043098, 0.248857, 0.967581, 0.000000,
            10.808888, 0.851405,-0.000005, 1.000000;;
          }
          Frame Armature_spine_02 {
            FrameTransformMatrix {
               0.917006, 0.241927,-0.317129, 0.000000,
              -0.238040, 0.969885, 0.051581, 0.000000,
               0.320057, 0.028189, 0.946979, 0.000000,
               3.766118,18.804300,-0.542626, 1.000000;;
            }
            Frame Armature_spine_03 {
              FrameTransformMatrix {
                 0.997432, 0.064111, 0.031920, 0.000000,
                -0.065969, 0.995954, 0.061016, 0.000000,
                -0.027879,-0.062965, 0.997626, 0.000000,
                 0.414176,13.412313, 0.073869, 1.000000;;
              }
              Frame Armature_clavicle_l {
                FrameTransformMatrix {
                   0.889723, 0.146062,-0.432502, 0.000000,
                   0.445144,-0.067587, 0.892905, 0.000000,
                   0.101188,-0.986964,-0.125152, 0.000000,
                  -2.732084,11.883689, 3.781979, 1.000000;;
                }
                Frame Armature_upperarm_l {
                  FrameTransformMatrix {
                     0.923156, 0.362570, 0.127775, 0.000000,
                    -0.255818, 0.331290, 0.908187, 0.000000,
                     0.286951,-0.871085, 0.398584, 0.000000,
                    -0.000002,15.784867, 0.000004, 1.000000;;
                  }
                  Frame Armature_lowerarm_l {
                    FrameTransformMatrix {
                       0.897359, 0.441155,-0.011338, 0.000000,
                      -0.440407, 0.896880, 0.040581, 0.000000,
                       0.028072,-0.031423, 0.999112, 0.000000,
                       0.000009,30.339920, 0.000008, 1.000000;;
                    }
                    Frame Armature_hand_l {
                      FrameTransformMatrix {
                         0.402300, 0.280195, 0.871577, 0.000000,
                        -0.344580, 0.928350,-0.139396, 0.000000,
                        -0.848186,-0.244249, 0.470024, 0.000000,
                        -0.000013,26.975151,-0.000019, 1.000000;;
                      }
                      Frame Armature_index_01_l {
                        FrameTransformMatrix {
                           0.800539,-0.532903,-0.274140, 0.000000,
                           0.545005, 0.837627,-0.036756, 0.000000,
                           0.249214,-0.119983, 0.960987, 0.000000,
                           1.763470,12.068107, 2.109405, 1.000000;;
                        }
                        Frame Armature_index_02_l {
                          FrameTransformMatrix {
                             0.760099,-0.645650,-0.073389, 0.000000,
                             0.649747, 0.756703, 0.072314, 0.000000,
                             0.008844,-0.102650, 0.994678, 0.000000,
                             0.000000, 4.287501,-0.000000, 1.000000;;
                          }
                          Frame Armature_index_03_l {
                            FrameTransformMatrix {
                               0.905368,-0.424189,-0.019287, 0.000000,
                               0.424093, 0.905574,-0.009033, 0.000000,
                               0.021298,-0.000002, 0.999773, 0.000000,
                               0.000001, 3.393790, 0.000002, 1.000000;;
                            }
                          } // End of Armature_index_03_l
                        } // End of Armature_index_02_l
                      } // End of Armature_index_01_l
                      Frame Armature_middle_01_l {
                        FrameTransformMatrix {
                           0.656225,-0.752828, 0.051172, 0.000000,
                           0.747306, 0.639031,-0.182137, 0.000000,
                           0.104418, 0.157764, 0.981941, 0.000000,
                           1.293651,12.244276,-0.571156, 1.000000;;
                        }
                        Frame Armature_middle_02_l {
                          FrameTransformMatrix {
                             0.660065,-0.750859,-0.022900, 0.000000,
                             0.749199, 0.655766, 0.093121, 0.000000,
                            -0.054903,-0.078623, 0.995391, 0.000000,
                            -0.000000, 4.640378,-0.000003, 1.000000;;
                          }
                          Frame Armature_middle_03_l {
                            FrameTransformMatrix {
                               0.887978,-0.459877,-0.002905, 0.000000,
                               0.459875, 0.887983,-0.001504, 0.000000,
                               0.003271,-0.000001, 0.999995, 0.000000,
                               0.000003, 3.648854,-0.000001, 1.000000;;
                            }
                          } // End of Armature_middle_03_l
                        } // End of Armature_middle_02_l
                      } // End of Armature_middle_01_l
                      Frame Armature_pinky_01_l {
                        FrameTransformMatrix {
                           0.461877,-0.758251, 0.460135, 0.000000,
                           0.878028, 0.464265,-0.116296, 0.000000,
                          -0.125443, 0.457726, 0.880199, 0.000000,
                           2.263158,10.140667,-4.643146, 1.000000;;
                        }
                        Frame Armature_pinky_02_l {
                          FrameTransformMatrix {
                             0.497020,-0.867226,-0.029845, 0.000000,
                             0.866787, 0.497792,-0.029736, 0.000000,
                             0.040645,-0.011090, 0.999112, 0.000000,
                            -0.000000, 3.570991, 0.000002, 1.000000;;
                          }
                          Frame Armature_pinky_03_l {
                            FrameTransformMatrix {
                               0.712794,-0.701355,-0.005108, 0.000000,
                               0.701337, 0.712813,-0.005025, 0.000000,
                               0.007166,-0.000001, 0.999974, 0.000000,
                              -0.000002, 2.985645,-0.000001, 1.000000;;
                            }
                          } // End of Armature_pinky_03_l
                        } // End of Armature_pinky_02_l
                      } // End of Armature_pinky_01_l
                      Frame Armature_ring_01_l {
                        FrameTransformMatrix {
                           0.459577,-0.812322, 0.359058, 0.000000,
                           0.882274, 0.463949,-0.079644, 0.000000,
                          -0.101888, 0.353390, 0.929911, 0.000000,
                           1.753533,11.497874,-2.846904, 1.000000;;
                        }
                        Frame Armature_ring_02_l {
                          FrameTransformMatrix {
                             0.846938,-0.531538,-0.012767, 0.000000,
                             0.531603, 0.846991, 0.002062, 0.000000,
                             0.009717,-0.008533, 0.999916, 0.000000,
                            -0.000002, 4.430182,-0.000001, 1.000000;;
                          }
                          Frame Armature_ring_03_l {
                            FrameTransformMatrix {
                               0.912721,-0.408583, 0.000366, 0.000000,
                               0.408583, 0.912721, 0.000164, 0.000000,
                              -0.000401, 0.000000, 1.000000, 0.000000,
                               0.000000, 3.476648,-0.000000, 1.000000;;
                            }
                          } // End of Armature_ring_03_l
                        } // End of Armature_ring_02_l
                      } // End of Armature_ring_01_l
                      Frame Armature_thumb_01_l {
                        FrameTransformMatrix {
                          -0.049892, 0.340793,-0.938814, 0.000000,
                           0.696402, 0.685659, 0.211888, 0.000000,
                           0.715916,-0.643220,-0.271538, 0.000000,
                           2.374988, 4.762022, 2.537827, 1.000000;;
                        }
                        Frame Armature_thumb_02_l {
                          FrameTransformMatrix {
                             0.994918,-0.094577,-0.034550, 0.000000,
                             0.097445, 0.990808, 0.093830, 0.000000,
                             0.025358,-0.096720, 0.994989, 0.000000,
                            -0.000002, 3.869671, 0.000001, 1.000000;;
                          }
                          Frame Armature_thumb_03_l {
                            FrameTransformMatrix {
                               0.993104,-0.092363,-0.072210, 0.000000,
                               0.099651, 0.989482, 0.104859, 0.000000,
                               0.061766,-0.111332, 0.991862, 0.000000,
                              -0.000003, 4.062172, 0.000002, 1.000000;;
                            }
                          } // End of Armature_thumb_03_l
                        } // End of Armature_thumb_02_l
                      } // End of Armature_thumb_01_l
                    } // End of Armature_hand_l
                    Frame Armature_lowerarm_twist_01_l {
                      FrameTransformMatrix {
                         0.976179, 0.000000,-0.216966, 0.000000,
                        -0.000000, 1.000000,-0.000000, 0.000000,
                         0.216966, 0.000000, 0.976179, 0.000000,
                        -0.000007,13.999990,-0.000010, 1.000000;;
                      }
                    } // End of Armature_lowerarm_twist_01_l
                  } // End of Armature_lowerarm_l
                  Frame Armature_upperarm_twist_01_l {
                    FrameTransformMatrix {
                       0.970776,-0.000000,-0.239985, 0.000000,
                       0.000000, 1.000000, 0.000000, 0.000000,
                       0.239985,-0.000000, 0.970777, 0.000000,
                      -0.000012, 0.500002,-0.000020, 1.000000;;
                    }
                  } // End of Armature_upperarm_twist_01_l
                } // End of Armature_upperarm_l
              } // End of Armature_clavicle_l
              Frame Armature_clavicle_r {
                FrameTransformMatrix {
                  -0.883175,-0.147211,-0.445344, 0.000000,
                   0.460765,-0.094688,-0.882457, 0.000000,
                   0.087739,-0.984562, 0.151455, 0.000000,
                  -2.732105,11.883786,-3.781997, 1.000000;;
                }
                Frame Armature_upperarm_r {
                  FrameTransformMatrix {
                     0.821442,-0.555651, 0.128396, 0.000000,
                     0.139461, 0.414025, 0.899519, 0.000000,
                    -0.552977,-0.720996, 0.417589, 0.000000,
                    -0.000052,15.784755, 0.000063, 1.000000;;
                  }
                  Frame Armature_lowerarm_r {
                    FrameTransformMatrix {
                       0.876146,-0.463020,-0.134089, 0.000000,
                       0.462581, 0.885833,-0.036313, 0.000000,
                       0.135594,-0.030212, 0.990304, 0.000000,
                       0.000012,30.340050, 0.000014, 1.000000;;
                    }
                    Frame Armature_hand_r {
                      FrameTransformMatrix {
                         0.301171,-0.171620,-0.937999, 0.000000,
                         0.281007, 0.955963,-0.084681, 0.000000,
                         0.911225,-0.238081, 0.336135, 0.000000,
                        -0.000046,26.975283,-0.000044, 1.000000;;
                      }
                      Frame Armature_index_01_r {
                        FrameTransformMatrix {
                           0.907572, 0.344776, 0.239671, 0.000000,
                          -0.331483, 0.938660,-0.095058, 0.000000,
                          -0.257743, 0.006825, 0.966189, 0.000000,
                          -1.763706,12.067917, 2.109333, 1.000000;;
                        }
                        Frame Armature_index_02_r {
                          FrameTransformMatrix {
                             0.694798, 0.714808, 0.079409, 0.000000,
                            -0.719142, 0.691953, 0.063533, 0.000000,
                            -0.009534,-0.101249, 0.994816, 0.000000,
                             0.000090, 4.287696,-0.000048, 1.000000;;
                          }
                          Frame Armature_index_03_r {
                            FrameTransformMatrix {
                               0.893961, 0.447741, 0.019041, 0.000000,
                              -0.447639, 0.894163,-0.009533, 0.000000,
                              -0.021294,-0.000001, 0.999773, 0.000000,
                               0.000125, 3.393799,-0.000008, 1.000000;;
                            }
                          } // End of Armature_index_03_r
                        } // End of Armature_index_02_r
                      } // End of Armature_index_01_r
                      Frame Armature_middle_01_r {
                        FrameTransformMatrix {
                           0.835750, 0.545185, 0.065529, 0.000000,
                          -0.536459, 0.836129,-0.114449, 0.000000,
                          -0.117187, 0.060497, 0.991265, 0.000000,
                          -1.293715,12.244135,-0.571217, 1.000000;;
                        }
                        Frame Armature_middle_02_r {
                          FrameTransformMatrix {
                             0.556338, 0.829611, 0.047255, 0.000000,
                            -0.828218, 0.548995, 0.112510, 0.000000,
                             0.067397,-0.101731, 0.992526, 0.000000,
                            -0.000150, 4.640568, 0.000020, 1.000000;;
                          }
                          Frame Armature_middle_03_r {
                            FrameTransformMatrix {
                               0.900950, 0.433913, 0.002953, 0.000000,
                              -0.433910, 0.900955,-0.001427, 0.000000,
                              -0.003280, 0.000004, 0.999995, 0.000000,
                               0.000033, 3.648918, 0.000000, 1.000000;;
                            }
                          } // End of Armature_middle_03_r
                        } // End of Armature_middle_02_r
                      } // End of Armature_middle_01_r
                      Frame Armature_pinky_01_r {
                        FrameTransformMatrix {
                           0.793411, 0.499148,-0.348354, 0.000000,
                          -0.570787, 0.808908,-0.140959, 0.000000,
                           0.211427, 0.310674, 0.926704, 0.000000,
                          -2.263338,10.140666,-4.643218, 1.000000;;
                        }
                        Frame Armature_pinky_02_r {
                          FrameTransformMatrix {
                             0.517278, 0.854158, 0.053275, 0.000000,
                            -0.855287, 0.518146,-0.002960, 0.000000,
                            -0.030133,-0.044035, 0.998575, 0.000000,
                            -0.000087, 3.571055, 0.000008, 1.000000;;
                          }
                          Frame Armature_pinky_03_r {
                            FrameTransformMatrix {
                               0.643501, 0.765431, 0.004610, 0.000000,
                              -0.765411, 0.643518,-0.005489, 0.000000,
                              -0.007168, 0.000004, 0.999974, 0.000000,
                               0.000312, 2.985430,-0.000028, 1.000000;;
                            }
                          } // End of Armature_pinky_03_r
                        } // End of Armature_pinky_02_r
                      } // End of Armature_pinky_01_r
                      Frame Armature_ring_01_r {
                        FrameTransformMatrix {
                           0.737415, 0.641807,-0.210485, 0.000000,
                          -0.667027, 0.741000,-0.077423, 0.000000,
                           0.106279, 0.197492, 0.974527, 0.000000,
                          -1.753767,11.498035,-2.847003, 1.000000;;
                        }
                        Frame Armature_ring_02_r {
                          FrameTransformMatrix {
                             0.504225, 0.863303, 0.021557, 0.000000,
                            -0.863548, 0.504241, 0.005118, 0.000000,
                            -0.006452,-0.021196, 0.999754, 0.000000,
                             0.000092, 4.429870,-0.000026, 1.000000;;
                          }
                          Frame Armature_ring_03_r {
                            FrameTransformMatrix {
                               0.887358, 0.461081,-0.000357, 0.000000,
                              -0.461081, 0.887358, 0.000188, 0.000000,
                               0.000403,-0.000002, 1.000000, 0.000000,
                               0.000060, 3.476661,-0.000002, 1.000000;;
                            }
                          } // End of Armature_ring_03_r
                        } // End of Armature_ring_02_r
                      } // End of Armature_ring_01_r
                      Frame Armature_thumb_01_r {
                        FrameTransformMatrix {
                           0.232377,-0.417056, 0.878672, 0.000000,
                          -0.398992, 0.783014, 0.477172, 0.000000,
                          -0.887021,-0.461467, 0.015552, 0.000000,
                          -2.375062, 4.762091, 2.537631, 1.000000;;
                        }
                        Frame Armature_thumb_02_r {
                          FrameTransformMatrix {
                             0.915591, 0.402061, 0.006357, 0.000000,
                            -0.402107, 0.915397, 0.018899, 0.000000,
                             0.001780,-0.019860, 0.999801, 0.000000,
                             0.000105, 3.869571, 0.000059, 1.000000;;
                          }
                          Frame Armature_thumb_03_r {
                            FrameTransformMatrix {
                               0.902583, 0.428753, 0.038912, 0.000000,
                              -0.428356, 0.903422,-0.018453, 0.000000,
                              -0.043066,-0.000013, 0.999072, 0.000000,
                               0.000002, 4.062194, 0.000001, 1.000000;;
                            }
                          } // End of Armature_thumb_03_r
                        } // End of Armature_thumb_02_r
                      } // End of Armature_thumb_01_r
                      Frame Armature_weapon_r {
                        FrameTransformMatrix {
                           0.668926,-0.080055, 0.739006, 0.000000,
                           0.250436,-0.911788,-0.325459, 0.000000,
                           0.699871, 0.402782,-0.589869, 0.000000,
                          -21.135733,-14.223481,55.015461, 1.000000;;
                        }
                      } // End of Armature_weapon_r
                    } // End of Armature_hand_r
                    Frame Armature_lowerarm_twist_01_r {
                      FrameTransformMatrix {
                         0.996887, 0.000005,-0.078847, 0.000000,
                        -0.000006, 1.000000,-0.000006, 0.000000,
                         0.078847, 0.000007, 0.996887, 0.000000,
                         0.000056,14.000008, 0.000023, 1.000000;;
                      }
                    } // End of Armature_lowerarm_twist_01_r
                  } // End of Armature_lowerarm_r
                  Frame Armature_upperarm_twist_01_r {
                    FrameTransformMatrix {
                       0.888030,-0.000000,-0.459785, 0.000000,
                       0.000001, 1.000000, 0.000001, 0.000000,
                       0.459785,-0.000001, 0.888030, 0.000000,
                      -0.000025, 0.500028,-0.000018, 1.000000;;
                    }
                  } // End of Armature_upperarm_twist_01_r
                } // End of Armature_upperarm_r
              } // End of Armature_clavicle_r
              Frame Armature_neck_01 {
                FrameTransformMatrix {
                   0.669684, 0.417751,-0.614009, 0.000000,
                  -0.406393, 0.898153, 0.167830, 0.000000,
                   0.621585, 0.137136, 0.771249, 0.000000,
                  -0.355314,16.558786,-0.000001, 1.000000;;
                }
                Frame Armature_head {
                  FrameTransformMatrix {
                     0.990519,-0.137101,-0.008721, 0.000000,
                     0.135013, 0.959771, 0.246193, 0.000000,
                    -0.025383,-0.245036, 0.969182, 0.000000,
                     0.364174, 9.283611,-0.000008, 1.000000;;
                  }
                } // End of Armature_head
              } // End of Armature_neck_01
            } // End of Armature_spine_03
          } // End of Armature_spine_02
        } // End of Armature_spine_01
        Frame Armature_sword_holder {
          FrameTransformMatrix {
            -0.909316, 0.370363, 0.189679, 0.000000,
            -0.355306,-0.928335, 0.109324, 0.000000,
             0.216576, 0.032016, 0.975741, 0.000000,
            13.980015,19.492994,16.301008, 1.000000;;
          }
        } // End of Armature_sword_holder
        Frame Armature_thigh_l {
          FrameTransformMatrix {
            -0.159042,-0.513035,-0.843505, 0.000000,
            -0.859694,-0.348114, 0.373823, 0.000000,
            -0.485420, 0.784609,-0.385688, 0.000000,
            -1.448826, 0.531430, 9.005823, 1.000000;;
          }
          Frame Armature_calf_l {
            FrameTransformMatrix {
               0.957041,-0.274611,-0.093064, 0.000000,
               0.276409, 0.961016, 0.006769, 0.000000,
               0.087577,-0.032202, 0.995637, 0.000000,
               0.001561,42.536953, 0.000149, 1.000000;;
            }
            Frame Armature_calf_twist_01_l {
              FrameTransformMatrix {
                 0.999840,-0.015271,-0.009271, 0.000000,
                 0.015237, 0.999877,-0.003824, 0.000000,
                 0.009328, 0.003682, 0.999950, 0.000000,
                -0.000001,20.476772, 0.000002, 1.000000;;
              }
            } // End of Armature_calf_twist_01_l
            Frame Armature_foot_l {
              FrameTransformMatrix {
                 0.013326,-0.970282,-0.241611, 0.000000,
                -0.995242,-0.036195, 0.090461, 0.000000,
                -0.096518, 0.239256,-0.966147, 0.000000,
                 0.000163,40.196674, 0.000189, 1.000000;;
              }
              Frame Armature_ball_l {
                FrameTransformMatrix {
                   0.024622, 0.999697, 0.000167, 0.000000,
                  -0.999697, 0.024622, 0.000077, 0.000000,
                   0.000073,-0.000169, 1.000000, 0.000000,
                  -10.453838,16.577839,-0.080156, 1.000000;;
                }
              } // End of Armature_ball_l
            } // End of Armature_foot_l
          } // End of Armature_calf_l
          Frame Armature_thigh_twist_01_l {
            FrameTransformMatrix {
               0.502481,-0.000497,-0.864588, 0.000000,
               0.000983, 1.000000,-0.000004, 0.000000,
               0.864588,-0.000848, 0.502481, 0.000000,
              -0.000013,22.094246, 0.000002, 1.000000;;
            }
          } // End of Armature_thigh_twist_01_l
        } // End of Armature_thigh_l
        Frame Armature_thigh_r {
          FrameTransformMatrix {
            -0.096000, 0.949809,-0.297736, 0.000000,
            -0.938464,-0.186064,-0.290973, 0.000000,
            -0.331767, 0.251481, 0.909224, 0.000000,
            -1.448635, 0.531428,-9.005807, 1.000000;;
          }
          Frame Armature_calf_r {
            FrameTransformMatrix {
               0.948095, 0.304614, 0.091251, 0.000000,
              -0.306044, 0.952016, 0.001777, 0.000000,
              -0.086331,-0.029612, 0.995826, 0.000000,
              -0.001154,42.529812, 0.000295, 1.000000;;
            }
            Frame Armature_calf_twist_01_r {
              FrameTransformMatrix {
                 0.997999, 0.014972,-0.061438, 0.000000,
                -0.015236, 0.999876,-0.003826, 0.000000,
                 0.061374, 0.004755, 0.998104, 0.000000,
                 0.000002,20.476906, 0.000002, 1.000000;;
              }
            } // End of Armature_calf_twist_01_r
            Frame Armature_foot_r {
              FrameTransformMatrix {
                 0.160393, 0.954730, 0.250530, 0.000000,
                 0.986895,-0.150561,-0.058062, 0.000000,
                -0.017713, 0.256559,-0.966366, 0.000000,
                -0.000003,40.196800, 0.000197, 1.000000;;
              }
              Frame Armature_ball_r {
                FrameTransformMatrix {
                  -0.002068,-0.999998,-0.000091, 0.000000,
                   0.999998,-0.002068, 0.000074, 0.000000,
                  -0.000074,-0.000090, 1.000000, 0.000000,
                  10.453816,16.577795,-0.080137, 1.000000;;
                }
              } // End of Armature_ball_r
            } // End of Armature_foot_r
          } // End of Armature_calf_r
          Frame Armature_thigh_twist_01_r {
            FrameTransformMatrix {
               0.971317, 0.000955, 0.237788, 0.000000,
              -0.000983, 0.999999,-0.000002, 0.000000,
              -0.237788,-0.000232, 0.971317, 0.000000,
              -0.000004,22.094250,-0.000016, 1.000000;;
            }
          } // End of Armature_thigh_twist_01_r
        } // End of Armature_thigh_r
      } // End of Armature_pelvis
    } // End of Armature_root
  } // End of Armature
} // End of Root
AnimationSet Global {
  Animation {
    {Armature}
    AnimationKey { // Rotation
      0;
      31;
      0;4;-0.707107, 0.707107, 0.000000, 0.000000;;,
      1;4;-0.707107, 0.707107, 0.000000, 0.000000;;,
      2;4;-0.707107, 0.707107, 0.000000, 0.000000;;,
      3;4;-0.707107, 0.707107, 0.000000, 0.000000;;,
      4;4;-0.707107, 0.707107, 0.000000, 0.000000;;,
      5;4;-0.707107, 0.707107, 0.000000, 0.000000;;,
      6;4;-0.707107, 0.707107, 0.000000, 0.000000;;,
      7;4;-0.707107, 0.707107, 0.000000, 0.000000;;,
      8;4;-0.707107, 0.707107, 0.000000, 0.000000;;,
      9;4;-0.707107, 0.707107, 0.000000, 0.000000;;,
      10;4;-0.707107, 0.707107, 0.000000, 0.000000;;,
      11;4;-0.707107, 0.707107, 0.000000, 0.000000;;,
      12;4;-0.707107, 0.707107, 0.000000, 0.000000;;,
      13;4;-0.707107, 0.707107, 0.000000, 0.000000;;,
      14;4;-0.707107, 0.707107, 0.000000, 0.000000;;,
      15;4;-0.707107, 0.707107, 0.000000, 0.000000;;,
      16;4;-0.707107, 0.707107, 0.000000, 0.000000;;,
      17;4;-0.707107, 0.707107, 0.000000, 0.000000;;,
      18;4;-0.707107, 0.707107, 0.000000, 0.000000;;,
      19;4;-0.707107, 0.707107, 0.000000, 0.000000;;,
      20;4;-0.707107, 0.707107, 0.000000, 0.000000;;,
      21;4;-0.707107, 0.707107, 0.000000, 0.000000;;,
      22;4;-0.707107, 0.707107, 0.000000, 0.000000;;,
      23;4;-0.707107, 0.707107, 0.000000, 0.000000;;,
      24;4;-0.707107, 0.707107, 0.000000, 0.000000;;,
      25;4;-0.707107, 0.707107, 0.000000, 0.000000;;,
      26;4;-0.707107, 0.707107, 0.000000, 0.000000;;,
      27;4;-0.707107, 0.707107, 0.000000, 0.000000;;,
      28;4;-0.707107, 0.707107, 0.000000, 0.000000;;,
      29;4;-0.707107, 0.707107, 0.000000, 0.000000;;,
      30;4;-0.707107, 0.707107, 0.000000, 0.000000;;;
    }
    AnimationKey { // Scale
      1;
      31;
      0;3; 0.010000, 0.010000, 0.010000;;,
      1;3; 0.010000, 0.010000, 0.010000;;,
      2;3; 0.010000, 0.010000, 0.010000;;,
      3;3; 0.010000, 0.010000, 0.010000;;,
      4;3; 0.010000, 0.010000, 0.010000;;,
      5;3; 0.010000, 0.010000, 0.010000;;,
      6;3; 0.010000, 0.010000, 0.010000;;,
      7;3; 0.010000, 0.010000, 0.010000;;,
      8;3; 0.010000, 0.010000, 0.010000;;,
      9;3; 0.010000, 0.010000, 0.010000;;,
      10;3; 0.010000, 0.010000, 0.010000;;,
      11;3; 0.010000, 0.010000, 0.010000;;,
      12;3; 0.010000, 0.010000, 0.010000;;,
      13;3; 0.010000, 0.010000, 0.010000;;,
      14;3; 0.010000, 0.010000, 0.010000;;,
      15;3; 0.010000, 0.010000, 0.010000;;,
      16;3; 0.010000, 0.010000, 0.010000;;,
      17;3; 0.010000, 0.010000, 0.010000;;,
      18;3; 0.010000, 0.010000, 0.010000;;,
      19;3; 0.010000, 0.010000, 0.010000;;,
      20;3; 0.010000, 0.010000, 0.010000;;,
      21;3; 0.010000, 0.010000, 0.010000;;,
      22;3; 0.010000, 0.010000, 0.010000;;,
      23;3; 0.010000, 0.010000, 0.010000;;,
      24;3; 0.010000, 0.010000, 0.010000;;,
      25;3; 0.010000, 0.010000, 0.010000;;,
      26;3; 0.010000, 0.010000, 0.010000;;,
      27;3; 0.010000, 0.010000, 0.010000;;,
      28;3; 0.010000, 0.010000, 0.010000;;,
      29;3; 0.010000, 0.010000, 0.010000;;,
      30;3; 0.010000, 0.010000, 0.010000;;;
    }
    AnimationKey { // Position
      2;
      31;
      0;3; 0.000000, 0.000000, 0.000000;;,
      1;3; 0.000000, 0.000000, 0.000000;;,
      2;3; 0.000000, 0.000000, 0.000000;;,
      3;3; 0.000000, 0.000000, 0.000000;;,
      4;3; 0.000000, 0.000000, 0.000000;;,
      5;3; 0.000000, 0.000000, 0.000000;;,
      6;3; 0.000000, 0.000000, 0.000000;;,
      7;3; 0.000000, 0.000000, 0.000000;;,
      8;3; 0.000000, 0.000000, 0.000000;;,
      9;3; 0.000000, 0.000000, 0.000000;;,
      10;3; 0.000000, 0.000000, 0.000000;;,
      11;3; 0.000000, 0.000000, 0.000000;;,
      12;3; 0.000000, 0.000000, 0.000000;;,
      13;3; 0.000000, 0.000000, 0.000000;;,
      14;3; 0.000000, 0.000000, 0.000000;;,
      15;3; 0.000000, 0.000000, 0.000000;;,
      16;3; 0.000000, 0.000000, 0.000000;;,
      17;3; 0.000000, 0.000000, 0.000000;;,
      18;3; 0.000000, 0.000000, 0.000000;;,
      19;3; 0.000000, 0.000000, 0.000000;;,
      20;3; 0.000000, 0.000000, 0.000000;;,
      21;3; 0.000000, 0.000000, 0.000000;;,
      22;3; 0.000000, 0.000000, 0.000000;;,
      23;3; 0.000000, 0.000000, 0.000000;;,
      24;3; 0.000000, 0.000000, 0.000000;;,
      25;3; 0.000000, 0.000000, 0.000000;;,
      26;3; 0.000000, 0.000000, 0.000000;;,
      27;3; 0.000000, 0.000000, 0.000000;;,
      28;3; 0.000000, 0.000000, 0.000000;;,
      29;3; 0.000000, 0.000000, 0.000000;;,
      30;3; 0.000000, 0.000000, 0.000000;;;
    }
  }
  Animation {
    {Armature_root}
    AnimationKey { // Rotation
      0;
      31;
      0;4;-1.000000, 0.000000, 0.000000, 0.000000;;,
      1;4;-1.000000, 0.000000, 0.000000, 0.000000;;,
      2;4;-1.000000, 0.000000, 0.000000, 0.000000;;,
      3;4;-1.000000, 0.000000, 0.000000, 0.000000;;,
      4;4;-1.000000, 0.000000, 0.000000, 0.000000;;,
      5;4;-1.000000, 0.000000, 0.000000, 0.000000;;,
      6;4;-1.000000, 0.000000, 0.000000, 0.000000;;,
      7;4;-1.000000, 0.000000, 0.000000, 0.000000;;,
      8;4;-1.000000, 0.000000, 0.000000, 0.000000;;,
      9;4;-1.000000, 0.000000, 0.000000, 0.000000;;,
      10;4;-1.000000, 0.000000, 0.000000, 0.000000;;,
      11;4;-1.000000, 0.000000, 0.000000, 0.000000;;,
      12;4;-1.000000, 0.000000, 0.000000, 0.000000;;,
      13;4;-1.000000, 0.000000, 0.000000, 0.000000;;,
      14;4;-1.000000, 0.000000, 0.000000, 0.000000;;,
      15;4;-1.000000, 0.000000, 0.000000, 0.000000;;,
      16;4;-1.000000, 0.000000, 0.000000, 0.000000;;,
      17;4;-1.000000, 0.000000, 0.000000, 0.000000;;,
      18;4;-1.000000, 0.000000, 0.000000, 0.000000;;,
      19;4;-1.000000, 0.000000, 0.000000, 0.000000;;,
      20;4;-1.000000, 0.000000, 0.000000, 0.000000;;,
      21;4;-1.000000, 0.000000, 0.000000, 0.000000;;,
      22;4;-1.000000, 0.000000, 0.000000, 0.000000;;,
      23;4;-1.000000, 0.000000, 0.000000, 0.000000;;,
      24;4;-1.000000, 0.000000, 0.000000, 0.000000;;,
      25;4;-1.000000, 0.000000, 0.000000, 0.000000;;,
      26;4;-1.000000, 0.000000, 0.000000, 0.000000;;,
      27;4;-1.000000, 0.000000, 0.000000, 0.000000;;,
      28;4;-1.000000, 0.000000, 0.000000, 0.000000;;,
      29;4;-1.000000, 0.000000, 0.000000, 0.000000;;,
      30;4;-1.000000, 0.000000, 0.000000, 0.000000;;;
    }
    AnimationKey { // Scale
      1;
      31;
      0;3; 1.000000, 1.000000, 1.000000;;,
      1;3; 1.000000, 1.000000, 1.000000;;,
      2;3; 1.000000, 1.000000, 1.000000;;,
      3;3; 1.000000, 1.000000, 1.000000;;,
      4;3; 1.000000, 1.000000, 1.000000;;,
      5;3; 1.000000, 1.000000, 1.000000;;,
      6;3; 1.000000, 1.000000, 1.000000;;,
      7;3; 1.000000, 1.000000, 1.000000;;,
      8;3; 1.000000, 1.000000, 1.000000;;,
      9;3; 1.000000, 1.000000, 1.000000;;,
      10;3; 1.000000, 1.000000, 1.000000;;,
      11;3; 1.000000, 1.000000, 1.000000;;,
      12;3; 1.000000, 1.000000, 1.000000;;,
      13;3; 1.000000, 1.000000, 1.000000;;,
      14;3; 1.000000, 1.000000, 1.000000;;,
      15;3; 1.000000, 1.000000, 1.000000;;,
      16;3; 1.000000, 1.000000, 1.000000;;,
      17;3; 1.000000, 1.000000, 1.000000;;,
      18;3; 1.000000, 1.000000, 1.000000;;,
      19;3; 1.000000, 1.000000, 1.000000;;,
      20;3; 1.000000, 1.000000, 1.000000;;,
      21;3; 1.000000, 1.000000, 1.000000;;,
      22;3; 1.000000, 1.000000, 1.000000;;,
      23;3; 1.000000, 1.000000, 1.000000;;,
      24;3; 1.000000, 1.000000, 1.000000;;,
      25;3; 1.000000, 1.000000, 1.000000;;,
      26;3; 1.000000, 1.000000, 1.000000;;,
      27;3; 1.000000, 1.000000, 1.000000;;,
      28;3; 1.000000, 1.000000, 1.000000;;,
      29;3; 1.000000, 1.000000, 1.000000;;,
      30;3; 1.000000, 1.000000, 1.000000;;;
    }
    AnimationKey { // Position
      2;
      31;
      0;3; 0.000000, 0.000019, 0.000000;;,
      1;3; 0.000000, 0.000019, 0.000000;;,
      2;3; 0.000000, 0.000019, 0.000000;;,
      3;3; 0.000000, 0.000019, 0.000000;;,
      4;3; 0.000000, 0.000019, 0.000000;;,
      5;3; 0.000000, 0.000019, 0.000000;;,
      6;3; 0.000000, 0.000019, 0.000000;;,
      7;3; 0.000000, 0.000019, 0.000000;;,
      8;3; 0.000000, 0.000019, 0.000000;;,
      9;3; 0.000000, 0.000019, 0.000000;;,
      10;3; 0.000000, 0.000019, 0.000000;;,
      11;3; 0.000000, 0.000019, 0.000000;;,
      12;3; 0.000000, 0.000019, 0.000000;;,
      13;3; 0.000000, 0.000019, 0.000000;;,
      14;3; 0.000000, 0.000019, 0.000000;;,
      15;3; 0.000000, 0.000019, 0.000000;;,
      16;3; 0.000000, 0.000019, 0.000000;;,
      17;3; 0.000000, 0.000019, 0.000000;;,
      18;3; 0.000000, 0.000019, 0.000000;;,
      19;3; 0.000000, 0.000019, 0.000000;;,
      20;3; 0.000000, 0.000019, 0.000000;;,
      21;3; 0.000000, 0.000019, 0.000000;;,
      22;3; 0.000000, 0.000019, 0.000000;;,
      23;3; 0.000000, 0.000019, 0.000000;;,
      24;3; 0.000000, 0.000019, 0.000000;;,
      25;3; 0.000000, 0.000019, 0.000000;;,
      26;3; 0.000000, 0.000019, 0.000000;;,
      27;3; 0.000000, 0.000019, 0.000000;;,
      28;3; 0.000000, 0.000019, 0.000000;;,
      29;3; 0.000000, 0.000019, 0.000000;;,
      30;3; 0.000000, 0.000019, 0.000000;;;
    }
  }
  Animation {
    {Armature_pelvis}
    AnimationKey { // Rotation
      0;
      31;
      0;4;-0.376414,-0.237235, 0.847759, 0.288682;;,
      1;4;-0.433273,-0.227435, 0.791790, 0.365537;;,
      2;4;-0.477615,-0.201073, 0.743050, 0.423474;;,
      3;4;-0.506530,-0.140499, 0.701607, 0.481077;;,
      4;4;-0.515352,-0.084530, 0.649890, 0.552186;;,
      5;4;-0.510909,-0.046107, 0.593913, 0.619769;;,
      6;4;-0.500052,-0.019429, 0.539626, 0.677033;;,
      7;4;-0.514690,-0.016185, 0.481392, 0.709291;;,
      8;4;-0.530448,-0.005148, 0.432978, 0.728786;;,
      9;4;-0.549016, 0.005806, 0.385782, 0.741431;;,
      10;4;-0.567110, 0.021569, 0.344236, 0.747945;;,
      11;4;-0.579181, 0.042274, 0.308617, 0.753338;;,
      12;4;-0.589048, 0.064872, 0.281162, 0.754826;;,
      13;4;-0.596950, 0.083028, 0.261681, 0.753844;;,
      14;4;-0.603579, 0.096561, 0.247152, 0.751854;;,
      15;4;-0.609958, 0.105797, 0.238111, 0.748373;;,
      16;4;-0.621840, 0.111893, 0.233117, 0.739224;;,
      17;4;-0.634798, 0.118629, 0.228916, 0.728393;;,
      18;4;-0.648235, 0.125227, 0.226073, 0.716241;;,
      19;4;-0.661855, 0.131621, 0.224351, 0.703058;;,
      20;4;-0.675003, 0.136430, 0.224774, 0.689373;;,
      21;4;-0.688109, 0.141861, 0.224885, 0.675136;;,
