xof 0303txt 0032

template XSkinMeshHeader {
  <3cf169ce-ff7c-44ab-93c0-f78f62d172e2>
  WORD nMaxSkinWeightsPerVertex;
  WORD nMaxSkinWeightsPerFace;
  WORD nBones;
}

template SkinWeights {
  <6f0d123b-bad2-4167-a0d0-80224f25fabb>
  STRING transformNodeName;
  DWORD nWeights;
  array DWORD vertexIndices[nWeights];
  array float weights[nWeights];
  Matrix4x4 matrixOffset;
}

Frame Root {
  FrameTransformMatrix {
     1.000000, 0.000000, 0.000000, 0.000000,
     0.000000,-0.000000, 1.000000, 0.000000,
     0.000000, 1.000000, 0.000000, 0.000000,
     0.000000, 0.000000, 0.000000, 1.000000;;
  }
  Frame Armature {
    FrameTransformMatrix {
       0.010000, 0.000000, 0.000000, 0.000000,
       0.000000,-0.000000, 0.010000, 0.000000,
       0.000000,-0.010000,-0.000000, 0.000000,
       0.000000, 0.000000, 0.000000, 1.000000;;
    }
    Frame Armature_root {
      FrameTransformMatrix {
         1.000000, 0.000000, 0.000000, 0.000000,
         0.000000, 1.000000,-0.000000, 0.000000,
         0.000000, 0.000000, 1.000000, 0.000000,
         0.000000, 0.000000, 0.000000, 1.000000;;
      }
      Frame Armature_ik_foot_root {
        FrameTransformMatrix {
           0.000000,-0.000000,-1.000000, 0.000000,
           1.000000, 0.000000, 0.000000, 0.000000,
           0.000000,-1.000000, 0.000000, 0.000000,
           0.000000, 0.000000, 0.000000, 1.000000;;
        }
        Frame Armature_ik_foot_l {
          FrameTransformMatrix {
            -0.190698, 0.566130, 0.801955, 0.000000,
             0.850093,-0.313292, 0.423309, 0.000000,
             0.490894, 0.762460,-0.421518, 0.000000,
            -30.539913, 1.886147,-66.104317, 1.000000;;
          }
        } // End of Armature_ik_foot_l
        Frame Armature_ik_foot_r {
          FrameTransformMatrix {
            -0.675958, 0.731601,-0.088550, 0.000000,
             0.706102, 0.677375, 0.206356, 0.000000,
             0.210952, 0.076962,-0.974462, 0.000000,
            -40.022655,17.502775,-25.302816, 1.000000;;
          }
        } // End of Armature_ik_foot_r
      } // End of Armature_ik_foot_root
      Frame Armature_ik_hand_root {
        FrameTransformMatrix {
           1.000000, 0.000000, 0.000000, 0.000000,
           0.000000, 1.000000,-0.000000, 0.000000,
           0.000000, 0.000000, 1.000000, 0.000000,
           0.000000, 0.000000, 0.000000, 1.000000;;
        }
        Frame Armature_ik_hand_gun {
          FrameTransformMatrix {
             0.673600,-0.560337,-0.481961, 0.000000,
             0.730231, 0.605255, 0.316907, 0.000000,
             0.114134,-0.565411, 0.816875, 0.000000,
            -86.216270,38.834766, 2.212606, 1.000000;;
          }
          Frame Armature_ik_hand_l {
            FrameTransformMatrix {
              -0.570061, 0.621159,-0.537766, 0.000000,
               0.678749,-0.012770,-0.734260, 0.000000,
              -0.462960,-0.783580,-0.414331, 0.000000,
              60.705463,74.936951,-19.798178, 1.000000;;
            }
          } // End of Armature_ik_hand_l
          Frame Armature_ik_hand_r {
            FrameTransformMatrix {
               1.000000,-0.000000,-0.000000, 0.000000,
               0.000000, 1.000000, 0.000000, 0.000000,
               0.000000,-0.000000, 1.000000, 0.000000,
              -0.000011, 0.000019, 0.000000, 1.000000;;
            }
          } // End of Armature_ik_hand_r
        } // End of Armature_ik_hand_gun
      } // End of Armature_ik_hand_root
      Frame Armature_pelvis {
        FrameTransformMatrix {
          -0.521096,-0.043407,-0.852394, 0.000000,
          -0.676916, 0.629312, 0.381774, 0.000000,
           0.519850, 0.775940,-0.357315, 0.000000,
          -1.997871,20.413307,-7.942596, 1.000000;;
        }
        Frame Armature_spine_01 {
          FrameTransformMatrix {
             0.360247,-0.932785, 0.011563, 0.000000,
             0.932230, 0.360432, 0.032175, 0.000000,
            -0.034180,-0.000811, 0.999415, 0.000000,
            10.808879, 0.851416, 0.000002, 1.000000;;
          }
          Frame Armature_spine_02 {
            FrameTransformMatrix {
               0.983227, 0.182123, 0.009757, 0.000000,
              -0.182335, 0.980314, 0.075759, 0.000000,
               0.004232,-0.076268, 0.997078, 0.000000,
               3.801906,18.812689,-0.004723, 1.000000;;
            }
            Frame Armature_spine_03 {
              FrameTransformMatrix {
                 0.946337, 0.323166, 0.003226, 0.000000,
                -0.322567, 0.943872, 0.071111, 0.000000,
                 0.019935,-0.068336, 0.997463, 0.000000,
                 0.420704,13.412393, 0.003532, 1.000000;;
              }
              Frame Armature_clavicle_l {
                FrameTransformMatrix {
                   0.940364, 0.143158,-0.308579, 0.000000,
                   0.306249, 0.038595, 0.951169, 0.000000,
                   0.148077,-0.988947,-0.007548, 0.000000,
                  -2.732091,11.883686, 3.781985, 1.000000;;
                }
                Frame Armature_upperarm_l {
                  FrameTransformMatrix {
                     0.877705, 0.130069, 0.461211, 0.000000,
                    -0.473474, 0.383734, 0.792825, 0.000000,
                    -0.073860,-0.914238, 0.398389, 0.000000,
                    -0.000001,15.784874, 0.000004, 1.000000;;
                  }
                  Frame Armature_lowerarm_l {
                    FrameTransformMatrix {
                       0.404199, 0.914671, 0.000000, 0.000000,
                      -0.914671, 0.404199, 0.000000, 0.000000,
                       0.000000,-0.000000, 1.000000, 0.000000,
                      -0.000001,30.339943, 0.000001, 1.000000;;
                    }
                    Frame Armature_hand_l {
                      FrameTransformMatrix {
                        -0.346131, 0.648230, 0.678227, 0.000000,
                        -0.296486, 0.610287,-0.734606, 0.000000,
                        -0.890106,-0.455354,-0.019048, 0.000000,
                        -0.000003,26.975161, 0.000002, 1.000000;;
                      }
                      Frame Armature_index_01_l {
                        FrameTransformMatrix {
                           0.962686,-0.075424,-0.259897, 0.000000,
                           0.096471, 0.992928, 0.069185, 0.000000,
                           0.252841,-0.091676, 0.963155, 0.000000,
                           1.763469,12.068121, 2.109403, 1.000000;;
                        }
                        Frame Armature_index_02_l {
                          FrameTransformMatrix {
                             0.976117,-0.214979,-0.031299, 0.000000,
                             0.216668, 0.973863, 0.068153, 0.000000,
                             0.015830,-0.073307, 0.997184, 0.000000,
                             0.000002, 4.287494, 0.000000, 1.000000;;
                          }
                          Frame Armature_index_03_l {
                            FrameTransformMatrix {
                               0.999773,-0.000000,-0.021295, 0.000000,
                               0.000000, 1.000000, 0.000000, 0.000000,
                               0.021295,-0.000000, 0.999773, 0.000000,
                               0.000002, 3.393797, 0.000001, 1.000000;;
                            }
                          } // End of Armature_index_03_l
                        } // End of Armature_index_02_l
                      } // End of Armature_index_01_l
                      Frame Armature_middle_01_l {
                        FrameTransformMatrix {
                           0.945672,-0.321422,-0.048901, 0.000000,
                           0.306120, 0.930941,-0.199098, 0.000000,
                           0.109519, 0.173312, 0.978759, 0.000000,
                           1.293649,12.244286,-0.571159, 1.000000;;
                        }
                        Frame Armature_middle_02_l {
                          FrameTransformMatrix {
                             0.949850,-0.311461, 0.027869, 0.000000,
                             0.308540, 0.947966, 0.078502, 0.000000,
                            -0.050869,-0.065966, 0.996524, 0.000000,
                            -0.000003, 4.640380,-0.000002, 1.000000;;
                          }
                          Frame Armature_middle_03_l {
                            FrameTransformMatrix {
                               0.999995,-0.000002,-0.003274, 0.000000,
                               0.000002, 1.000000, 0.000000, 0.000000,
                               0.003274,-0.000000, 0.999995, 0.000000,
                              -0.000007, 3.648855, 0.000000, 1.000000;;
                            }
                          } // End of Armature_middle_03_l
                        } // End of Armature_middle_02_l
                      } // End of Armature_middle_01_l
                      Frame Armature_pinky_01_l {
                        FrameTransformMatrix {
                           0.776959,-0.506263, 0.374209, 0.000000,
                           0.616134, 0.733550,-0.286849, 0.000000,
                          -0.129280, 0.453433, 0.881865, 0.000000,
                           2.263155,10.140671,-4.643148, 1.000000;;
                        }
                        Frame Armature_pinky_02_l {
                          FrameTransformMatrix {
                             0.804117,-0.593118,-0.040083, 0.000000,
                             0.593299, 0.804937,-0.008497, 0.000000,
                             0.037304,-0.016949, 0.999160, 0.000000,
                            -0.000005, 3.570991, 0.000001, 1.000000;;
                          }
                          Frame Armature_pinky_03_l {
                            FrameTransformMatrix {
                               0.999974, 0.000003,-0.007165, 0.000000,
                              -0.000003, 1.000000, 0.000001, 0.000000,
                               0.007165,-0.000000, 0.999974, 0.000000,
                               0.000006, 2.985633,-0.000002, 1.000000;;
                            }
                          } // End of Armature_pinky_03_l
                        } // End of Armature_pinky_02_l
                      } // End of Armature_pinky_01_l
                      Frame Armature_ring_01_l {
                        FrameTransformMatrix {
                           0.815219,-0.505997, 0.281753, 0.000000,
                           0.570028, 0.787041,-0.235870, 0.000000,
                          -0.102401, 0.352893, 0.930043, 0.000000,
                           1.753531,11.497894,-2.846910, 1.000000;;
                        }
                        Frame Armature_ring_02_l {
                          FrameTransformMatrix {
                             0.876722,-0.480839,-0.012355, 0.000000,
                             0.480899, 0.876773, 0.002315, 0.000000,
                             0.009720,-0.007971, 0.999921, 0.000000,
                             0.000006, 4.430180, 0.000002, 1.000000;;
                          }
                          Frame Armature_ring_03_l {
                            FrameTransformMatrix {
                               1.000000, 0.000002, 0.000400, 0.000000,
                              -0.000002, 1.000000,-0.000001, 0.000000,
                              -0.000400, 0.000001, 1.000000, 0.000000,
                               0.000002, 3.476654, 0.000001, 1.000000;;
                            }
                          } // End of Armature_ring_03_l
                        } // End of Armature_ring_02_l
                      } // End of Armature_ring_01_l
                      Frame Armature_thumb_01_l {
                        FrameTransformMatrix {
                           0.146419, 0.523744,-0.839198, 0.000000,
                           0.584670, 0.638489, 0.500492, 0.000000,
                           0.797949,-0.563935,-0.212730, 0.000000,
                           2.374987, 4.762037, 2.537825, 1.000000;;
                        }
                        Frame Armature_thumb_02_l {
                          FrameTransformMatrix {
                             0.999976,-0.001898,-0.006682, 0.000000,
                             0.001800, 0.999890,-0.014697, 0.000000,
                             0.006709, 0.014684, 0.999870, 0.000000,
                            -0.000004, 3.869672,-0.000003, 1.000000;;
                          }
                          Frame Armature_thumb_03_l {
                            FrameTransformMatrix {
                               0.999073, 0.000000,-0.043039, 0.000000,
                              -0.000000, 1.000000, 0.000000, 0.000000,
                               0.043039,-0.000000, 0.999073, 0.000000,
                              -0.000003, 4.062179, 0.000002, 1.000000;;
                            }
                          } // End of Armature_thumb_03_l
                        } // End of Armature_thumb_02_l
                      } // End of Armature_thumb_01_l
                    } // End of Armature_hand_l
                    Frame Armature_lowerarm_twist_01_l {
                      FrameTransformMatrix {
                         0.982348, 0.000000, 0.187062, 0.000000,
                        -0.000000, 1.000000,-0.000000, 0.000000,
                        -0.187062, 0.000000, 0.982348, 0.000000,
                        -0.000002,14.000007,-0.000004, 1.000000;;
                      }
                    } // End of Armature_lowerarm_twist_01_l
                  } // End of Armature_lowerarm_l
                  Frame Armature_upperarm_twist_01_l {
                    FrameTransformMatrix {
                       0.783410, 0.000000,-0.621506, 0.000000,
                       0.000000, 1.000000, 0.000000, 0.000000,
                       0.621506,-0.000000, 0.783410, 0.000000,
                       0.000000, 0.500003,-0.000005, 1.000000;;
                    }
                  } // End of Armature_upperarm_twist_01_l
                } // End of Armature_upperarm_l
              } // End of Armature_clavicle_l
              Frame Armature_clavicle_r {
                FrameTransformMatrix {
                  -0.981972,-0.132496, 0.134818, 0.000000,
                  -0.142035, 0.046567,-0.988766, 0.000000,
                   0.124730,-0.990089,-0.064547, 0.000000,
                  -2.732106,11.883780,-3.782002, 1.000000;;
                }
                Frame Armature_upperarm_r {
                  FrameTransformMatrix {
                     0.092198,-0.363583,-0.926988, 0.000000,
                     0.708731, 0.677881,-0.195388, 0.000000,
                     0.699428,-0.638971, 0.320182, 0.000000,
                    -0.000057,15.784746, 0.000080, 1.000000;;
                  }
                  Frame Armature_lowerarm_r {
                    FrameTransformMatrix {
                       0.661948,-0.744445,-0.087333, 0.000000,
                       0.743376, 0.666948,-0.050720, 0.000000,
                       0.096005,-0.031347, 0.994887, 0.000000,
                       0.000003,30.340063,-0.000001, 1.000000;;
                    }
                    Frame Armature_hand_r {
                      FrameTransformMatrix {
                        -0.108806, 0.000209,-0.994063, 0.000000,
                        -0.123366, 0.992266, 0.013712, 0.000000,
                         0.986378, 0.124125,-0.107938, 0.000000,
                        -0.000002,26.975248,-0.000004, 1.000000;;
                      }
                      Frame Armature_index_01_r {
                        FrameTransformMatrix {
                           0.680581, 0.711086, 0.176542, 0.000000,
                          -0.685835, 0.703072,-0.187937, 0.000000,
                          -0.257761, 0.006827, 0.966185, 0.000000,
                          -1.763750,12.067958, 2.109439, 1.000000;;
                        }
                        Frame Armature_index_02_r {
                          FrameTransformMatrix {
                            -0.096418, 0.990319, 0.099859, 0.000000,
                            -0.995295,-0.094969,-0.019175, 0.000000,
                            -0.009506,-0.101239, 0.994817, 0.000000,
                             0.000094, 4.287689,-0.000075, 1.000000;;
                          }
                          Frame Armature_index_03_r {
                            FrameTransformMatrix {
                               0.666916, 0.744997, 0.014205, 0.000000,
                              -0.744829, 0.667067,-0.015866, 0.000000,
                              -0.021295, 0.000001, 0.999773, 0.000000,
                               0.000124, 3.393796,-0.000011, 1.000000;;
                            }
                          } // End of Armature_index_03_r
                        } // End of Armature_index_02_r
                      } // End of Armature_index_01_r
                      Frame Armature_middle_01_r {
                        FrameTransformMatrix {
                           0.441931, 0.896671,-0.026035, 0.000000,
                          -0.895749, 0.439542,-0.066611, 0.000000,
                          -0.048285, 0.052758, 0.997439, 0.000000,
                          -1.293755,12.244125,-0.571123, 1.000000;;
                        }
                        Frame Armature_middle_02_r {
                          FrameTransformMatrix {
                             0.178864, 0.979905, 0.088286, 0.000000,
                            -0.981563, 0.171578, 0.084232, 0.000000,
                             0.067391,-0.101724, 0.992527, 0.000000,
                            -0.000150, 4.640583, 0.000004, 1.000000;;
                          }
                          Frame Armature_middle_03_r {
                            FrameTransformMatrix {
                               0.131028, 0.991379, 0.000429, 0.000000,
                              -0.991373, 0.131028,-0.003244, 0.000000,
                              -0.003273,-0.000001, 0.999995, 0.000000,
                               0.000041, 3.648920,-0.000003, 1.000000;;
                            }
                          } // End of Armature_middle_03_r
                        } // End of Armature_middle_02_r
                      } // End of Armature_middle_01_r
                      Frame Armature_pinky_01_r {
                        FrameTransformMatrix {
                           0.827082, 0.473667,-0.302614, 0.000000,
                          -0.535493, 0.827640,-0.168105, 0.000000,
                           0.170830, 0.301084, 0.938171, 0.000000,
                          -2.263393,10.140600,-4.643089, 1.000000;;
                        }
                        Frame Armature_pinky_02_r {
                          FrameTransformMatrix {
                             0.135759, 0.989591, 0.047732, 0.000000,
                            -0.990283, 0.137004,-0.023853, 0.000000,
                            -0.030144,-0.044030, 0.998575, 0.000000,
                            -0.000083, 3.571056,-0.000011, 1.000000;;
                          }
                          Frame Armature_pinky_03_r {
                            FrameTransformMatrix {
                              -0.138523, 0.990359,-0.000993, 0.000000,
                              -0.990333,-0.138526,-0.007093, 0.000000,
                              -0.007162, 0.000001, 0.999974, 0.000000,
                               0.000327, 2.985420,-0.000037, 1.000000;;
                            }
                          } // End of Armature_pinky_03_r
                        } // End of Armature_pinky_02_r
                      } // End of Armature_pinky_01_r
                      Frame Armature_ring_01_r {
                        FrameTransformMatrix {
                           0.488693, 0.835028,-0.252801, 0.000000,
                          -0.863051, 0.505117, 0.000075, 0.000000,
                           0.127757, 0.218143, 0.967518, 0.000000,
                          -1.753798,11.497984,-2.846909, 1.000000;;
                        }
                        Frame Armature_ring_02_r {
                          FrameTransformMatrix {
                            -0.098076, 0.994968, 0.020464, 0.000000,
                            -0.995158,-0.097921,-0.008487, 0.000000,
                            -0.006441,-0.021197, 0.999755, 0.000000,
                             0.000081, 4.429868,-0.000014, 1.000000;;
                          }
                          Frame Armature_ring_03_r {
                            FrameTransformMatrix {
                               0.264059, 0.964507,-0.000106, 0.000000,
                              -0.964506, 0.264059, 0.000387, 0.000000,
                               0.000401,-0.000000, 1.000000, 0.000000,
                               0.000073, 3.476656,-0.000007, 1.000000;;
                            }
                          } // End of Armature_ring_03_r
                        } // End of Armature_ring_02_r
                      } // End of Armature_ring_01_r
                      Frame Armature_thumb_01_r {
                        FrameTransformMatrix {
                           0.166765,-0.399675, 0.901360, 0.000000,
                          -0.684860, 0.610703, 0.397503, 0.000000,
                          -0.709335,-0.683595,-0.171877, 0.000000,
                          -2.375139, 4.762132, 2.537812, 1.000000;;
                        }
                        Frame Armature_thumb_02_r {
                          FrameTransformMatrix {
                             0.809496, 0.587037, 0.010213, 0.000000,
                            -0.587123, 0.809317, 0.017122, 0.000000,
                             0.001786,-0.019856, 0.999801, 0.000000,
                             0.000113, 3.869578, 0.000043, 1.000000;;
                          }
                          Frame Armature_thumb_03_r {
                            FrameTransformMatrix {
                               0.696233, 0.717189, 0.029993, 0.000000,
                              -0.716525, 0.696879,-0.030868, 0.000000,
                              -0.043040, 0.000001, 0.999073, 0.000000,
                               0.000003, 4.062189, 0.000009, 1.000000;;
                            }
                          } // End of Armature_thumb_03_r
                        } // End of Armature_thumb_02_r
                      } // End of Armature_thumb_01_r
                      Frame Armature_weapon_r {
                        FrameTransformMatrix {
                          -0.005470,-0.000003,-0.999985, 0.000000,
                          -0.000002,-1.000000, 0.000003, 0.000000,
                          -0.999985, 0.000002, 0.005470, 0.000000,
                          -4.667011,11.309021,-1.093000, 1.000000;;
                        }
                      } // End of Armature_weapon_r
                    } // End of Armature_hand_r
                    Frame Armature_lowerarm_twist_01_r {
                      FrameTransformMatrix {
                         0.957247,-0.000000,-0.289271, 0.000000,
                         0.000000, 1.000000, 0.000000, 0.000000,
                         0.289271,-0.000000, 0.957247, 0.000000,
                         0.000026,14.000000,-0.000001, 1.000000;;
                      }
                    } // End of Armature_lowerarm_twist_01_r
                  } // End of Armature_lowerarm_r
                  Frame Armature_upperarm_twist_01_r {
                    FrameTransformMatrix {
                       0.634432, 0.000000, 0.772978, 0.000000,
                      -0.000000, 1.000000,-0.000000, 0.000000,
                      -0.772979,-0.000000, 0.634432, 0.000000,
                      -0.000000, 0.500007,-0.000002, 1.000000;;
                    }
                  } // End of Armature_upperarm_twist_01_r
                } // End of Armature_upperarm_r
              } // End of Armature_clavicle_r
              Frame Armature_neck_01 {
                FrameTransformMatrix {
                   0.622007, 0.769393,-0.145402, 0.000000,
                  -0.764559, 0.636861, 0.099284, 0.000000,
                   0.168990, 0.049413, 0.984378, 0.000000,
                   1.245853,14.479800,-0.688069, 1.000000;;
                }
                Frame Armature_head {
                  FrameTransformMatrix {
                     0.936459,-0.347892,-0.044904, 0.000000,
                     0.337712, 0.928772,-0.152750, 0.000000,
                     0.094846, 0.127880, 0.987244, 0.000000,
                     0.313764, 8.879614,-0.701200, 1.000000;;
                  }
                } // End of Armature_head
              } // End of Armature_neck_01
            } // End of Armature_spine_03
          } // End of Armature_spine_02
        } // End of Armature_spine_01
        Frame Armature_sword_holder {
          FrameTransformMatrix {
            -0.861868, 0.422076, 0.281137, 0.000000,
            -0.290595,-0.865354, 0.408309, 0.000000,
             0.415621, 0.270211, 0.868473, 0.000000,
            18.267786,10.429474,16.410681, 1.000000;;
          }
        } // End of Armature_sword_holder
        Frame Armature_thigh_l {
          FrameTransformMatrix {
            -0.958005, 0.211258,-0.193900, 0.000000,
             0.098239, 0.877068, 0.470213, 0.000000,
             0.269400, 0.431418,-0.860989, 0.000000,
            -1.448827, 0.531423, 9.005812, 1.000000;;
          }
          Frame Armature_calf_l {
            FrameTransformMatrix {
              -0.081063,-0.994473, 0.066724, 0.000000,
               0.988727,-0.088689,-0.120637, 0.000000,
               0.125888, 0.056192, 0.990452, 0.000000,
              -0.210737,42.343349, 0.032296, 1.000000;;
            }
            Frame Armature_calf_twist_01_l {
              FrameTransformMatrix {
                 0.998654,-0.015407,-0.049531, 0.000000,
                 0.015236, 0.999877,-0.003824, 0.000000,
                 0.049584, 0.003064, 0.998765, 0.000000,
                 0.000001,20.476776, 0.000001, 1.000000;;
              }
            } // End of Armature_calf_twist_01_l
            Frame Armature_foot_l {
              FrameTransformMatrix {
                 0.419709,-0.901393, 0.106465, 0.000000,
                -0.904067,-0.404737, 0.137301, 0.000000,
                -0.080672,-0.153878,-0.984791, 0.000000,
                -0.000324,40.196598,-0.000225, 1.000000;;
              }
              Frame Armature_ball_l {
                FrameTransformMatrix {
                   0.012365, 0.999923, 0.000148, 0.000000,
                  -0.999923, 0.012365, 0.000075, 0.000000,
                   0.000073,-0.000149, 1.000000, 0.000000,
                  -10.453844,16.577854,-0.080154, 1.000000;;
                }
              } // End of Armature_ball_l
            } // End of Armature_foot_l
          } // End of Armature_calf_l
          Frame Armature_thigh_twist_01_l {
            FrameTransformMatrix {
               0.893086,-0.000880,-0.449885, 0.000000,
               0.000983, 1.000000,-0.000004, 0.000000,
               0.449885,-0.000439, 0.893086, 0.000000,
               0.000001,22.094244, 0.000001, 1.000000;;
            }
          } // End of Armature_thigh_twist_01_l
        } // End of Armature_thigh_l
        Frame Armature_thigh_r {
          FrameTransformMatrix {
             0.814880, 0.500909,-0.291652, 0.000000,
            -0.529684, 0.847863,-0.023750, 0.000000,
             0.235384, 0.173836, 0.956230, 0.000000,
            -1.448643, 0.531425,-9.005803, 1.000000;;
          }
          Frame Armature_calf_r {
            FrameTransformMatrix {
              -0.230143, 0.969232,-0.087317, 0.000000,
              -0.963272,-0.239642,-0.121153, 0.000000,
              -0.138350, 0.056228, 0.988786, 0.000000,
               0.247124,42.349571, 0.037319, 1.000000;;
            }
            Frame Armature_calf_twist_01_r {
              FrameTransformMatrix {
                 0.999854, 0.015205,-0.007760, 0.000000,
                -0.015235, 0.999877,-0.003825, 0.000000,
                 0.007701, 0.003942, 0.999962, 0.000000,
                -0.000000,20.476919, 0.000002, 1.000000;;
              }
            } // End of Armature_calf_twist_01_r
            Frame Armature_foot_r {
              FrameTransformMatrix {
                -0.796930, 0.504800, 0.331783, 0.000000,
                 0.559548, 0.823834, 0.090570, 0.000000,
                -0.227615, 0.257827,-0.938998, 0.000000,
                -0.001099,40.196190, 0.000310, 1.000000;;
              }
              Frame Armature_ball_r {
                FrameTransformMatrix {
                   0.130518,-0.991446, 0.000584, 0.000000,
                   0.991446, 0.130518,-0.000006, 0.000000,
                  -0.000070, 0.000579, 1.000000, 0.000000,
                  10.453817,16.577799,-0.080161, 1.000000;;
                }
              } // End of Armature_ball_r
            } // End of Armature_foot_r
          } // End of Armature_calf_r
          Frame Armature_thigh_twist_01_r {
            FrameTransformMatrix {
               0.913013, 0.000899, 0.407931, 0.000000,
              -0.000983, 1.000000,-0.000003, 0.000000,
              -0.407930,-0.000398, 0.913013, 0.000000,
              -0.000000,22.094238, 0.000001, 1.000000;;
            }
          } // End of Armature_thigh_twist_01_r
        } // End of Armature_thigh_r
      } // End of Armature_pelvis
    } // End of Armature_root
  } // End of Armature
} // End of Root
AnimationSet Global {
  Animation {
    {Armature}
    AnimationKey { // Rotation
      0;
      19;
      0;4;-0.707107, 0.707107, 0.000000, 0.000000;;,
      1;4;-0.707107, 0.707107, 0.000000, 0.000000;;,
      2;4;-0.707107, 0.707107, 0.000000, 0.000000;;,
      3;4;-0.707107, 0.707107, 0.000000, 0.000000;;,
      4;4;-0.707107, 0.707107, 0.000000, 0.000000;;,
      5;4;-0.707107, 0.707107, 0.000000, 0.000000;;,
      6;4;-0.707107, 0.707107, 0.000000, 0.000000;;,
      7;4;-0.707107, 0.707107, 0.000000, 0.000000;;,
      8;4;-0.707107, 0.707107, 0.000000, 0.000000;;,
      9;4;-0.707107, 0.707107, 0.000000, 0.000000;;,
      10;4;-0.707107, 0.707107, 0.000000, 0.000000;;,
      11;4;-0.707107, 0.707107, 0.000000, 0.000000;;,
      12;4;-0.707107, 0.707107, 0.000000, 0.000000;;,
      13;4;-0.707107, 0.707107, 0.000000, 0.000000;;,
      14;4;-0.707107, 0.707107, 0.000000, 0.000000;;,
      15;4;-0.707107, 0.707107, 0.000000, 0.000000;;,
      16;4;-0.707107, 0.707107, 0.000000, 0.000000;;,
      17;4;-0.707107, 0.707107, 0.000000, 0.000000;;,
      18;4;-0.707107, 0.707107, 0.000000, 0.000000;;;
    }
    AnimationKey { // Scale
      1;
      19;
      0;3; 0.010000, 0.010000, 0.010000;;,
      1;3; 0.010000, 0.010000, 0.010000;;,
      2;3; 0.010000, 0.010000, 0.010000;;,
      3;3; 0.010000, 0.010000, 0.010000;;,
      4;3; 0.010000, 0.010000, 0.010000;;,
      5;3; 0.010000, 0.010000, 0.010000;;,
      6;3; 0.010000, 0.010000, 0.010000;;,
      7;3; 0.010000, 0.010000, 0.010000;;,
      8;3; 0.010000, 0.010000, 0.010000;;,
      9;3; 0.010000, 0.010000, 0.010000;;,
      10;3; 0.010000, 0.010000, 0.010000;;,
      11;3; 0.010000, 0.010000, 0.010000;;,
      12;3; 0.010000, 0.010000, 0.010000;;,
      13;3; 0.010000, 0.010000, 0.010000;;,
      14;3; 0.010000, 0.010000, 0.010000;;,
      15;3; 0.010000, 0.010000, 0.010000;;,
      16;3; 0.010000, 0.010000, 0.010000;;,
      17;3; 0.010000, 0.010000, 0.010000;;,
      18;3; 0.010000, 0.010000, 0.010000;;;
    }
    AnimationKey { // Position
      2;
      19;
      0;3; 0.000000, 0.000000, 0.000000;;,
      1;3; 0.000000, 0.000000, 0.000000;;,
      2;3; 0.000000, 0.000000, 0.000000;;,
      3;3; 0.000000, 0.000000, 0.000000;;,
      4;3; 0.000000, 0.000000, 0.000000;;,
      5;3; 0.000000, 0.000000, 0.000000;;,
      6;3; 0.000000, 0.000000, 0.000000;;,
      7;3; 0.000000, 0.000000, 0.000000;;,
      8;3; 0.000000, 0.000000, 0.000000;;,
      9;3; 0.000000, 0.000000, 0.000000;;,
      10;3; 0.000000, 0.000000, 0.000000;;,
      11;3; 0.000000, 0.000000, 0.000000;;,
      12;3; 0.000000, 0.000000, 0.000000;;,
      13;3; 0.000000, 0.000000, 0.000000;;,
      14;3; 0.000000, 0.000000, 0.000000;;,
      15;3; 0.000000, 0.000000, 0.000000;;,
      16;3; 0.000000, 0.000000, 0.000000;;,
      17;3; 0.000000, 0.000000, 0.000000;;,
      18;3; 0.000000, 0.000000, 0.000000;;;
    }
  }
  Animation {
    {Armature_root}
    AnimationKey { // Rotation
      0;
      19;
      0;4;-1.000000,-0.000000, 0.000000, 0.000000;;,
      1;4;-1.000000,-0.000000, 0.000000, 0.000000;;,
      2;4;-1.000000,-0.000000, 0.000000, 0.000000;;,
      3;4;-1.000000,-0.000000, 0.000000, 0.000000;;,
      4;4;-1.000000,-0.000000, 0.000000, 0.000000;;,
      5;4;-1.000000,-0.000000, 0.000000, 0.000000;;,
      6;4;-1.000000,-0.000000, 0.000000, 0.000000;;,
      7;4;-1.000000,-0.000000, 0.000000, 0.000000;;,
      8;4;-1.000000,-0.000000, 0.000000, 0.000000;;,
      9;4;-1.000000,-0.000000, 0.000000, 0.000000;;,
      10;4;-1.000000,-0.000000, 0.000000, 0.000000;;,
      11;4;-1.000000,-0.000000, 0.000000, 0.000000;;,
      12;4;-1.000000,-0.000000, 0.000000, 0.000000;;,
      13;4;-1.000000,-0.000000, 0.000000, 0.000000;;,
      14;4;-1.000000,-0.000000, 0.000000, 0.000000;;,
      15;4;-1.000000,-0.000000, 0.000000, 0.000000;;,
      16;4;-1.000000,-0.000000, 0.000000, 0.000000;;,
      17;4;-1.000000,-0.000000, 0.000000, 0.000000;;,
      18;4;-1.000000,-0.000000, 0.000000, 0.000000;;;
    }
    AnimationKey { // Scale
      1;
      19;
      0;3; 1.000000, 1.000000, 1.000000;;,
      1;3; 1.000000, 1.000000, 1.000000;;,
      2;3; 1.000000, 1.000000, 1.000000;;,
      3;3; 1.000000, 1.000000, 1.000000;;,
      4;3; 1.000000, 1.000000, 1.000000;;,
      5;3; 1.000000, 1.000000, 1.000000;;,
      6;3; 1.000000, 1.000000, 1.000000;;,
      7;3; 1.000000, 1.000000, 1.000000;;,
      8;3; 1.000000, 1.000000, 1.000000;;,
      9;3; 1.000000, 1.000000, 1.000000;;,
      10;3; 1.000000, 1.000000, 1.000000;;,
      11;3; 1.000000, 1.000000, 1.000000;;,
      12;3; 1.000000, 1.000000, 1.000000;;,
      13;3; 1.000000, 1.000000, 1.000000;;,
      14;3; 1.000000, 1.000000, 1.000000;;,
      15;3; 1.000000, 1.000000, 1.000000;;,
      16;3; 1.000000, 1.000000, 1.000000;;,
      17;3; 1.000000, 1.000000, 1.000000;;,
      18;3; 1.000000, 1.000000, 1.000000;;;
    }
    AnimationKey { // Position
      2;
      19;
      0;3; 0.000000, 0.000000, 0.000000;;,
      1;3; 0.000000, 0.000000, 0.000000;;,
      2;3; 0.000000, 0.000000, 0.000000;;,
      3;3; 0.000000, 0.000000, 0.000000;;,
      4;3; 0.000000, 0.000000, 0.000000;;,
      5;3; 0.000000, 0.000000, 0.000000;;,
      6;3; 0.000000, 0.000000, 0.000000;;,
      7;3; 0.000000, 0.000000, 0.000000;;,
      8;3; 0.000000, 0.000000, 0.000000;;,
      9;3; 0.000000, 0.000000, 0.000000;;,
      10;3; 0.000000, 0.000000, 0.000000;;,
      11;3; 0.000000, 0.000000, 0.000000;;,
      12;3; 0.000000, 0.000000, 0.000000;;,
      13;3; 0.000000, 0.000000, 0.000000;;,
      14;3; 0.000000, 0.000000, 0.000000;;,
      15;3; 0.000000, 0.000000, 0.000000;;,
      16;3; 0.000000, 0.000000, 0.000000;;,
      17;3; 0.000000, 0.000000, 0.000000;;,
      18;3; 0.000000, 0.000000, 0.000000;;;
    }
  }
  Animation {
    {Armature_pelvis}
    AnimationKey { // Rotation
      0;
      19;
      0;4;-0.433273,-0.227435, 0.791790, 0.365537;;,
      1;4;-0.477615,-0.201073, 0.743050, 0.423474;;,
      2;4;-0.506531,-0.140498, 0.701607, 0.481077;;,
      3;4;-0.515352,-0.084530, 0.649890, 0.552186;;,
      4;4;-0.510909,-0.046107, 0.593913, 0.619769;;,
      5;4;-0.500052,-0.019429, 0.539626, 0.677033;;,
      6;4;-0.514690,-0.016185, 0.481392, 0.709291;;,
      7;4;-0.530448,-0.005148, 0.432978, 0.728786;;,
      8;4;-0.549016, 0.005806, 0.385782, 0.741431;;,
      9;4;-0.567111, 0.021569, 0.344236, 0.747945;;,
      10;4;-0.579181, 0.042274, 0.308617, 0.753338;;,
      11;4;-0.589048, 0.064872, 0.281162, 0.754826;;,
      12;4;-0.596950, 0.083028, 0.261681, 0.753844;;,
      13;4;-0.603579, 0.096562, 0.247152, 0.751854;;,
      14;4;-0.590671, 0.173499, 0.251173, 0.746939;;,
      15;4;-0.545323, 0.321063, 0.287682, 0.718874;;,
      16;4;-0.484290, 0.479805, 0.326192, 0.654866;;,
      17;4;-0.430347, 0.597894, 0.350171, 0.578536;;,
      18;4;-0.431700, 0.620538, 0.292072, 0.585885;;;
    }
    AnimationKey { // Scale
      1;
      19;
      0;3; 1.000000, 1.000000, 1.000000;;,
      1;3; 1.000000, 1.000000, 1.000000;;,
      2;3; 1.000000, 1.000000, 1.000000;;,
      3;3; 1.000000, 1.000000, 1.000000;;,
      4;3; 1.000000, 1.000000, 1.000000;;,
      5;3; 1.000000, 1.000000, 1.000000;;,
      6;3; 1.000000, 1.000000, 1.000000;;,
      7;3; 1.000000, 1.000000, 1.000000;;,
      8;3; 1.000000, 1.000000, 1.000000;;,
      9;3; 1.000000, 1.000000, 1.000000;;,
      10;3; 1.000000, 1.000000, 1.000000;;,
      11;3; 1.000000, 1.000000, 1.000000;;,
      12;3; 1.000000, 1.000000, 1.000000;;,
      13;3; 1.000000, 1.000000, 1.000000;;,
      14;3; 1.000000, 1.000000, 1.000000;;,
      15;3; 1.000000, 1.000000, 1.000000;;,
      16;3; 1.000000, 1.000000, 1.000000;;,
      17;3; 1.000000, 1.000000, 1.000000;;,
      18;3; 1.000000, 1.000000, 1.000000;;;
    }
    AnimationKey { // Position
      2;
      19;
      0;3;-1.997871,20.413307,-7.942596;;,
      1;3;-2.994889,17.173172,-10.111981;;,
      2;3;-1.984676,16.859917,-12.912908;;,
      3;3; 0.122127,16.815178,-15.551511;;,
      4;3; 2.947421,17.979752,-17.622450;;,
      5;3; 5.777835,20.183472,-18.628788;;,
      6;3; 7.501001,22.446388,-18.409092;;,
      7;3; 8.935787,25.128242,-17.812626;;,
      8;3;10.607604,28.286812,-16.835131;;,
      9;3;12.284461,31.848179,-15.614631;;,
      10;3;13.923723,35.829006,-14.410269;;,
      11;3;15.482759,40.015350,-12.854437;;,
      12;3;16.918919,44.258816,-10.528439;;,
      13;3;18.189571,49.703262,-7.844714;;,
      14;3;16.280199,58.205845,-5.322891;;,
      15;3;11.727073,68.105522,-2.513881;;,
      16;3; 6.292694,77.514275, 0.095400;;,
      17;3; 1.739567,84.544083, 2.018039;;,
      18;3;-0.169809,87.306908, 2.767121;;;
    }
  }
  Animation {
    {Armature_spine_01}
    AnimationKey { // Rotation
      0;
      19;
      0;4;-0.824635, 0.010000,-0.013868,-0.565406;;,
      1;4;-0.851866, 0.012410,-0.013738,-0.523433;;,
      2;4;-0.851810, 0.015225,-0.015530,-0.523400;;,
      3;4;-0.851651, 0.018255,-0.018927,-0.523450;;,
      4;4;-0.851381, 0.021576,-0.022721,-0.523612;;,
      5;4;-0.850936, 0.024930,-0.026941,-0.523986;;,
      6;4;-0.850305, 0.028152,-0.031302,-0.524603;;,
      7;4;-0.849459, 0.031070,-0.035528,-0.525539;;,
      8;4;-0.848377, 0.033510,-0.039348,-0.526864;;,
      9;4;-0.847040, 0.035298,-0.042495,-0.528650;;,
      10;4;-0.843788, 0.036060,-0.037639,-0.534139;;,
      11;4;-0.839952, 0.035757,-0.026251,-0.540845;;,
      12;4;-0.835351, 0.034735,-0.011237,-0.548503;;,
      13;4;-0.830020, 0.033314, 0.004523,-0.556719;;,
      14;4;-0.823746, 0.022005, 0.022109,-0.566101;;,
      15;4;-0.816768,-0.003131, 0.041799,-0.575442;;,
      16;4;-0.809187,-0.032794, 0.059883,-0.583571;;,
      17;4;-0.802619,-0.057464, 0.073068,-0.589205;;,
      18;4;-0.799792,-0.067740, 0.078211,-0.591293;;;
    }
    AnimationKey { // Scale
      1;
      19;
      0;3; 1.000000, 1.000000, 1.000000;;,
      1;3; 1.000000, 1.000000, 1.000000;;,
      2;3; 1.000000, 1.000000, 1.000000;;,
      3;3; 1.000000, 1.000000, 1.000000;;,
      4;3; 1.000000, 1.000000, 1.000000;;,
      5;3; 1.000000, 1.000000, 1.000000;;,
      6;3; 1.000000, 1.000000, 1.000000;;,
      7;3; 1.000000, 1.000000, 1.000000;;,
      8;3; 1.000000, 1.000000, 1.000000;;,
      9;3; 1.000000, 1.000000, 1.000000;;,
      10;3; 1.000000, 1.000000, 1.000000;;,
      11;3; 1.000000, 1.000000, 1.000000;;,
      12;3; 1.000000, 1.000000, 1.000000;;,
      13;3; 1.000000, 1.000000, 1.000000;;,
      14;3; 1.000000, 1.000000, 1.000000;;,
