xof 0303txt 0032

template XSkinMeshHeader {
  <3cf169ce-ff7c-44ab-93c0-f78f62d172e2>
  WORD nMaxSkinWeightsPerVertex;
  WORD nMaxSkinWeightsPerFace;
  WORD nBones;
}

template SkinWeights {
  <6f0d123b-bad2-4167-a0d0-80224f25fabb>
  STRING transformNodeName;
  DWORD nWeights;
  array DWORD vertexIndices[nWeights];
  array float weights[nWeights];
  Matrix4x4 matrixOffset;
}

Frame Root {
  FrameTransformMatrix {
     1.000000, 0.000000, 0.000000, 0.000000,
     0.000000,-0.000000, 1.000000, 0.000000,
     0.000000, 1.000000, 0.000000, 0.000000,
     0.000000, 0.000000, 0.000000, 1.000000;;
  }
  Frame Armature {
    FrameTransformMatrix {
       0.010000, 0.000000, 0.000000, 0.000000,
       0.000000,-0.000000, 0.010000, 0.000000,
       0.000000,-0.010000,-0.000000, 0.000000,
       0.000000, 0.000000, 0.000000, 1.000000;;
    }
    Frame Armature_root {
      FrameTransformMatrix {
         1.000000, 0.000000, 0.000000, 0.000000,
         0.000000, 1.000000,-0.000000, 0.000000,
         0.000000, 0.000000, 1.000000, 0.000000,
         0.000000, 0.000000, 0.000000, 1.000000;;
      }
      Frame Armature_ik_foot_root {
        FrameTransformMatrix {
           0.000000,-0.000000,-1.000000, 0.000000,
           1.000000, 0.000000, 0.000000, 0.000000,
           0.000000,-1.000000, 0.000000, 0.000000,
           0.000000, 0.000000, 0.000000, 1.000000;;
        }
        Frame Armature_ik_foot_l {
          FrameTransformMatrix {
            -0.457309, 0.713395, 0.530976, 0.000000,
             0.596763,-0.196505, 0.777984, 0.000000,
             0.659349, 0.672647,-0.335864, 0.000000,
            -9.823027,-5.166498,-81.861603, 1.000000;;
          }
        } // End of Armature_ik_foot_l
        Frame Armature_ik_foot_r {
          FrameTransformMatrix {
             0.026777, 0.867948,-0.495933, 0.000000,
             0.716337, 0.329372, 0.615123, 0.000000,
             0.697241,-0.371725,-0.612924, 0.000000,
            -22.476728,16.414253,-56.548836, 1.000000;;
          }
        } // End of Armature_ik_foot_r
      } // End of Armature_ik_foot_root
      Frame Armature_ik_hand_root {
        FrameTransformMatrix {
           1.000000, 0.000000, 0.000000, 0.000000,
           0.000000, 1.000000, 0.000000, 0.000000,
           0.000000, 0.000000, 1.000000, 0.000000,
           0.000000, 0.000000, 0.000000, 1.000000;;
        }
        Frame Armature_ik_hand_gun {
          FrameTransformMatrix {
            -0.643357,-0.560271,-0.521717, 0.000000,
             0.279287,-0.806277, 0.521455, 0.000000,
            -0.712804, 0.189773, 0.675201, 0.000000,
            -43.108124,57.564503,-2.576017, 1.000000;;
          }
          Frame Armature_ik_hand_l {
            FrameTransformMatrix {
              -0.445355, 0.122476, 0.886938, 0.000000,
               0.165647,-0.962229, 0.216048, 0.000000,
               0.879898, 0.243136, 0.408246, 0.000000,
              -8.407640,-13.062096,-47.822548, 1.000000;;
            }
          } // End of Armature_ik_hand_l
          Frame Armature_ik_hand_r {
            FrameTransformMatrix {
               1.000000,-0.000000, 0.000000, 0.000000,
               0.000000, 1.000000, 0.000000, 0.000000,
               0.000000,-0.000000, 1.000000, 0.000000,
              -0.000004,-0.000005,-0.000002, 1.000000;;
            }
          } // End of Armature_ik_hand_r
        } // End of Armature_ik_hand_gun
      } // End of Armature_ik_hand_root
      Frame Armature_pelvis {
        FrameTransformMatrix {
          -0.700045,-0.268025,-0.661891, 0.000000,
          -0.527544, 0.818808, 0.226387, 0.000000,
           0.481284, 0.507658,-0.714598, 0.000000,
           3.242725,28.983742,-2.957099, 1.000000;;
        }
        Frame Armature_spine_01 {
          FrameTransformMatrix {
             0.208309,-0.977768, 0.024024, 0.000000,
             0.977414, 0.209002, 0.031300, 0.000000,
            -0.035625, 0.016961, 0.999221, 0.000000,
            10.808879, 0.851418,-0.000001, 1.000000;;
          }
          Frame Armature_spine_02 {
            FrameTransformMatrix {
               0.998486,-0.052644, 0.015936, 0.000000,
               0.051473, 0.996451, 0.066608, 0.000000,
              -0.019386,-0.065686, 0.997652, 0.000000,
               3.797688,18.847157,-0.064209, 1.000000;;
            }
            Frame Armature_spine_03 {
              FrameTransformMatrix {
                 0.992534, 0.121214, 0.013502, 0.000000,
                -0.121819, 0.990663, 0.061218, 0.000000,
                -0.005956,-0.062406, 0.998033, 0.000000,
                 0.420596,13.412390,-0.009915, 1.000000;;
              }
              Frame Armature_clavicle_l {
                FrameTransformMatrix {
                   0.885589, 0.147926,-0.440283, 0.000000,
                   0.397942, 0.247202, 0.883478, 0.000000,
                   0.239528,-0.957606, 0.160054, 0.000000,
                  -2.732088,11.883680, 3.781985, 1.000000;;
                }
                Frame Armature_upperarm_l {
                  FrameTransformMatrix {
                     0.876482, 0.271204, 0.397779, 0.000000,
                    -0.458010, 0.215126, 0.862524, 0.000000,
                     0.148348,-0.938173, 0.312768, 0.000000,
                     0.000002,15.784876, 0.000001, 1.000000;;
                  }
                  Frame Armature_lowerarm_l {
                    FrameTransformMatrix {
                       0.199147, 0.979970, 0.000000, 0.000000,
                      -0.979969, 0.199147, 0.000000, 0.000000,
                       0.000000,-0.000000, 1.000000, 0.000000,
                      -0.000002,30.339949, 0.000006, 1.000000;;
                    }
                    Frame Armature_hand_l {
                      FrameTransformMatrix {
                        -0.024046, 0.650957, 0.758734, 0.000000,
                        -0.493688, 0.652222,-0.575221, 0.000000,
                        -0.869307,-0.388409, 0.305687, 0.000000,
                        -0.000003,26.975161,-0.000004, 1.000000;;
                      }
                      Frame Armature_index_01_l {
                        FrameTransformMatrix {
                           0.957416,-0.117776,-0.263598, 0.000000,
                           0.143680, 0.986288, 0.081188, 0.000000,
                           0.250421,-0.115605, 0.961210, 0.000000,
                           1.763468,12.068124, 2.109402, 1.000000;;
                        }
                        Frame Armature_index_02_l {
                          FrameTransformMatrix {
                             0.966092,-0.255933,-0.034128, 0.000000,
                             0.258039, 0.961678, 0.092694, 0.000000,
                             0.009097,-0.098358, 0.995109, 0.000000,
                             0.000001, 4.287493,-0.000006, 1.000000;;
                          }
                          Frame Armature_index_03_l {
                            FrameTransformMatrix {
                               0.999773,-0.000000,-0.021295, 0.000000,
                               0.000000, 1.000000, 0.000000, 0.000000,
                               0.021295,-0.000000, 0.999773, 0.000000,
                               0.000001, 3.393807,-0.000002, 1.000000;;
                            }
                          } // End of Armature_index_03_l
                        } // End of Armature_index_02_l
                      } // End of Armature_index_01_l
                      Frame Armature_middle_01_l {
                        FrameTransformMatrix {
                           0.929932,-0.365526,-0.040215, 0.000000,
                           0.352243, 0.916824,-0.188041, 0.000000,
                           0.105604, 0.160700, 0.981338, 0.000000,
                           1.293646,12.244284,-0.571157, 1.000000;;
                        }
                        Frame Armature_middle_02_l {
                          FrameTransformMatrix {
                             0.933881,-0.356760, 0.024255, 0.000000,
                             0.353258, 0.930977, 0.092142, 0.000000,
                            -0.055453,-0.077481, 0.995450, 0.000000,
                             0.000004, 4.640371,-0.000002, 1.000000;;
                          }
                          Frame Armature_middle_03_l {
                            FrameTransformMatrix {
                               0.999995,-0.000002,-0.003274, 0.000000,
                               0.000002, 1.000000, 0.000000, 0.000000,
                               0.003274,-0.000000, 0.999995, 0.000000,
                               0.000000, 3.648840,-0.000005, 1.000000;;
                            }
                          } // End of Armature_middle_03_l
                        } // End of Armature_middle_02_l
                      } // End of Armature_middle_01_l
                      Frame Armature_pinky_01_l {
                        FrameTransformMatrix {
                           0.745623,-0.541981, 0.387689, 0.000000,
                           0.654476, 0.705042,-0.273089, 0.000000,
                          -0.125328, 0.457355, 0.880409, 0.000000,
                           2.263156,10.140672,-4.643149, 1.000000;;
                        }
                        Frame Armature_pinky_02_l {
                          FrameTransformMatrix {
                             0.773818,-0.632174,-0.039509, 0.000000,
                             0.632081, 0.774729,-0.016401, 0.000000,
                             0.040977,-0.012282, 0.999085, 0.000000,
                             0.000004, 3.570981,-0.000000, 1.000000;;
                          }
                          Frame Armature_pinky_03_l {
                            FrameTransformMatrix {
                               0.999974, 0.000003,-0.007165, 0.000000,
                              -0.000003, 1.000000, 0.000000, 0.000000,
                               0.007165,-0.000001, 0.999974, 0.000000,
                              -0.000004, 2.985636, 0.000003, 1.000000;;
                            }
                          } // End of Armature_pinky_03_l
                        } // End of Armature_pinky_02_l
                      } // End of Armature_pinky_01_l
                      Frame Armature_ring_01_l {
                        FrameTransformMatrix {
                           0.785823,-0.544451, 0.293351, 0.000000,
                           0.609902, 0.760832,-0.221710, 0.000000,
                          -0.102480, 0.353140, 0.929941, 0.000000,
                           1.753529,11.497891,-2.846911, 1.000000;;
                        }
                        Frame Armature_ring_02_l {
                          FrameTransformMatrix {
                             0.851695,-0.523888,-0.012555, 0.000000,
                             0.523940, 0.851754, 0.001099, 0.000000,
                             0.010118,-0.007514, 0.999920, 0.000000,
                            -0.000008, 4.430183, 0.000002, 1.000000;;
                          }
                          Frame Armature_ring_03_l {
                            FrameTransformMatrix {
                               1.000000, 0.000002, 0.000400, 0.000000,
                              -0.000002, 1.000000,-0.000001, 0.000000,
                              -0.000400, 0.000001, 1.000000, 0.000000,
                              -0.000004, 3.476654, 0.000003, 1.000000;;
                            }
                          } // End of Armature_ring_03_l
                        } // End of Armature_ring_02_l
                      } // End of Armature_ring_01_l
                      Frame Armature_thumb_01_l {
                        FrameTransformMatrix {
                           0.114893, 0.489002,-0.864683, 0.000000,
                           0.595013, 0.663146, 0.454089, 0.000000,
                           0.795462,-0.566669,-0.214771, 0.000000,
                           2.374984, 4.762036, 2.537825, 1.000000;;
                        }
                        Frame Armature_thumb_02_l {
                          FrameTransformMatrix {
                             0.999891,-0.013311,-0.006359, 0.000000,
                             0.013224, 0.999823,-0.013407, 0.000000,
                             0.006536, 0.013322, 0.999890, 0.000000,
                            -0.000006, 3.869675,-0.000003, 1.000000;;
                          }
                          Frame Armature_thumb_03_l {
                            FrameTransformMatrix {
                               0.999073, 0.000000,-0.043039, 0.000000,
                              -0.000000, 1.000000, 0.000000, 0.000000,
                               0.043039,-0.000000, 0.999073, 0.000000,
                              -0.000004, 4.062176, 0.000001, 1.000000;;
                            }
                          } // End of Armature_thumb_03_l
                        } // End of Armature_thumb_02_l
                      } // End of Armature_thumb_01_l
                    } // End of Armature_hand_l
                    Frame Armature_lowerarm_twist_01_l {
                      FrameTransformMatrix {
                         0.999863, 0.000000, 0.016562, 0.000000,
                        -0.000000, 1.000000,-0.000000, 0.000000,
                        -0.016562, 0.000000, 0.999863, 0.000000,
                        -0.000004,14.000009,-0.000009, 1.000000;;
                      }
                    } // End of Armature_lowerarm_twist_01_l
                  } // End of Armature_lowerarm_l
                  Frame Armature_upperarm_twist_01_l {
                    FrameTransformMatrix {
                       0.847347, 0.000000,-0.531039, 0.000000,
                       0.000000, 1.000000, 0.000000, 0.000000,
                       0.531039,-0.000000, 0.847347, 0.000000,
                       0.000000, 0.500008,-0.000004, 1.000000;;
                    }
                  } // End of Armature_upperarm_twist_01_l
                } // End of Armature_upperarm_l
              } // End of Armature_clavicle_l
              Frame Armature_clavicle_r {
                FrameTransformMatrix {
                  -0.981290,-0.136114, 0.136169, 0.000000,
                  -0.145145, 0.058307,-0.987691, 0.000000,
                   0.126499,-0.988976,-0.076972, 0.000000,
                  -2.732101,11.883778,-3.782001, 1.000000;;
                }
                Frame Armature_upperarm_r {
                  FrameTransformMatrix {
                     0.506240,-0.686470,-0.521996, 0.000000,
                     0.812194, 0.176017, 0.556201, 0.000000,
                    -0.289935,-0.705533, 0.646654, 0.000000,
                    -0.000050,15.784744, 0.000077, 1.000000;;
                  }
                  Frame Armature_lowerarm_r {
                    FrameTransformMatrix {
                       0.521196,-0.853437,-0.000001, 0.000000,
                       0.853437, 0.521196,-0.000001, 0.000000,
                       0.000001,-0.000001, 1.000000, 0.000000,
                       0.000004,30.340071, 0.000003, 1.000000;;
                    }
                    Frame Armature_hand_r {
                      FrameTransformMatrix {
                         0.609823,-0.598291,-0.519773, 0.000000,
                         0.546113, 0.792498,-0.271489, 0.000000,
                         0.574349,-0.118295, 0.810019, 0.000000,
                        -0.000005,26.975250,-0.000016, 1.000000;;
                      }
                      Frame Armature_index_01_r {
                        FrameTransformMatrix {
                           0.911427, 0.220404, 0.347452, 0.000000,
                          -0.242033, 0.970071, 0.019535, 0.000000,
                          -0.332747,-0.101900, 0.937494, 0.000000,
                          -1.763725,12.067844, 2.109432, 1.000000;;
                        }
                        Frame Armature_index_02_r {
                          FrameTransformMatrix {
                             0.927692, 0.370091, 0.049196, 0.000000,
                            -0.373214, 0.915766, 0.148607, 0.000000,
                             0.009946,-0.156222, 0.987672, 0.000000,
                             0.000091, 4.287698,-0.000077, 1.000000;;
                          }
                          Frame Armature_index_03_r {
                            FrameTransformMatrix {
                               0.999773,-0.000031, 0.021297, 0.000000,
                               0.000031, 1.000000,-0.000001, 0.000000,
                              -0.021297, 0.000002, 0.999773, 0.000000,
                               0.000121, 3.393807,-0.000015, 1.000000;;
                            }
                          } // End of Armature_index_03_r
                        } // End of Armature_index_02_r
                      } // End of Armature_index_01_r
                      Frame Armature_middle_01_r {
                        FrameTransformMatrix {
                           0.931791, 0.357092, 0.065199, 0.000000,
                          -0.348336, 0.930147,-0.116138, 0.000000,
                          -0.102117, 0.085506, 0.991091, 0.000000,
                          -1.293737,12.244019,-0.571124, 1.000000;;
                        }
                        Frame Armature_middle_02_r {
                          FrameTransformMatrix {
                             0.906167, 0.422577,-0.017020, 0.000000,
                            -0.418914, 0.902383, 0.101071, 0.000000,
                             0.058069,-0.084457, 0.994734, 0.000000,
                            -0.000147, 4.640588, 0.000007, 1.000000;;
                          }
                          Frame Armature_middle_03_r {
                            FrameTransformMatrix {
                               0.999994,-0.000001, 0.003274, 0.000000,
                               0.000001, 1.000000, 0.000000, 0.000000,
                              -0.003274,-0.000000, 0.999995, 0.000000,
                               0.000033, 3.648918,-0.000006, 1.000000;;
                            }
                          } // End of Armature_middle_03_r
                        } // End of Armature_middle_02_r
                      } // End of Armature_middle_01_r
                      Frame Armature_pinky_01_r {
                        FrameTransformMatrix {
                           0.872906, 0.279368,-0.399985, 0.000000,
                          -0.428082, 0.831856,-0.353216, 0.000000,
                           0.234052, 0.479551, 0.845725, 0.000000,
                          -2.263359,10.140491,-4.643087, 1.000000;;
                        }
                        Frame Armature_pinky_02_r {
                          FrameTransformMatrix {
                             0.932001, 0.360293, 0.039531, 0.000000,
                            -0.362017, 0.930682, 0.052668, 0.000000,
                            -0.017815,-0.063397, 0.997829, 0.000000,
                            -0.000077, 3.571064,-0.000008, 1.000000;;
                          }
                          Frame Armature_pinky_03_r {
                            FrameTransformMatrix {
                               0.999974,-0.000101, 0.007163, 0.000000,
                               0.000101, 1.000000,-0.000000, 0.000000,
                              -0.007163, 0.000001, 0.999974, 0.000000,
                               0.000314, 2.985415,-0.000039, 1.000000;;
                            }
                          } // End of Armature_pinky_03_r
                        } // End of Armature_pinky_02_r
                      } // End of Armature_pinky_01_r
                      Frame Armature_ring_01_r {
                        FrameTransformMatrix {
                           0.922341, 0.277037,-0.269327, 0.000000,
                          -0.341437, 0.910685,-0.232535, 0.000000,
                           0.180851, 0.306435, 0.934554, 0.000000,
                          -1.753775,11.497879,-2.846907, 1.000000;;
                        }
                        Frame Armature_ring_02_r {
                          FrameTransformMatrix {
                             0.843556, 0.536771, 0.017023, 0.000000,
                            -0.536994, 0.843479, 0.013471, 0.000000,
                            -0.007128,-0.020505, 0.999764, 0.000000,
                             0.000083, 4.429866,-0.000016, 1.000000;;
                          }
                          Frame Armature_ring_03_r {
                            FrameTransformMatrix {
                               1.000000,-0.000030,-0.000402, 0.000000,
                               0.000029, 1.000000,-0.000000, 0.000000,
                               0.000401, 0.000000, 1.000000, 0.000000,
                               0.000076, 3.476660,-0.000002, 1.000000;;
                            }
                          } // End of Armature_ring_03_r
                        } // End of Armature_ring_02_r
                      } // End of Armature_ring_01_r
                      Frame Armature_thumb_01_r {
                        FrameTransformMatrix {
                           0.414056,-0.321424, 0.851613, 0.000000,
                          -0.598403, 0.608876, 0.520753, 0.000000,
                          -0.685909,-0.725228, 0.059768, 0.000000,
                          -2.375083, 4.762012, 2.537804, 1.000000;;
                        }
                        Frame Armature_thumb_02_r {
                          FrameTransformMatrix {
                             0.990785, 0.135384, 0.004048, 0.000000,
                            -0.135350, 0.990768,-0.007702, 0.000000,
                            -0.005053, 0.007083, 0.999962, 0.000000,
                             0.000113, 3.869576, 0.000055, 1.000000;;
                          }
                          Frame Armature_thumb_03_r {
                            FrameTransformMatrix {
                               0.999075,-0.000000, 0.043009, 0.000000,
                               0.000001, 1.000000,-0.000014, 0.000000,
                              -0.043009, 0.000014, 0.999075, 0.000000,
                               0.000000, 4.062187, 0.000002, 1.000000;;
                            }
                          } // End of Armature_thumb_03_r
                        } // End of Armature_thumb_02_r
                      } // End of Armature_thumb_01_r
                      Frame Armature_weapon_r {
                        FrameTransformMatrix {
                           0.618010, 0.606043,-0.500775, 0.000000,
                           0.784953,-0.440241, 0.435932, 0.000000,
                           0.043732,-0.662495,-0.747788, 0.000000,
                          -0.443550,-6.353190,46.608227, 1.000000;;
                        }
                      } // End of Armature_weapon_r
                    } // End of Armature_hand_r
                    Frame Armature_lowerarm_twist_01_r {
                      FrameTransformMatrix {
                         0.985730, 0.000001, 0.168334, 0.000000,
                        -0.000000, 1.000000,-0.000002, 0.000000,
                        -0.168334, 0.000002, 0.985730, 0.000000,
                         0.000028,14.000041, 0.000006, 1.000000;;
                      }
                    } // End of Armature_lowerarm_twist_01_r
                  } // End of Armature_lowerarm_r
                  Frame Armature_upperarm_twist_01_r {
                    FrameTransformMatrix {
                       0.991798,-0.000000, 0.127818, 0.000000,
                      -0.000000, 1.000000, 0.000000, 0.000000,
                      -0.127818,-0.000000, 0.991798, 0.000000,
                      -0.000002, 0.500000, 0.000000, 1.000000;;
                    }
                  } // End of Armature_upperarm_twist_01_r
                } // End of Armature_upperarm_r
              } // End of Armature_clavicle_r
              Frame Armature_neck_01 {
                FrameTransformMatrix {
                   0.691463, 0.706415,-0.151184, 0.000000,
                  -0.716436, 0.697421,-0.017994, 0.000000,
                   0.092728, 0.120756, 0.988342, 0.000000,
                  -0.840014,16.929131, 0.265160, 1.000000;;
                }
                Frame Armature_head {
                  FrameTransformMatrix {
                     0.921704,-0.371304,-0.112233, 0.000000,
                     0.368435, 0.928511,-0.046076, 0.000000,
                     0.121318, 0.001117, 0.992613, 0.000000,
                     0.493929, 9.506193, 0.362969, 1.000000;;
                  }
                } // End of Armature_head
              } // End of Armature_neck_01
            } // End of Armature_spine_03
          } // End of Armature_spine_02
        } // End of Armature_spine_01
        Frame Armature_sword_holder {
          FrameTransformMatrix {
            -0.599043, 0.788233, 0.140845, 0.000000,
            -0.782796,-0.613510, 0.104096, 0.000000,
             0.168462,-0.047895, 0.984544, 0.000000,
            21.996609,11.772571,21.900936, 1.000000;;
          }
        } // End of Armature_sword_holder
        Frame Armature_thigh_l {
          FrameTransformMatrix {
            -0.775993, 0.566847,-0.276624, 0.000000,
             0.483645, 0.816262, 0.315918, 0.000000,
             0.404874, 0.111362,-0.907566, 0.000000,
            -1.448826, 0.531425, 9.005810, 1.000000;;
          }
          Frame Armature_calf_l {
            FrameTransformMatrix {
              -0.174847,-0.981362, 0.079730, 0.000000,
               0.975474,-0.183655,-0.121330, 0.000000,
               0.133712, 0.056560, 0.989405, 0.000000,
              -0.233641,42.346329, 0.035464, 1.000000;;
            }
            Frame Armature_calf_twist_01_l {
              FrameTransformMatrix {
                 0.998487,-0.015417,-0.052788, 0.000000,
                 0.015236, 0.999877,-0.003824, 0.000000,
                 0.052841, 0.003014, 0.998599, 0.000000,
                 0.000004,20.476780,-0.000001, 1.000000;;
              }
            } // End of Armature_calf_twist_01_l
            Frame Armature_foot_l {
              FrameTransformMatrix {
                 0.389584,-0.909835, 0.142913, 0.000000,
                -0.917503,-0.369913, 0.146130, 0.000000,
                -0.080089,-0.188053,-0.978888, 0.000000,
                -0.000282,40.196606,-0.000275, 1.000000;;
              }
              Frame Armature_ball_l {
                FrameTransformMatrix {
                  -0.007237, 0.999974, 0.000148, 0.000000,
                  -0.999974,-0.007237, 0.000072, 0.000000,
                   0.000073,-0.000148, 1.000000, 0.000000,
                  -10.453850,16.577858,-0.080158, 1.000000;;
                }
              } // End of Armature_ball_l
            } // End of Armature_foot_l
          } // End of Armature_calf_l
          Frame Armature_thigh_twist_01_l {
            FrameTransformMatrix {
               0.836632,-0.000825,-0.547764, 0.000000,
               0.000983, 0.999999,-0.000004, 0.000000,
               0.547764,-0.000535, 0.836633, 0.000000,
               0.000002,22.094242, 0.000001, 1.000000;;
            }
          } // End of Armature_thigh_twist_01_l
        } // End of Armature_thigh_l
        Frame Armature_thigh_r {
          FrameTransformMatrix {
             0.876406,-0.001124,-0.481572, 0.000000,
            -0.024907, 0.998553,-0.047659, 0.000000,
             0.480928, 0.053764, 0.875110, 0.000000,
            -1.448643, 0.531428,-9.005806, 1.000000;;
          }
          Frame Armature_calf_r {
            FrameTransformMatrix {
              -0.517385, 0.846480,-0.125634, 0.000000,
              -0.840279,-0.530317,-0.112668, 0.000000,
              -0.161998, 0.047275, 0.985658, 0.000000,
               0.315741,42.382591, 0.046556, 1.000000;;
            }
            Frame Armature_calf_twist_01_r {
              FrameTransformMatrix {
                 0.985069, 0.015666, 0.171448, 0.000000,
                -0.015235, 0.999876,-0.003825, 0.000000,
                -0.171486, 0.001156, 0.985186, 0.000000,
                 0.000004,20.476919,-0.000000, 1.000000;;
              }
            } // End of Armature_calf_twist_01_r
            Frame Armature_foot_r {
              FrameTransformMatrix {
                -0.887638, 0.249666, 0.386995, 0.000000,
                 0.405981, 0.820926, 0.401572, 0.000000,
                -0.217435, 0.513563,-0.830045, 0.000000,
                -0.001185,40.195919, 0.000349, 1.000000;;
              }
              Frame Armature_ball_r {
                FrameTransformMatrix {
                   0.131368,-0.991333, 0.000581, 0.000000,
                   0.991334, 0.131368,-0.000005, 0.000000,
                  -0.000072, 0.000577, 1.000000, 0.000000,
                  10.453826,16.577799,-0.080158, 1.000000;;
                }
              } // End of Armature_ball_r
            } // End of Armature_foot_r
          } // End of Armature_calf_r
          Frame Armature_thigh_twist_01_r {
            FrameTransformMatrix {
               0.751656, 0.000741, 0.659555, 0.000000,
              -0.000983, 1.000000,-0.000003, 0.000000,
              -0.659554,-0.000646, 0.751656, 0.000000,
              -0.000003,22.094240, 0.000002, 1.000000;;
            }
          } // End of Armature_thigh_twist_01_r
        } // End of Armature_thigh_r
      } // End of Armature_pelvis
    } // End of Armature_root
  } // End of Armature
} // End of Root
AnimationSet Global {
  Animation {
    {Armature}
    AnimationKey { // Rotation
      0;
      29;
      0;4;-0.707107, 0.707107, 0.000000, 0.000000;;,
      1;4;-0.707107, 0.707107, 0.000000, 0.000000;;,
      2;4;-0.707107, 0.707107, 0.000000, 0.000000;;,
      3;4;-0.707107, 0.707107, 0.000000, 0.000000;;,
      4;4;-0.707107, 0.707107, 0.000000, 0.000000;;,
      5;4;-0.707107, 0.707107, 0.000000, 0.000000;;,
      6;4;-0.707107, 0.707107, 0.000000, 0.000000;;,
      7;4;-0.707107, 0.707107, 0.000000, 0.000000;;,
      8;4;-0.707107, 0.707107, 0.000000, 0.000000;;,
      9;4;-0.707107, 0.707107, 0.000000, 0.000000;;,
      10;4;-0.707107, 0.707107, 0.000000, 0.000000;;,
      11;4;-0.707107, 0.707107, 0.000000, 0.000000;;,
      12;4;-0.707107, 0.707107, 0.000000, 0.000000;;,
      13;4;-0.707107, 0.707107, 0.000000, 0.000000;;,
      14;4;-0.707107, 0.707107, 0.000000, 0.000000;;,
      15;4;-0.707107, 0.707107, 0.000000, 0.000000;;,
      16;4;-0.707107, 0.707107, 0.000000, 0.000000;;,
      17;4;-0.707107, 0.707107, 0.000000, 0.000000;;,
      18;4;-0.707107, 0.707107, 0.000000, 0.000000;;,
      19;4;-0.707107, 0.707107, 0.000000, 0.000000;;,
      20;4;-0.707107, 0.707107, 0.000000, 0.000000;;,
      21;4;-0.707107, 0.707107, 0.000000, 0.000000;;,
      22;4;-0.707107, 0.707107, 0.000000, 0.000000;;,
      23;4;-0.707107, 0.707107, 0.000000, 0.000000;;,
      24;4;-0.707107, 0.707107, 0.000000, 0.000000;;,
      25;4;-0.707107, 0.707107, 0.000000, 0.000000;;,
      26;4;-0.707107, 0.707107, 0.000000, 0.000000;;,
      27;4;-0.707107, 0.707107, 0.000000, 0.000000;;,
      28;4;-0.707107, 0.707107, 0.000000, 0.000000;;;
    }
    AnimationKey { // Scale
      1;
      29;
      0;3; 0.010000, 0.010000, 0.010000;;,
      1;3; 0.010000, 0.010000, 0.010000;;,
      2;3; 0.010000, 0.010000, 0.010000;;,
      3;3; 0.010000, 0.010000, 0.010000;;,
      4;3; 0.010000, 0.010000, 0.010000;;,
      5;3; 0.010000, 0.010000, 0.010000;;,
      6;3; 0.010000, 0.010000, 0.010000;;,
      7;3; 0.010000, 0.010000, 0.010000;;,
      8;3; 0.010000, 0.010000, 0.010000;;,
      9;3; 0.010000, 0.010000, 0.010000;;,
      10;3; 0.010000, 0.010000, 0.010000;;,
      11;3; 0.010000, 0.010000, 0.010000;;,
      12;3; 0.010000, 0.010000, 0.010000;;,
      13;3; 0.010000, 0.010000, 0.010000;;,
      14;3; 0.010000, 0.010000, 0.010000;;,
      15;3; 0.010000, 0.010000, 0.010000;;,
      16;3; 0.010000, 0.010000, 0.010000;;,
      17;3; 0.010000, 0.010000, 0.010000;;,
      18;3; 0.010000, 0.010000, 0.010000;;,
      19;3; 0.010000, 0.010000, 0.010000;;,
      20;3; 0.010000, 0.010000, 0.010000;;,
      21;3; 0.010000, 0.010000, 0.010000;;,
      22;3; 0.010000, 0.010000, 0.010000;;,
      23;3; 0.010000, 0.010000, 0.010000;;,
      24;3; 0.010000, 0.010000, 0.010000;;,
      25;3; 0.010000, 0.010000, 0.010000;;,
      26;3; 0.010000, 0.010000, 0.010000;;,
      27;3; 0.010000, 0.010000, 0.010000;;,
      28;3; 0.010000, 0.010000, 0.010000;;;
    }
    AnimationKey { // Position
      2;
      29;
      0;3; 0.000000, 0.000000, 0.000000;;,
      1;3; 0.000000, 0.000000, 0.000000;;,
      2;3; 0.000000, 0.000000, 0.000000;;,
      3;3; 0.000000, 0.000000, 0.000000;;,
      4;3; 0.000000, 0.000000, 0.000000;;,
      5;3; 0.000000, 0.000000, 0.000000;;,
      6;3; 0.000000, 0.000000, 0.000000;;,
      7;3; 0.000000, 0.000000, 0.000000;;,
      8;3; 0.000000, 0.000000, 0.000000;;,
      9;3; 0.000000, 0.000000, 0.000000;;,
      10;3; 0.000000, 0.000000, 0.000000;;,
      11;3; 0.000000, 0.000000, 0.000000;;,
      12;3; 0.000000, 0.000000, 0.000000;;,
      13;3; 0.000000, 0.000000, 0.000000;;,
      14;3; 0.000000, 0.000000, 0.000000;;,
      15;3; 0.000000, 0.000000, 0.000000;;,
      16;3; 0.000000, 0.000000, 0.000000;;,
      17;3; 0.000000, 0.000000, 0.000000;;,
      18;3; 0.000000, 0.000000, 0.000000;;,
      19;3; 0.000000, 0.000000, 0.000000;;,
      20;3; 0.000000, 0.000000, 0.000000;;,
      21;3; 0.000000, 0.000000, 0.000000;;,
      22;3; 0.000000, 0.000000, 0.000000;;,
      23;3; 0.000000, 0.000000, 0.000000;;,
      24;3; 0.000000, 0.000000, 0.000000;;,
      25;3; 0.000000, 0.000000, 0.000000;;,
      26;3; 0.000000, 0.000000, 0.000000;;,
      27;3; 0.000000, 0.000000, 0.000000;;,
      28;3; 0.000000, 0.000000, 0.000000;;;
    }
  }
  Animation {
    {Armature_root}
    AnimationKey { // Rotation
      0;
      29;
      0;4;-1.000000,-0.000000, 0.000000, 0.000000;;,
      1;4;-1.000000,-0.000000, 0.000000, 0.000000;;,
      2;4;-1.000000,-0.000000, 0.000000, 0.000000;;,
      3;4;-1.000000,-0.000000, 0.000000, 0.000000;;,
      4;4;-1.000000,-0.000000, 0.000000, 0.000000;;,
      5;4;-1.000000,-0.000000, 0.000000, 0.000000;;,
      6;4;-1.000000,-0.000000, 0.000000, 0.000000;;,
      7;4;-1.000000,-0.000000, 0.000000, 0.000000;;,
      8;4;-1.000000,-0.000000, 0.000000, 0.000000;;,
      9;4;-1.000000,-0.000000, 0.000000, 0.000000;;,
      10;4;-1.000000,-0.000000, 0.000000, 0.000000;;,
      11;4;-1.000000,-0.000000, 0.000000, 0.000000;;,
      12;4;-1.000000,-0.000000, 0.000000, 0.000000;;,
      13;4;-1.000000,-0.000000, 0.000000, 0.000000;;,
      14;4;-1.000000,-0.000000, 0.000000, 0.000000;;,
      15;4;-1.000000,-0.000000, 0.000000, 0.000000;;,
      16;4;-1.000000,-0.000000, 0.000000, 0.000000;;,
      17;4;-1.000000,-0.000000, 0.000000, 0.000000;;,
      18;4;-1.000000,-0.000000, 0.000000, 0.000000;;,
      19;4;-1.000000,-0.000000, 0.000000, 0.000000;;,
      20;4;-1.000000,-0.000000, 0.000000, 0.000000;;,
      21;4;-1.000000,-0.000000, 0.000000, 0.000000;;,
      22;4;-1.000000,-0.000000, 0.000000, 0.000000;;,
      23;4;-1.000000,-0.000000, 0.000000, 0.000000;;,
      24;4;-1.000000,-0.000000, 0.000000, 0.000000;;,
      25;4;-1.000000,-0.000000, 0.000000, 0.000000;;,
      26;4;-1.000000,-0.000000, 0.000000, 0.000000;;,
      27;4;-1.000000,-0.000000, 0.000000, 0.000000;;,
      28;4;-1.000000,-0.000000, 0.000000, 0.000000;;;
    }
    AnimationKey { // Scale
      1;
      29;
      0;3; 1.000000, 1.000000, 1.000000;;,
      1;3; 1.000000, 1.000000, 1.000000;;,
      2;3; 1.000000, 1.000000, 1.000000;;,
      3;3; 1.000000, 1.000000, 1.000000;;,
      4;3; 1.000000, 1.000000, 1.000000;;,
      5;3; 1.000000, 1.000000, 1.000000;;,
      6;3; 1.000000, 1.000000, 1.000000;;,
      7;3; 1.000000, 1.000000, 1.000000;;,
      8;3; 1.000000, 1.000000, 1.000000;;,
      9;3; 1.000000, 1.000000, 1.000000;;,
      10;3; 1.000000, 1.000000, 1.000000;;,
      11;3; 1.000000, 1.000000, 1.000000;;,
      12;3; 1.000000, 1.000000, 1.000000;;,
      13;3; 1.000000, 1.000000, 1.000000;;,
      14;3; 1.000000, 1.000000, 1.000000;;,
      15;3; 1.000000, 1.000000, 1.000000;;,
      16;3; 1.000000, 1.000000, 1.000000;;,
      17;3; 1.000000, 1.000000, 1.000000;;,
      18;3; 1.000000, 1.000000, 1.000000;;,
      19;3; 1.000000, 1.000000, 1.000000;;,
      20;3; 1.000000, 1.000000, 1.000000;;,
      21;3; 1.000000, 1.000000, 1.000000;;,
      22;3; 1.000000, 1.000000, 1.000000;;,
      23;3; 1.000000, 1.000000, 1.000000;;,
      24;3; 1.000000, 1.000000, 1.000000;;,
      25;3; 1.000000, 1.000000, 1.000000;;,
      26;3; 1.000000, 1.000000, 1.000000;;,
      27;3; 1.000000, 1.000000, 1.000000;;,
      28;3; 1.000000, 1.000000, 1.000000;;;
    }
    AnimationKey { // Position
      2;
      29;
      0;3; 0.000000, 0.000000, 0.000000;;,
      1;3; 0.000000, 0.000000, 0.000000;;,
      2;3; 0.000000, 0.000000, 0.000000;;,
      3;3; 0.000000, 0.000000, 0.000000;;,
      4;3; 0.000000, 0.000000, 0.000000;;,
      5;3; 0.000000, 0.000000, 0.000000;;,
      6;3; 0.000000, 0.000000, 0.000000;;,
      7;3; 0.000000, 0.000000, 0.000000;;,
      8;3; 0.000000, 0.000000, 0.000000;;,
      9;3; 0.000000, 0.000000, 0.000000;;,
      10;3; 0.000000, 0.000000, 0.000000;;,
      11;3; 0.000000, 0.000000, 0.000000;;,
      12;3; 0.000000, 0.000000, 0.000000;;,
      13;3; 0.000000, 0.000000, 0.000000;;,
      14;3; 0.000000, 0.000000, 0.000000;;,
      15;3; 0.000000, 0.000000, 0.000000;;,
      16;3; 0.000000, 0.000000, 0.000000;;,
      17;3; 0.000000, 0.000000, 0.000000;;,
      18;3; 0.000000, 0.000000, 0.000000;;,
      19;3; 0.000000, 0.000000, 0.000000;;,
      20;3; 0.000000, 0.000000, 0.000000;;,
      21;3; 0.000000, 0.000000, 0.000000;;,
      22;3; 0.000000, 0.000000, 0.000000;;,
      23;3; 0.000000, 0.000000, 0.000000;;,
      24;3; 0.000000, 0.000000, 0.000000;;,
      25;3; 0.000000, 0.000000, 0.000000;;,
      26;3; 0.000000, 0.000000, 0.000000;;,
      27;3; 0.000000, 0.000000, 0.000000;;,
      28;3; 0.000000, 0.000000, 0.000000;;;
    }
  }
  Animation {
    {Armature_pelvis}
    AnimationKey { // Rotation
      0;
      29;
      0;4;-0.631965, 0.390564, 0.310097, 0.593228;;,
      1;4;-0.598941, 0.431747, 0.310910, 0.598498;;,
      2;4;-0.558485, 0.475624, 0.295494, 0.612013;;,
      3;4;-0.513997, 0.519150, 0.268377, 0.627905;;,
      4;4;-0.462637, 0.562180, 0.230609, 0.645555;;,
      5;4;-0.391730, 0.609459, 0.173460, 0.667097;;,
      6;4;-0.308986, 0.653291, 0.101713, 0.683661;;,
      7;4;-0.226205, 0.684511, 0.027146, 0.692488;;,
      8;4;-0.161135, 0.701188,-0.030544, 0.693857;;,
      9;4;-0.104456, 0.703947,-0.077904, 0.698197;;,
      10;4;-0.051301, 0.698706,-0.109751, 0.705076;;,
      11;4;-0.005086, 0.692823,-0.137254, 0.707907;;,
      12;4; 0.032564, 0.685749,-0.170406, 0.706859;;,
      13;4; 0.069308, 0.678172,-0.206218, 0.701964;;,
      14;4; 0.100149, 0.667434,-0.258843, 0.691015;;,
      15;4; 0.118835, 0.651680,-0.322794, 0.676015;;,
      16;4; 0.126872, 0.630240,-0.387266, 0.660853;;,
      17;4; 0.128078, 0.606516,-0.452617, 0.640993;;,
      18;4; 0.121265, 0.583728,-0.518875, 0.612638;;,
      19;4; 0.117124, 0.563105,-0.580466, 0.576415;;,
      20;4; 0.121335, 0.544129,-0.640425, 0.528259;;,
      21;4; 0.119217, 0.516329,-0.701372, 0.476728;;,
      22;4; 0.120569, 0.490116,-0.758736, 0.411787;;,
      23;4; 0.137640, 0.455532,-0.816700, 0.326414;;,
      24;4; 0.171294, 0.392790,-0.876948, 0.217571;;,
      25;4; 0.207713, 0.316616,-0.920100, 0.100124;;,
      26;4; 0.239662, 0.253593,-0.937144,-0.003646;;,
      27;4; 0.270670, 0.212536,-0.933028,-0.105001;;,
      28;4; 0.317870, 0.221215,-0.899090,-0.204107;;;
    }
    AnimationKey { // Scale
      1;
      29;
      0;3; 1.000000, 1.000000, 1.000000;;,
      1;3; 1.000000, 1.000000, 1.000000;;,
      2;3; 1.000000, 1.000000, 1.000000;;,
