xof 0303txt 0032

template XSkinMeshHeader {
  <3cf169ce-ff7c-44ab-93c0-f78f62d172e2>
  WORD nMaxSkinWeightsPerVertex;
  WORD nMaxSkinWeightsPerFace;
  WORD nBones;
}

template SkinWeights {
  <6f0d123b-bad2-4167-a0d0-80224f25fabb>
  STRING transformNodeName;
  DWORD nWeights;
  array DWORD vertexIndices[nWeights];
  array float weights[nWeights];
  Matrix4x4 matrixOffset;
}

Frame Root {
  FrameTransformMatrix {
     1.000000, 0.000000, 0.000000, 0.000000,
     0.000000,-0.000000,-1.000000, 0.000000,
     0.000000, 1.000000,-0.000000, 0.000000,
     0.000000, 0.000000, 0.000000, 1.000000;;
  }
  Frame Armature {
    FrameTransformMatrix {
       0.010000, 0.000000, 0.000000, 0.000000,
       0.000000,-0.000000, 0.010000, 0.000000,
       0.000000,-0.010000,-0.000000, 0.000000,
       0.000000, 0.000000, 0.000000, 1.000000;;
    }
    Frame Armature_root {
      FrameTransformMatrix {
         1.000000, 0.000000, 0.000000, 0.000000,
         0.000000, 1.000000,-0.000000, 0.000000,
         0.000000, 0.000000, 1.000000, 0.000000,
         0.000000, 0.000000, 0.000000, 1.000000;;
      }
      Frame Armature_ik_foot_root {
        FrameTransformMatrix {
           0.000000,-0.000000,-1.000000, 0.000000,
           1.000000, 0.000000, 0.000000, 0.000000,
           0.000000,-1.000000, 0.000000, 0.000000,
           0.000000, 0.000000, 0.000000, 1.000000;;
        }
        Frame Armature_ik_foot_l {
          FrameTransformMatrix {
            -0.337087, 0.616347, 0.711681, 0.000000,
             0.785612,-0.232433, 0.573402, 0.000000,
             0.518832, 0.752391,-0.405859, 0.000000,
            -23.217379,-1.899363,-72.396454, 1.000000;;
          }
        } // End of Armature_ik_foot_l
        Frame Armature_ik_foot_r {
          FrameTransformMatrix {
            -0.339835, 0.907066,-0.248484, 0.000000,
             0.822726, 0.414730, 0.388744, 0.000000,
             0.455670,-0.072325,-0.887206, 0.000000,
            -33.653889,17.985607,-41.017651, 1.000000;;
          }
        } // End of Armature_ik_foot_r
      } // End of Armature_ik_foot_root
      Frame Armature_ik_hand_root {
        FrameTransformMatrix {
           1.000000, 0.000000, 0.000000, 0.000000,
           0.000000, 1.000000,-0.000000, 0.000000,
           0.000000, 0.000000, 1.000000, 0.000000,
           0.000000, 0.000000, 0.000000, 1.000000;;
        }
        Frame Armature_ik_hand_gun {
          FrameTransformMatrix {
             0.672572,-0.526292,-0.520254, 0.000000,
             0.684594, 0.709458, 0.167334, 0.000000,
             0.281032,-0.468707, 0.837457, 0.000000,
            -82.947197,38.647911, 0.139692, 1.000000;;
          }
          Frame Armature_ik_hand_l {
            FrameTransformMatrix {
              -0.562278, 0.424533,-0.709659, 0.000000,
               0.766502,-0.054512,-0.639925, 0.000000,
              -0.310355,-0.903770,-0.294754, 0.000000,
              57.692841,70.495041,-12.290408, 1.000000;;
            }
          } // End of Armature_ik_hand_l
          Frame Armature_ik_hand_r {
            FrameTransformMatrix {
               1.000000,-0.000000,-0.000000, 0.000000,
               0.000000, 1.000000, 0.000000, 0.000000,
               0.000000,-0.000000, 1.000000, 0.000000,
              -0.000020, 0.000022,-0.000007, 1.000000;;
            }
          } // End of Armature_ik_hand_r
        } // End of Armature_ik_hand_gun
      } // End of Armature_ik_hand_root
      Frame Armature_pelvis {
        FrameTransformMatrix {
          -0.604066,-0.184908,-0.775186, 0.000000,
          -0.619562, 0.720766, 0.310869, 0.000000,
           0.501246, 0.668061,-0.549952, 0.000000,
           0.065289,25.321335,-5.736135, 1.000000;;
        }
        Frame Armature_spine_01 {
          FrameTransformMatrix {
             0.238965,-0.969887, 0.047067, 0.000000,
             0.970166, 0.240514, 0.030504, 0.000000,
            -0.040906, 0.038373, 0.998426, 0.000000,
            10.808880, 0.851418, 0.000001, 1.000000;;
          }
          Frame Armature_spine_02 {
            FrameTransformMatrix {
               0.996589, 0.004692, 0.082389, 0.000000,
              -0.010786, 0.997224, 0.073673, 0.000000,
              -0.081815,-0.074311, 0.993873, 0.000000,
               3.795983,18.838728,-0.160266, 1.000000;;
            }
            Frame Armature_spine_03 {
              FrameTransformMatrix {
                 0.978524, 0.179417,-0.101488, 0.000000,
                -0.171329, 0.981666, 0.083536, 0.000000,
                 0.114615,-0.064355, 0.991323, 0.000000,
                 0.418168,13.412368,-0.046216, 1.000000;;
              }
              Frame Armature_clavicle_l {
                FrameTransformMatrix {
                   0.890618, 0.147483,-0.430172, 0.000000,
                   0.417973, 0.107196, 0.902113, 0.000000,
                   0.179159,-0.983238, 0.033827, 0.000000,
                  -2.732089,11.883685, 3.781985, 1.000000;;
                }
                Frame Armature_upperarm_l {
                  FrameTransformMatrix {
                     0.860643, 0.313979, 0.400887, 0.000000,
                    -0.489467, 0.293019, 0.821317, 0.000000,
                     0.140409,-0.903082, 0.405867, 0.000000,
                     0.000003,15.784873,-0.000001, 1.000000;;
                  }
                  Frame Armature_lowerarm_l {
                    FrameTransformMatrix {
                       0.449618, 0.893221, 0.000000, 0.000000,
                      -0.893221, 0.449618, 0.000000, 0.000000,
                       0.000000,-0.000000, 1.000000, 0.000000,
                      -0.000003,30.339947, 0.000008, 1.000000;;
                    }
                    Frame Armature_hand_l {
                      FrameTransformMatrix {
                        -0.117119, 0.668884, 0.734083, 0.000000,
                        -0.451748, 0.622389,-0.639184, 0.000000,
                        -0.884425,-0.406481, 0.229273, 0.000000,
                        -0.000003,26.975161, 0.000002, 1.000000;;
                      }
                      Frame Armature_index_01_l {
                        FrameTransformMatrix {
                           0.960837,-0.092879,-0.261086, 0.000000,
                           0.115827, 0.990517, 0.073893, 0.000000,
                           0.251747,-0.101240, 0.962483, 0.000000,
                           1.763467,12.068122, 2.109402, 1.000000;;
                        }
                        Frame Armature_index_02_l {
                          FrameTransformMatrix {
                             0.972324,-0.231352,-0.032585, 0.000000,
                             0.233239, 0.969312, 0.077675, 0.000000,
                             0.013615,-0.083126, 0.996446, 0.000000,
                             0.000001, 4.287512,-0.000002, 1.000000;;
                          }
                          Frame Armature_index_03_l {
                            FrameTransformMatrix {
                               0.999773,-0.000000,-0.021295, 0.000000,
                               0.000000, 1.000000, 0.000000, 0.000000,
                               0.021295,-0.000000, 0.999773, 0.000000,
                              -0.000004, 3.393806,-0.000001, 1.000000;;
                            }
                          } // End of Armature_index_03_l
                        } // End of Armature_index_02_l
                      } // End of Armature_index_01_l
                      Frame Armature_middle_01_l {
                        FrameTransformMatrix {
                           0.939550,-0.339404,-0.045295, 0.000000,
                           0.324964, 0.925525,-0.194426, 0.000000,
                           0.107910, 0.167954, 0.979871, 0.000000,
                           1.293647,12.244293,-0.571161, 1.000000;;
                        }
                        Frame Armature_middle_02_l {
                          FrameTransformMatrix {
                             0.943806,-0.329455, 0.026273, 0.000000,
                             0.326330, 0.941535, 0.083785, 0.000000,
                            -0.052340,-0.070503, 0.996137, 0.000000,
                             0.000003, 4.640379, 0.000000, 1.000000;;
                          }
                          Frame Armature_middle_03_l {
                            FrameTransformMatrix {
                               0.999995,-0.000002,-0.003274, 0.000000,
                               0.000002, 1.000000, 0.000000, 0.000000,
                               0.003274,-0.000000, 0.999995, 0.000000,
                              -0.000002, 3.648847,-0.000001, 1.000000;;
                            }
                          } // End of Armature_middle_03_l
                        } // End of Armature_middle_02_l
                      } // End of Armature_middle_01_l
                      Frame Armature_pinky_01_l {
                        FrameTransformMatrix {
                           0.764600,-0.520681, 0.379841, 0.000000,
                           0.631652, 0.722498,-0.281091, 0.000000,
                          -0.128075, 0.454849, 0.881311, 0.000000,
                           2.263152,10.140675,-4.643149, 1.000000;;
                        }
                        Frame Armature_pinky_02_l {
                          FrameTransformMatrix {
                             0.792400,-0.608699,-0.039846, 0.000000,
                             0.608775, 0.793258,-0.011603, 0.000000,
                             0.038671,-0.015064, 0.999138, 0.000000,
                            -0.000005, 3.570987,-0.000001, 1.000000;;
                          }
                          Frame Armature_pinky_03_l {
                            FrameTransformMatrix {
                               0.999974, 0.000003,-0.007165, 0.000000,
                              -0.000003, 1.000000, 0.000000, 0.000000,
                               0.007165,-0.000000, 0.999974, 0.000000,
                              -0.000002, 2.985634,-0.000001, 1.000000;;
                            }
                          } // End of Armature_pinky_03_l
                        } // End of Armature_pinky_02_l
                      } // End of Armature_pinky_01_l
                      Frame Armature_ring_01_l {
                        FrameTransformMatrix {
                           0.803712,-0.521579, 0.286362, 0.000000,
                           0.586173, 0.776719,-0.230456, 0.000000,
                          -0.102221, 0.353077, 0.929993, 0.000000,
                           1.753526,11.497888,-2.846912, 1.000000;;
                        }
                        Frame Armature_ring_02_l {
                          FrameTransformMatrix {
                             0.867111,-0.497960,-0.012395, 0.000000,
                             0.498017, 0.867165, 0.001807, 0.000000,
                             0.009849,-0.007740, 0.999921, 0.000000,
                            -0.000006, 4.430183, 0.000002, 1.000000;;
                          }
                          Frame Armature_ring_03_l {
                            FrameTransformMatrix {
                               1.000000, 0.000002, 0.000400, 0.000000,
                              -0.000002, 1.000000,-0.000001, 0.000000,
                              -0.000400, 0.000001, 1.000000, 0.000000,
                              -0.000002, 3.476651,-0.000002, 1.000000;;
                            }
                          } // End of Armature_ring_03_l
                        } // End of Armature_ring_02_l
                      } // End of Armature_ring_01_l
                      Frame Armature_thumb_01_l {
                        FrameTransformMatrix {
                           0.133840, 0.509984,-0.849708, 0.000000,
                           0.589006, 0.648606, 0.482061, 0.000000,
                           0.796969,-0.565002,-0.213574, 0.000000,
                           2.374986, 4.762033, 2.537824, 1.000000;;
                        }
                        Frame Armature_thumb_02_l {
                          FrameTransformMatrix {
                             0.999975,-0.002694,-0.006562, 0.000000,
                             0.002597, 0.999890,-0.014624, 0.000000,
                             0.006601, 0.014606, 0.999872, 0.000000,
                             0.000006, 3.869673,-0.000003, 1.000000;;
                          }
                          Frame Armature_thumb_03_l {
                            FrameTransformMatrix {
                               0.999073, 0.000000,-0.043039, 0.000000,
                              -0.000000, 1.000000, 0.000000, 0.000000,
                               0.043039,-0.000000, 0.999073, 0.000000,
                               0.000004, 4.062178,-0.000003, 1.000000;;
                            }
                          } // End of Armature_thumb_03_l
                        } // End of Armature_thumb_02_l
                      } // End of Armature_thumb_01_l
                    } // End of Armature_hand_l
                    Frame Armature_lowerarm_twist_01_l {
                      FrameTransformMatrix {
                         0.997650, 0.000000, 0.068511, 0.000000,
                        -0.000000, 1.000000,-0.000000, 0.000000,
                        -0.068511, 0.000000, 0.997650, 0.000000,
                        -0.000002,14.000007, 0.000001, 1.000000;;
                      }
                    } // End of Armature_lowerarm_twist_01_l
                  } // End of Armature_lowerarm_l
                  Frame Armature_upperarm_twist_01_l {
                    FrameTransformMatrix {
                       0.865441, 0.000000,-0.501011, 0.000000,
                       0.000000, 1.000000, 0.000000, 0.000000,
                       0.501011,-0.000000, 0.865441, 0.000000,
                      -0.000003, 0.500005,-0.000003, 1.000000;;
                    }
                  } // End of Armature_upperarm_twist_01_l
                } // End of Armature_upperarm_l
              } // End of Armature_clavicle_l
              Frame Armature_clavicle_r {
                FrameTransformMatrix {
                  -0.982151,-0.136741, 0.129153, 0.000000,
                  -0.138335, 0.059885,-0.988573, 0.000000,
                   0.127444,-0.988795,-0.077732, 0.000000,
                  -2.732103,11.883781,-3.782002, 1.000000;;
                }
                Frame Armature_upperarm_r {
                  FrameTransformMatrix {
                     0.369180,-0.295727,-0.881051, 0.000000,
                     0.777578, 0.617508, 0.118555, 0.000000,
                     0.508997,-0.728854, 0.457923, 0.000000,
                    -0.000051,15.784746, 0.000082, 1.000000;;
                  }
                  Frame Armature_lowerarm_r {
                    FrameTransformMatrix {
                       0.738225,-0.667734,-0.095679, 0.000000,
                       0.667341, 0.743635,-0.040785, 0.000000,
                       0.098384,-0.033742, 0.994576, 0.000000,
                      -0.000001,30.340059, 0.000005, 1.000000;;
                    }
                    Frame Armature_hand_r {
                      FrameTransformMatrix {
                        -0.044324,-0.040264,-0.998206, 0.000000,
                        -0.195551, 0.980208,-0.030854, 0.000000,
                         0.979691, 0.193833,-0.051320, 0.000000,
                        -0.000001,26.975245,-0.000006, 1.000000;;
                      }
                      Frame Armature_index_01_r {
                        FrameTransformMatrix {
                           0.680580, 0.711086, 0.176542, 0.000000,
                          -0.685835, 0.703072,-0.187937, 0.000000,
                          -0.257761, 0.006827, 0.966185, 0.000000,
                          -1.763746,12.067951, 2.109441, 1.000000;;
                        }
                        Frame Armature_index_02_r {
                          FrameTransformMatrix {
                            -0.096418, 0.990319, 0.099859, 0.000000,
                            -0.995295,-0.094969,-0.019175, 0.000000,
                            -0.009506,-0.101239, 0.994817, 0.000000,
                             0.000096, 4.287690,-0.000079, 1.000000;;
                          }
                          Frame Armature_index_03_r {
                            FrameTransformMatrix {
                               0.666916, 0.744998, 0.014205, 0.000000,
                              -0.744829, 0.667067,-0.015866, 0.000000,
                              -0.021296, 0.000001, 0.999773, 0.000000,
                               0.000121, 3.393796,-0.000016, 1.000000;;
                            }
                          } // End of Armature_index_03_r
                        } // End of Armature_index_02_r
                      } // End of Armature_index_01_r
                      Frame Armature_middle_01_r {
                        FrameTransformMatrix {
                           0.441931, 0.896671,-0.026035, 0.000000,
                          -0.895749, 0.439542,-0.066611, 0.000000,
                          -0.048285, 0.052758, 0.997439, 0.000000,
                          -1.293753,12.244123,-0.571119, 1.000000;;
                        }
                        Frame Armature_middle_02_r {
                          FrameTransformMatrix {
                             0.178864, 0.979905, 0.088286, 0.000000,
                            -0.981563, 0.171578, 0.084232, 0.000000,
                             0.067391,-0.101724, 0.992528, 0.000000,
                            -0.000144, 4.640579, 0.000006, 1.000000;;
                          }
                          Frame Armature_middle_03_r {
                            FrameTransformMatrix {
                               0.131028, 0.991379, 0.000429, 0.000000,
                              -0.991373, 0.131028,-0.003244, 0.000000,
                              -0.003273,-0.000001, 0.999995, 0.000000,
                               0.000037, 3.648909,-0.000005, 1.000000;;
                            }
                          } // End of Armature_middle_03_r
                        } // End of Armature_middle_02_r
                      } // End of Armature_middle_01_r
                      Frame Armature_pinky_01_r {
                        FrameTransformMatrix {
                           0.827082, 0.473667,-0.302614, 0.000000,
                          -0.535493, 0.827640,-0.168105, 0.000000,
                           0.170830, 0.301084, 0.938171, 0.000000,
                          -2.263386,10.140592,-4.643088, 1.000000;;
                        }
                        Frame Armature_pinky_02_r {
                          FrameTransformMatrix {
                             0.135759, 0.989591, 0.047733, 0.000000,
                            -0.990283, 0.137004,-0.023853, 0.000000,
                            -0.030144,-0.044030, 0.998575, 0.000000,
                            -0.000080, 3.571063,-0.000008, 1.000000;;
                          }
                          Frame Armature_pinky_03_r {
                            FrameTransformMatrix {
                              -0.138523, 0.990359,-0.000993, 0.000000,
                              -0.990333,-0.138527,-0.007093, 0.000000,
                              -0.007162, 0.000001, 0.999974, 0.000000,
                               0.000322, 2.985427,-0.000033, 1.000000;;
                            }
                          } // End of Armature_pinky_03_r
                        } // End of Armature_pinky_02_r
                      } // End of Armature_pinky_01_r
                      Frame Armature_ring_01_r {
                        FrameTransformMatrix {
                           0.488693, 0.835027,-0.252801, 0.000000,
                          -0.863051, 0.505117, 0.000076, 0.000000,
                           0.127757, 0.218143, 0.967518, 0.000000,
                          -1.753795,11.497978,-2.846909, 1.000000;;
                        }
                        Frame Armature_ring_02_r {
                          FrameTransformMatrix {
                            -0.098076, 0.994969, 0.020464, 0.000000,
                            -0.995158,-0.097921,-0.008487, 0.000000,
                            -0.006441,-0.021197, 0.999755, 0.000000,
                             0.000094, 4.429873,-0.000026, 1.000000;;
                          }
                          Frame Armature_ring_03_r {
                            FrameTransformMatrix {
                               0.264059, 0.964507,-0.000106, 0.000000,
                              -0.964506, 0.264059, 0.000387, 0.000000,
                               0.000401,-0.000000, 1.000000, 0.000000,
                               0.000075, 3.476663,-0.000002, 1.000000;;
                            }
                          } // End of Armature_ring_03_r
                        } // End of Armature_ring_02_r
                      } // End of Armature_ring_01_r
                      Frame Armature_thumb_01_r {
                        FrameTransformMatrix {
                           0.166765,-0.399675, 0.901360, 0.000000,
                          -0.684860, 0.610703, 0.397503, 0.000000,
                          -0.709335,-0.683595,-0.171877, 0.000000,
                          -2.375129, 4.762128, 2.537815, 1.000000;;
                        }
                        Frame Armature_thumb_02_r {
                          FrameTransformMatrix {
                             0.809496, 0.587037, 0.010213, 0.000000,
                            -0.587123, 0.809317, 0.017122, 0.000000,
                             0.001786,-0.019856, 0.999801, 0.000000,
                             0.000113, 3.869571, 0.000056, 1.000000;;
                          }
                          Frame Armature_thumb_03_r {
                            FrameTransformMatrix {
                               0.696233, 0.717189, 0.029993, 0.000000,
                              -0.716525, 0.696879,-0.030868, 0.000000,
                              -0.043040, 0.000001, 0.999073, 0.000000,
                              -0.000003, 4.062177,-0.000002, 1.000000;;
                            }
                          } // End of Armature_thumb_03_r
                        } // End of Armature_thumb_02_r
                      } // End of Armature_thumb_01_r
                      Frame Armature_weapon_r {
                        FrameTransformMatrix {
                          -0.005470,-0.000003,-0.999985, 0.000000,
                          -0.000002,-1.000000, 0.000003, 0.000000,
                          -0.999985, 0.000002, 0.005470, 0.000000,
                          -4.667007,11.309011,-1.092998, 1.000000;;
                        }
                      } // End of Armature_weapon_r
                    } // End of Armature_hand_r
                    Frame Armature_lowerarm_twist_01_r {
                      FrameTransformMatrix {
                         0.966097, 0.000000,-0.258181, 0.000000,
                         0.000000, 1.000000, 0.000000, 0.000000,
                         0.258181,-0.000000, 0.966097, 0.000000,
                         0.000026,13.999998,-0.000009, 1.000000;;
                      }
                    } // End of Armature_lowerarm_twist_01_r
                  } // End of Armature_lowerarm_r
                  Frame Armature_upperarm_twist_01_r {
                    FrameTransformMatrix {
                       0.761829, 0.000000, 0.647778, 0.000000,
                      -0.000000, 1.000000, 0.000000, 0.000000,
                      -0.647778,-0.000000, 0.761829, 0.000000,
                      -0.000004, 0.500008, 0.000003, 1.000000;;
                    }
                  } // End of Armature_upperarm_twist_01_r
                } // End of Armature_upperarm_r
              } // End of Armature_clavicle_r
              Frame Armature_neck_01 {
                FrameTransformMatrix {
                   0.629254, 0.768064,-0.118818, 0.000000,
                  -0.772163, 0.635204, 0.016754, 0.000000,
                   0.088342, 0.081205, 0.992775, 0.000000,
                  -0.355317,16.558783, 0.000003, 1.000000;;
                }
                Frame Armature_head {
                  FrameTransformMatrix {
                     0.939174,-0.327500,-0.103415, 0.000000,
                     0.319439, 0.943587,-0.087189, 0.000000,
                     0.126136, 0.048851, 0.990810, 0.000000,
                     0.364154, 9.283609, 0.000002, 1.000000;;
                  }
                } // End of Armature_head
              } // End of Armature_neck_01
            } // End of Armature_spine_03
          } // End of Armature_spine_02
        } // End of Armature_spine_01
        Frame Armature_sword_holder {
          FrameTransformMatrix {
            -0.747446, 0.635726, 0.192816, 0.000000,
            -0.566620,-0.761589, 0.314522, 0.000000,
             0.346797, 0.125835, 0.929461, 0.000000,
            20.307110,10.832422,19.070766, 1.000000;;
          }
        } // End of Armature_sword_holder
        Frame Armature_thigh_l {
          FrameTransformMatrix {
            -0.876655, 0.360025,-0.319153, 0.000000,
             0.221239, 0.890718, 0.397082, 0.000000,
             0.427235, 0.277495,-0.860504, 0.000000,
            -1.448827, 0.531423, 9.005812, 1.000000;;
          }
          Frame Armature_calf_l {
            FrameTransformMatrix {
              -0.180369,-0.980300, 0.080490, 0.000000,
               0.974405,-0.189246,-0.121332, 0.000000,
               0.134175, 0.056545, 0.989343, 0.000000,
              -0.234994,42.346596, 0.035653, 1.000000;;
            }
            Frame Armature_calf_twist_01_l {
              FrameTransformMatrix {
                 0.998195,-0.015432,-0.058049, 0.000000,
                 0.015236, 0.999877,-0.003824, 0.000000,
                 0.058101, 0.002932, 0.998307, 0.000000,
                -0.000000,20.476776, 0.000000, 1.000000;;
              }
            } // End of Armature_calf_twist_01_l
            Frame Armature_foot_l {
              FrameTransformMatrix {
                 0.476478,-0.868149, 0.138874, 0.000000,
                -0.876816,-0.457634, 0.147532, 0.000000,
                -0.064527,-0.192062,-0.979259, 0.000000,
                -0.000392,40.196560,-0.000270, 1.000000;;
              }
              Frame Armature_ball_l {
                FrameTransformMatrix {
                   0.000374, 1.000000, 0.000148, 0.000000,
                  -1.000000, 0.000374, 0.000073, 0.000000,
                   0.000073,-0.000148, 1.000000, 0.000000,
                  -10.453847,16.577856,-0.080153, 1.000000;;
                }
              } // End of Armature_ball_l
            } // End of Armature_foot_l
          } // End of Armature_calf_l
          Frame Armature_thigh_twist_01_l {
            FrameTransformMatrix {
               0.817289,-0.000806,-0.576228, 0.000000,
               0.000983, 1.000000,-0.000004, 0.000000,
               0.576228,-0.000563, 0.817289, 0.000000,
              -0.000000,22.094248, 0.000003, 1.000000;;
            }
          } // End of Armature_thigh_twist_01_l
        } // End of Armature_thigh_l
        Frame Armature_thigh_r {
          FrameTransformMatrix {
             0.894808, 0.341385,-0.287708, 0.000000,
            -0.346402, 0.937434, 0.034975, 0.000000,
             0.281647, 0.068367, 0.957079, 0.000000,
            -1.448644, 0.531426,-9.005803, 1.000000;;
          }
          Frame Armature_calf_r {
            FrameTransformMatrix {
              -0.389966, 0.914369,-0.108884, 0.000000,
              -0.908250,-0.401419,-0.118090, 0.000000,
              -0.151686, 0.052843, 0.987015, 0.000000,
               0.285695,42.364109, 0.042553, 1.000000;;
            }
            Frame Armature_calf_twist_01_r {
              FrameTransformMatrix {
                 0.993161, 0.015576, 0.115711, 0.000000,
                -0.015235, 0.999876,-0.003825, 0.000000,
                -0.115756, 0.002036, 0.993276, 0.000000,
                -0.000001,20.476917, 0.000003, 1.000000;;
              }
            } // End of Armature_calf_twist_01_r
            Frame Armature_foot_r {
              FrameTransformMatrix {
                -0.872040, 0.279405, 0.401845, 0.000000,
                 0.415315, 0.856844, 0.305502, 0.000000,
                -0.258960, 0.433302,-0.863243, 0.000000,
                -0.001176,40.195938, 0.000381, 1.000000;;
              }
              Frame Armature_ball_r {
                FrameTransformMatrix {
                   0.162497,-0.986709, 0.000580, 0.000000,
                   0.986709, 0.162497,-0.000023, 0.000000,
                  -0.000072, 0.000577, 1.000000, 0.000000,
                  10.453818,16.577805,-0.080162, 1.000000;;
                }
              } // End of Armature_ball_r
            } // End of Armature_foot_r
          } // End of Armature_calf_r
          Frame Armature_thigh_twist_01_r {
            FrameTransformMatrix {
               0.898125, 0.000884, 0.439740, 0.000000,
              -0.000983, 1.000000,-0.000003, 0.000000,
              -0.439740,-0.000430, 0.898125, 0.000000,
              -0.000002,22.094246, 0.000005, 1.000000;;
            }
          } // End of Armature_thigh_twist_01_r
        } // End of Armature_thigh_r
      } // End of Armature_pelvis
    } // End of Armature_root
  } // End of Armature
} // End of Root
AnimationSet Global {
  Animation {
    {Armature}
    AnimationKey { // Rotation
      0;
      31;
      0;4;-0.707107, 0.707107, 0.000000, 0.000000;;,
      1;4;-0.707107, 0.707107, 0.000000, 0.000000;;,
      2;4;-0.707107, 0.707107, 0.000000, 0.000000;;,
      3;4;-0.707107, 0.707107, 0.000000, 0.000000;;,
      4;4;-0.707107, 0.707107, 0.000000, 0.000000;;,
      5;4;-0.707107, 0.707107, 0.000000, 0.000000;;,
      6;4;-0.707107, 0.707107, 0.000000, 0.000000;;,
      7;4;-0.707107, 0.707107, 0.000000, 0.000000;;,
      8;4;-0.707107, 0.707107, 0.000000, 0.000000;;,
      9;4;-0.707107, 0.707107, 0.000000, 0.000000;;,
      10;4;-0.707107, 0.707107, 0.000000, 0.000000;;,
      11;4;-0.707107, 0.707107, 0.000000, 0.000000;;,
      12;4;-0.707107, 0.707107, 0.000000, 0.000000;;,
      13;4;-0.707107, 0.707107, 0.000000, 0.000000;;,
      14;4;-0.707107, 0.707107, 0.000000, 0.000000;;,
      15;4;-0.707107, 0.707107, 0.000000, 0.000000;;,
      16;4;-0.707107, 0.707107, 0.000000, 0.000000;;,
      17;4;-0.707107, 0.707107, 0.000000, 0.000000;;,
      18;4;-0.707107, 0.707107, 0.000000, 0.000000;;,
      19;4;-0.707107, 0.707107, 0.000000, 0.000000;;,
      20;4;-0.707107, 0.707107, 0.000000, 0.000000;;,
      21;4;-0.707107, 0.707107, 0.000000, 0.000000;;,
      22;4;-0.707107, 0.707107, 0.000000, 0.000000;;,
      23;4;-0.707107, 0.707107, 0.000000, 0.000000;;,
      24;4;-0.707107, 0.707107, 0.000000, 0.000000;;,
      25;4;-0.707107, 0.707107, 0.000000, 0.000000;;,
      26;4;-0.707107, 0.707107, 0.000000, 0.000000;;,
      27;4;-0.707107, 0.707107, 0.000000, 0.000000;;,
      28;4;-0.707107, 0.707107, 0.000000, 0.000000;;,
      29;4;-0.707107, 0.707107, 0.000000, 0.000000;;,
      30;4;-0.707107, 0.707107, 0.000000, 0.000000;;;
    }
    AnimationKey { // Scale
      1;
      31;
      0;3; 0.010000, 0.010000, 0.010000;;,
      1;3; 0.010000, 0.010000, 0.010000;;,
      2;3; 0.010000, 0.010000, 0.010000;;,
      3;3; 0.010000, 0.010000, 0.010000;;,
      4;3; 0.010000, 0.010000, 0.010000;;,
      5;3; 0.010000, 0.010000, 0.010000;;,
      6;3; 0.010000, 0.010000, 0.010000;;,
      7;3; 0.010000, 0.010000, 0.010000;;,
      8;3; 0.010000, 0.010000, 0.010000;;,
      9;3; 0.010000, 0.010000, 0.010000;;,
      10;3; 0.010000, 0.010000, 0.010000;;,
      11;3; 0.010000, 0.010000, 0.010000;;,
      12;3; 0.010000, 0.010000, 0.010000;;,
      13;3; 0.010000, 0.010000, 0.010000;;,
      14;3; 0.010000, 0.010000, 0.010000;;,
      15;3; 0.010000, 0.010000, 0.010000;;,
      16;3; 0.010000, 0.010000, 0.010000;;,
      17;3; 0.010000, 0.010000, 0.010000;;,
      18;3; 0.010000, 0.010000, 0.010000;;,
      19;3; 0.010000, 0.010000, 0.010000;;,
      20;3; 0.010000, 0.010000, 0.010000;;,
      21;3; 0.010000, 0.010000, 0.010000;;,
      22;3; 0.010000, 0.010000, 0.010000;;,
      23;3; 0.010000, 0.010000, 0.010000;;,
      24;3; 0.010000, 0.010000, 0.010000;;,
      25;3; 0.010000, 0.010000, 0.010000;;,
      26;3; 0.010000, 0.010000, 0.010000;;,
      27;3; 0.010000, 0.010000, 0.010000;;,
      28;3; 0.010000, 0.010000, 0.010000;;,
      29;3; 0.010000, 0.010000, 0.010000;;,
      30;3; 0.010000, 0.010000, 0.010000;;;
    }
    AnimationKey { // Position
      2;
      31;
      0;3; 0.000000, 0.000000, 0.000000;;,
      1;3; 0.000000, 0.000000, 0.000000;;,
      2;3; 0.000000, 0.000000, 0.000000;;,
      3;3; 0.000000, 0.000000, 0.000000;;,
      4;3; 0.000000, 0.000000, 0.000000;;,
      5;3; 0.000000, 0.000000, 0.000000;;,
      6;3; 0.000000, 0.000000, 0.000000;;,
      7;3; 0.000000, 0.000000, 0.000000;;,
      8;3; 0.000000, 0.000000, 0.000000;;,
      9;3; 0.000000, 0.000000, 0.000000;;,
      10;3; 0.000000, 0.000000, 0.000000;;,
      11;3; 0.000000, 0.000000, 0.000000;;,
      12;3; 0.000000, 0.000000, 0.000000;;,
      13;3; 0.000000, 0.000000, 0.000000;;,
      14;3; 0.000000, 0.000000, 0.000000;;,
      15;3; 0.000000, 0.000000, 0.000000;;,
      16;3; 0.000000, 0.000000, 0.000000;;,
      17;3; 0.000000, 0.000000, 0.000000;;,
      18;3; 0.000000, 0.000000, 0.000000;;,
      19;3; 0.000000, 0.000000, 0.000000;;,
      20;3; 0.000000, 0.000000, 0.000000;;,
      21;3; 0.000000, 0.000000, 0.000000;;,
      22;3; 0.000000, 0.000000, 0.000000;;,
      23;3; 0.000000, 0.000000, 0.000000;;,
      24;3; 0.000000, 0.000000, 0.000000;;,
      25;3; 0.000000, 0.000000, 0.000000;;,
      26;3; 0.000000, 0.000000, 0.000000;;,
      27;3; 0.000000, 0.000000, 0.000000;;,
      28;3; 0.000000, 0.000000, 0.000000;;,
      29;3; 0.000000, 0.000000, 0.000000;;,
      30;3; 0.000000, 0.000000, 0.000000;;;
    }
  }
  Animation {
    {Armature_root}
    AnimationKey { // Rotation
      0;
      31;
      0;4;-1.000000,-0.000000, 0.000000, 0.000000;;,
      1;4;-1.000000,-0.000000, 0.000000, 0.000000;;,
      2;4;-1.000000,-0.000000, 0.000000, 0.000000;;,
      3;4;-1.000000,-0.000000, 0.000000, 0.000000;;,
      4;4;-1.000000,-0.000000, 0.000000, 0.000000;;,
      5;4;-1.000000,-0.000000, 0.000000, 0.000000;;,
      6;4;-1.000000,-0.000000, 0.000000, 0.000000;;,
      7;4;-1.000000,-0.000000, 0.000000, 0.000000;;,
      8;4;-1.000000,-0.000000, 0.000000, 0.000000;;,
      9;4;-1.000000,-0.000000, 0.000000, 0.000000;;,
      10;4;-1.000000,-0.000000, 0.000000, 0.000000;;,
      11;4;-1.000000,-0.000000, 0.000000, 0.000000;;,
      12;4;-1.000000,-0.000000, 0.000000, 0.000000;;,
      13;4;-1.000000,-0.000000, 0.000000, 0.000000;;,
      14;4;-1.000000,-0.000000, 0.000000, 0.000000;;,
      15;4;-1.000000,-0.000000, 0.000000, 0.000000;;,
      16;4;-1.000000,-0.000000, 0.000000, 0.000000;;,
      17;4;-1.000000,-0.000000, 0.000000, 0.000000;;,
      18;4;-1.000000,-0.000000, 0.000000, 0.000000;;,
      19;4;-1.000000,-0.000000, 0.000000, 0.000000;;,
      20;4;-1.000000,-0.000000, 0.000000, 0.000000;;,
      21;4;-1.000000,-0.000000, 0.000000, 0.000000;;,
      22;4;-1.000000,-0.000000, 0.000000, 0.000000;;,
      23;4;-1.000000,-0.000000, 0.000000, 0.000000;;,
      24;4;-1.000000,-0.000000, 0.000000, 0.000000;;,
      25;4;-1.000000,-0.000000, 0.000000, 0.000000;;,
      26;4;-1.000000,-0.000000, 0.000000, 0.000000;;,
      27;4;-1.000000,-0.000000, 0.000000, 0.000000;;,
      28;4;-1.000000,-0.000000, 0.000000, 0.000000;;,
      29;4;-1.000000,-0.000000, 0.000000, 0.000000;;,
      30;4;-1.000000,-0.000000, 0.000000, 0.000000;;;
    }
    AnimationKey { // Scale
      1;
      31;
      0;3; 1.000000, 1.000000, 1.000000;;,
      1;3; 1.000000, 1.000000, 1.000000;;,
      2;3; 1.000000, 1.000000, 1.000000;;,
      3;3; 1.000000, 1.000000, 1.000000;;,
      4;3; 1.000000, 1.000000, 1.000000;;,
      5;3; 1.000000, 1.000000, 1.000000;;,
      6;3; 1.000000, 1.000000, 1.000000;;,
      7;3; 1.000000, 1.000000, 1.000000;;,
      8;3; 1.000000, 1.000000, 1.000000;;,
      9;3; 1.000000, 1.000000, 1.000000;;,
      10;3; 1.000000, 1.000000, 1.000000;;,
      11;3; 1.000000, 1.000000, 1.000000;;,
      12;3; 1.000000, 1.000000, 1.000000;;,
      13;3; 1.000000, 1.000000, 1.000000;;,
      14;3; 1.000000, 1.000000, 1.000000;;,
      15;3; 1.000000, 1.000000, 1.000000;;,
      16;3; 1.000000, 1.000000, 1.000000;;,
      17;3; 1.000000, 1.000000, 1.000000;;,
      18;3; 1.000000, 1.000000, 1.000000;;,
      19;3; 1.000000, 1.000000, 1.000000;;,
      20;3; 1.000000, 1.000000, 1.000000;;,
      21;3; 1.000000, 1.000000, 1.000000;;,
      22;3; 1.000000, 1.000000, 1.000000;;,
      23;3; 1.000000, 1.000000, 1.000000;;,
      24;3; 1.000000, 1.000000, 1.000000;;,
      25;3; 1.000000, 1.000000, 1.000000;;,
      26;3; 1.000000, 1.000000, 1.000000;;,
      27;3; 1.000000, 1.000000, 1.000000;;,
      28;3; 1.000000, 1.000000, 1.000000;;,
      29;3; 1.000000, 1.000000, 1.000000;;,
      30;3; 1.000000, 1.000000, 1.000000;;;
    }
    AnimationKey { // Position
      2;
      31;
      0;3; 0.000000, 0.000000, 0.000000;;,
      1;3; 0.000000, 0.000000, 0.000000;;,
      2;3; 0.000000, 0.000000, 0.000000;;,
      3;3; 0.000000, 0.000000, 0.000000;;,
      4;3; 0.000000, 0.000000, 0.000000;;,
      5;3; 0.000000, 0.000000, 0.000000;;,
      6;3; 0.000000, 0.000000, 0.000000;;,
      7;3; 0.000000, 0.000000, 0.000000;;,
      8;3; 0.000000, 0.000000, 0.000000;;,
      9;3; 0.000000, 0.000000, 0.000000;;,
      10;3; 0.000000, 0.000000, 0.000000;;,
      11;3; 0.000000, 0.000000, 0.000000;;,
      12;3; 0.000000, 0.000000, 0.000000;;,
      13;3; 0.000000, 0.000000, 0.000000;;,
      14;3; 0.000000, 0.000000, 0.000000;;,
      15;3; 0.000000, 0.000000, 0.000000;;,
      16;3; 0.000000, 0.000000, 0.000000;;,
      17;3; 0.000000, 0.000000, 0.000000;;,
      18;3; 0.000000, 0.000000, 0.000000;;,
      19;3; 0.000000, 0.000000, 0.000000;;,
      20;3; 0.000000, 0.000000, 0.000000;;,
      21;3; 0.000000, 0.000000, 0.000000;;,
      22;3; 0.000000, 0.000000, 0.000000;;,
      23;3; 0.000000, 0.000000, 0.000000;;,
      24;3; 0.000000, 0.000000, 0.000000;;,
      25;3; 0.000000, 0.000000, 0.000000;;,
      26;3; 0.000000, 0.000000, 0.000000;;,
      27;3; 0.000000, 0.000000, 0.000000;;,
      28;3; 0.000000, 0.000000, 0.000000;;,
      29;3; 0.000000, 0.000000, 0.000000;;,
      30;3; 0.000000, 0.000000, 0.000000;;;
    }
  }
  Animation {
    {Armature_pelvis}
    AnimationKey { // Rotation
      0;
      31;
      0;4;-0.376414,-0.237234, 0.847759, 0.288682;;,
      1;4;-0.433273,-0.227435, 0.791790, 0.365537;;,
      2;4;-0.477615,-0.201073, 0.743050, 0.423474;;,
      3;4;-0.506531,-0.140498, 0.701607, 0.481077;;,
      4;4;-0.515352,-0.084530, 0.649890, 0.552186;;,
      5;4;-0.510909,-0.046107, 0.593913, 0.619769;;,
      6;4;-0.500052,-0.019429, 0.539626, 0.677033;;,
      7;4;-0.514690,-0.016185, 0.481392, 0.709291;;,
      8;4;-0.530448,-0.005148, 0.432978, 0.728786;;,
      9;4;-0.549016, 0.005806, 0.385782, 0.741431;;,
      10;4;-0.567111, 0.021569, 0.344236, 0.747945;;,
      11;4;-0.579181, 0.042274, 0.308617, 0.753338;;,
      12;4;-0.589048, 0.064872, 0.281162, 0.754826;;,
      13;4;-0.596950, 0.083028, 0.261681, 0.753844;;,
      14;4;-0.603579, 0.096562, 0.247152, 0.751854;;,
      15;4;-0.609958, 0.105797, 0.238111, 0.748373;;,
      16;4;-0.621840, 0.111893, 0.233117, 0.739223;;,
      17;4;-0.634798, 0.118629, 0.228916, 0.728393;;,
      18;4;-0.648235, 0.125227, 0.226073, 0.716241;;,
      19;4;-0.661855, 0.131621, 0.224351, 0.703057;;,
      20;4;-0.675003, 0.136430, 0.224774, 0.689372;;,
      21;4;-0.688109, 0.141861, 0.224885, 0.675136;;,
