xof 0303txt 0032

template XSkinMeshHeader {
  <3cf169ce-ff7c-44ab-93c0-f78f62d172e2>
  WORD nMaxSkinWeightsPerVertex;
  WORD nMaxSkinWeightsPerFace;
  WORD nBones;
}

template SkinWeights {
  <6f0d123b-bad2-4167-a0d0-80224f25fabb>
  STRING transformNodeName;
  DWORD nWeights;
  array DWORD vertexIndices[nWeights];
  array float weights[nWeights];
  Matrix4x4 matrixOffset;
}

Frame Root {
  FrameTransformMatrix {
     1.000000, 0.000000, 0.000000, 0.000000,
     0.000000,-0.000000, 1.000000, 0.000000,
     0.000000, 1.000000, 0.000000, 0.000000,
     0.000000, 0.000000, 0.000000, 1.000000;;
  }
  Frame Armature {
    FrameTransformMatrix {
       0.010000, 0.000000, 0.000000, 0.000000,
       0.000000,-0.000000, 0.010000, 0.000000,
       0.000000,-0.010000,-0.000000, 0.000000,
       0.000000, 0.000000, 0.000000, 1.000000;;
    }
    Frame Armature_root {
      FrameTransformMatrix {
         1.000000, 0.000000, 0.000000, 0.000000,
         0.000000, 1.000000,-0.000000, 0.000000,
         0.000000, 0.000000, 1.000000, 0.000000,
         0.000000, 0.000000, 0.000000, 1.000000;;
      }
      Frame Armature_ik_foot_root {
        FrameTransformMatrix {
           0.000000,-0.000000,-1.000000, 0.000000,
           1.000000, 0.000000, 0.000000, 0.000000,
           0.000000,-1.000000, 0.000000, 0.000000,
           0.000000, 0.000000, 0.000000, 1.000000;;
        }
        Frame Armature_ik_foot_l {
          FrameTransformMatrix {
            -0.337087, 0.616347, 0.711681, 0.000000,
             0.785612,-0.232433, 0.573402, 0.000000,
             0.518832, 0.752391,-0.405859, 0.000000,
            -23.217379,-1.899363,-72.396454, 1.000000;;
          }
        } // End of Armature_ik_foot_l
        Frame Armature_ik_foot_r {
          FrameTransformMatrix {
            -0.339835, 0.907066,-0.248484, 0.000000,
             0.822726, 0.414730, 0.388744, 0.000000,
             0.455670,-0.072325,-0.887206, 0.000000,
            -33.653889,17.985607,-41.017651, 1.000000;;
          }
        } // End of Armature_ik_foot_r
      } // End of Armature_ik_foot_root
      Frame Armature_ik_hand_root {
        FrameTransformMatrix {
           1.000000, 0.000000, 0.000000, 0.000000,
           0.000000, 1.000000, 0.000000, 0.000000,
           0.000000, 0.000000, 1.000000, 0.000000,
           0.000000, 0.000000, 0.000000, 1.000000;;
        }
        Frame Armature_ik_hand_gun {
          FrameTransformMatrix {
            -0.740355,-0.353309,-0.571880, 0.000000,
             0.189400,-0.925910, 0.326832, 0.000000,
            -0.644982, 0.133657, 0.752419, 0.000000,
            -38.262375,49.410591,-0.307276, 1.000000;;
          }
          Frame Armature_ik_hand_l {
            FrameTransformMatrix {
              -0.369064, 0.120347, 0.921579, 0.000000,
               0.015939,-0.990616, 0.135745, 0.000000,
               0.929268, 0.064787, 0.363682, 0.000000,
              -17.943544,-15.362822,-44.263817, 1.000000;;
            }
          } // End of Armature_ik_hand_l
          Frame Armature_ik_hand_r {
            FrameTransformMatrix {
               1.000000,-0.000000,-0.000000, 0.000000,
               0.000000, 1.000000, 0.000000, 0.000000,
               0.000000,-0.000000, 1.000000, 0.000000,
              -0.000006,-0.000011,-0.000003, 1.000000;;
            }
          } // End of Armature_ik_hand_r
        } // End of Armature_ik_hand_gun
      } // End of Armature_ik_hand_root
      Frame Armature_pelvis {
        FrameTransformMatrix {
          -0.604066,-0.184908,-0.775186, 0.000000,
          -0.619562, 0.720766, 0.310869, 0.000000,
           0.501246, 0.668061,-0.549952, 0.000000,
           0.065289,25.321335,-5.736135, 1.000000;;
        }
        Frame Armature_spine_01 {
          FrameTransformMatrix {
             0.240178,-0.970622, 0.014423, 0.000000,
             0.970157, 0.240520, 0.030754, 0.000000,
            -0.033320, 0.006606, 0.999423, 0.000000,
            10.808880, 0.851418, 0.000001, 1.000000;;
          }
          Frame Armature_spine_02 {
            FrameTransformMatrix {
               0.999890, 0.012578, 0.007870, 0.000000,
              -0.013111, 0.997329, 0.071861, 0.000000,
              -0.006945,-0.071956, 0.997384, 0.000000,
               3.798309,18.837545,-0.025107, 1.000000;;
            }
            Frame Armature_spine_03 {
              FrameTransformMatrix {
                 0.983753, 0.179475, 0.004368, 0.000000,
                -0.179370, 0.981578, 0.065813, 0.000000,
                 0.007524,-0.065527, 0.997823, 0.000000,
                 0.420714,13.412392,-0.001074, 1.000000;;
              }
              Frame Armature_clavicle_l {
                FrameTransformMatrix {
                   0.890618, 0.147483,-0.430172, 0.000000,
                   0.417973, 0.107196, 0.902113, 0.000000,
                   0.179159,-0.983238, 0.033827, 0.000000,
                  -2.732086,11.883685, 3.781982, 1.000000;;
                }
                Frame Armature_upperarm_l {
                  FrameTransformMatrix {
                     0.860643, 0.313979, 0.400887, 0.000000,
                    -0.489467, 0.293018, 0.821317, 0.000000,
                     0.140409,-0.903082, 0.405867, 0.000000,
                    -0.000001,15.784871, 0.000000, 1.000000;;
                  }
                  Frame Armature_lowerarm_l {
                    FrameTransformMatrix {
                       0.449618, 0.893221, 0.000000, 0.000000,
                      -0.893221, 0.449618, 0.000000, 0.000000,
                       0.000000,-0.000000, 1.000000, 0.000000,
                       0.000001,30.339945, 0.000006, 1.000000;;
                    }
                    Frame Armature_hand_l {
                      FrameTransformMatrix {
                        -0.117119, 0.668884, 0.734083, 0.000000,
                        -0.451748, 0.622389,-0.639184, 0.000000,
                        -0.884425,-0.406481, 0.229273, 0.000000,
                        -0.000003,26.975157,-0.000000, 1.000000;;
                      }
                      Frame Armature_index_01_l {
                        FrameTransformMatrix {
                           0.960837,-0.092879,-0.261086, 0.000000,
                           0.115827, 0.990517, 0.073893, 0.000000,
                           0.251747,-0.101240, 0.962483, 0.000000,
                           1.763466,12.068117, 2.109403, 1.000000;;
                        }
                        Frame Armature_index_02_l {
                          FrameTransformMatrix {
                             0.972324,-0.231352,-0.032585, 0.000000,
                             0.233239, 0.969312, 0.077675, 0.000000,
                             0.013615,-0.083126, 0.996446, 0.000000,
                            -0.000001, 4.287501,-0.000000, 1.000000;;
                          }
                          Frame Armature_index_03_l {
                            FrameTransformMatrix {
                               0.999773,-0.000000,-0.021295, 0.000000,
                               0.000000, 1.000000, 0.000000, 0.000000,
                               0.021295,-0.000000, 0.999773, 0.000000,
                               0.000001, 3.393800,-0.000002, 1.000000;;
                            }
                          } // End of Armature_index_03_l
                        } // End of Armature_index_02_l
                      } // End of Armature_index_01_l
                      Frame Armature_middle_01_l {
                        FrameTransformMatrix {
                           0.939550,-0.339404,-0.045295, 0.000000,
                           0.324964, 0.925525,-0.194426, 0.000000,
                           0.107911, 0.167954, 0.979871, 0.000000,
                           1.293645,12.244288,-0.571162, 1.000000;;
                        }
                        Frame Armature_middle_02_l {
                          FrameTransformMatrix {
                             0.943806,-0.329455, 0.026273, 0.000000,
                             0.326330, 0.941535, 0.083785, 0.000000,
                            -0.052340,-0.070503, 0.996137, 0.000000,
                            -0.000000, 4.640377, 0.000000, 1.000000;;
                          }
                          Frame Armature_middle_03_l {
                            FrameTransformMatrix {
                               0.999995,-0.000002,-0.003274, 0.000000,
                               0.000002, 1.000000, 0.000000, 0.000000,
                               0.003274,-0.000000, 0.999995, 0.000000,
                              -0.000003, 3.648858,-0.000004, 1.000000;;
                            }
                          } // End of Armature_middle_03_l
                        } // End of Armature_middle_02_l
                      } // End of Armature_middle_01_l
                      Frame Armature_pinky_01_l {
                        FrameTransformMatrix {
                           0.764600,-0.520681, 0.379841, 0.000000,
                           0.631652, 0.722498,-0.281091, 0.000000,
                          -0.128075, 0.454849, 0.881311, 0.000000,
                           2.263151,10.140669,-4.643148, 1.000000;;
                        }
                        Frame Armature_pinky_02_l {
                          FrameTransformMatrix {
                             0.792400,-0.608699,-0.039847, 0.000000,
                             0.608775, 0.793258,-0.011603, 0.000000,
                             0.038671,-0.015064, 0.999138, 0.000000,
                            -0.000002, 3.570989, 0.000002, 1.000000;;
                          }
                          Frame Armature_pinky_03_l {
                            FrameTransformMatrix {
                               0.999974, 0.000003,-0.007165, 0.000000,
                              -0.000003, 1.000000, 0.000001, 0.000000,
                               0.007165,-0.000000, 0.999974, 0.000000,
                               0.000002, 2.985633, 0.000002, 1.000000;;
                            }
                          } // End of Armature_pinky_03_l
                        } // End of Armature_pinky_02_l
                      } // End of Armature_pinky_01_l
                      Frame Armature_ring_01_l {
                        FrameTransformMatrix {
                           0.803712,-0.521579, 0.286362, 0.000000,
                           0.586173, 0.776719,-0.230456, 0.000000,
                          -0.102221, 0.353077, 0.929993, 0.000000,
                           1.753526,11.497883,-2.846910, 1.000000;;
                        }
                        Frame Armature_ring_02_l {
                          FrameTransformMatrix {
                             0.867111,-0.497960,-0.012395, 0.000000,
                             0.498017, 0.867165, 0.001807, 0.000000,
                             0.009849,-0.007740, 0.999921, 0.000000,
                             0.000000, 4.430179,-0.000002, 1.000000;;
                          }
                          Frame Armature_ring_03_l {
                            FrameTransformMatrix {
                               1.000000, 0.000002, 0.000400, 0.000000,
                              -0.000002, 1.000000,-0.000001, 0.000000,
                              -0.000400, 0.000001, 1.000000, 0.000000,
                               0.000008, 3.476651, 0.000000, 1.000000;;
                            }
                          } // End of Armature_ring_03_l
                        } // End of Armature_ring_02_l
                      } // End of Armature_ring_01_l
                      Frame Armature_thumb_01_l {
                        FrameTransformMatrix {
                           0.133840, 0.509984,-0.849708, 0.000000,
                           0.589006, 0.648606, 0.482061, 0.000000,
                           0.796969,-0.565002,-0.213574, 0.000000,
                           2.374982, 4.762033, 2.537826, 1.000000;;
                        }
                        Frame Armature_thumb_02_l {
                          FrameTransformMatrix {
                             0.999975,-0.002693,-0.006562, 0.000000,
                             0.002597, 0.999890,-0.014624, 0.000000,
                             0.006601, 0.014606, 0.999872, 0.000000,
                            -0.000006, 3.869672,-0.000002, 1.000000;;
                          }
                          Frame Armature_thumb_03_l {
                            FrameTransformMatrix {
                               0.999073, 0.000000,-0.043039, 0.000000,
                              -0.000000, 1.000000, 0.000000, 0.000000,
                               0.043039,-0.000000, 0.999073, 0.000000,
                               0.000008, 4.062176,-0.000004, 1.000000;;
                            }
                          } // End of Armature_thumb_03_l
                        } // End of Armature_thumb_02_l
                      } // End of Armature_thumb_01_l
                    } // End of Armature_hand_l
                    Frame Armature_lowerarm_twist_01_l {
                      FrameTransformMatrix {
                         0.997650, 0.000000, 0.068511, 0.000000,
                        -0.000000, 1.000000,-0.000000, 0.000000,
                        -0.068511, 0.000000, 0.997650, 0.000000,
                        -0.000002,14.000005,-0.000001, 1.000000;;
                      }
                    } // End of Armature_lowerarm_twist_01_l
                  } // End of Armature_lowerarm_l
                  Frame Armature_upperarm_twist_01_l {
                    FrameTransformMatrix {
                       0.865441, 0.000000,-0.501011, 0.000000,
                       0.000000, 1.000000, 0.000000, 0.000000,
                       0.501011,-0.000000, 0.865441, 0.000000,
                       0.000003, 0.500006,-0.000002, 1.000000;;
                    }
                  } // End of Armature_upperarm_twist_01_l
                } // End of Armature_upperarm_l
              } // End of Armature_clavicle_l
              Frame Armature_clavicle_r {
                FrameTransformMatrix {
                  -0.982151,-0.136741, 0.129153, 0.000000,
                  -0.138335, 0.059885,-0.988573, 0.000000,
                   0.127444,-0.988795,-0.077732, 0.000000,
                  -2.732101,11.883781,-3.782005, 1.000000;;
                }
                Frame Armature_upperarm_r {
                  FrameTransformMatrix {
                     0.506843,-0.704605,-0.496631, 0.000000,
                     0.775131, 0.120422, 0.620219, 0.000000,
                    -0.377204,-0.699307, 0.607196, 0.000000,
                    -0.000051,15.784744, 0.000078, 1.000000;;
                  }
                  Frame Armature_lowerarm_r {
                    FrameTransformMatrix {
                       0.545839,-0.837890,-0.000001, 0.000000,
                       0.837890, 0.545839,-0.000001, 0.000000,
                       0.000001,-0.000001, 1.000000, 0.000000,
                       0.000005,30.340069, 0.000003, 1.000000;;
                    }
                    Frame Armature_hand_r {
                      FrameTransformMatrix {
                         0.556866,-0.622264,-0.550171, 0.000000,
                         0.612673, 0.754971,-0.233773, 0.000000,
                         0.560832,-0.206895, 0.801662, 0.000000,
                        -0.000005,26.975250,-0.000013, 1.000000;;
                      }
                      Frame Armature_index_01_r {
                        FrameTransformMatrix {
                           0.908961, 0.230072, 0.347644, 0.000000,
                          -0.252817, 0.967289, 0.020867, 0.000000,
                          -0.331471,-0.106858, 0.937394, 0.000000,
                          -1.763724,12.067842, 2.109434, 1.000000;;
                        }
                        Frame Armature_index_02_r {
                          FrameTransformMatrix {
                             0.924098, 0.378785, 0.050636, 0.000000,
                            -0.381966, 0.911336, 0.153523, 0.000000,
                             0.012006,-0.161211, 0.986847, 0.000000,
                             0.000093, 4.287691,-0.000075, 1.000000;;
                          }
                          Frame Armature_index_03_r {
                            FrameTransformMatrix {
                               0.999773,-0.000031, 0.021297, 0.000000,
                               0.000031, 1.000000,-0.000001, 0.000000,
                              -0.021297, 0.000002, 0.999773, 0.000000,
                               0.000125, 3.393815,-0.000020, 1.000000;;
                            }
                          } // End of Armature_index_03_r
                        } // End of Armature_index_02_r
                      } // End of Armature_index_01_r
                      Frame Armature_middle_01_r {
                        FrameTransformMatrix {
                           0.927955, 0.367171, 0.063918, 0.000000,
                          -0.358722, 0.926453,-0.114031, 0.000000,
                          -0.101086, 0.082887, 0.991419, 0.000000,
                          -1.293729,12.244019,-0.571125, 1.000000;;
                        }
                        Frame Armature_middle_02_r {
                          FrameTransformMatrix {
                             0.901537, 0.432409,-0.015902, 0.000000,
                            -0.428639, 0.897495, 0.103783, 0.000000,
                             0.059149,-0.086748, 0.994473, 0.000000,
                            -0.000145, 4.640586, 0.000005, 1.000000;;
                          }
                          Frame Armature_middle_03_r {
                            FrameTransformMatrix {
                               0.999995,-0.000001, 0.003274, 0.000000,
                               0.000001, 1.000000, 0.000000, 0.000000,
                              -0.003274,-0.000000, 0.999995, 0.000000,
                               0.000036, 3.648907,-0.000001, 1.000000;;
                            }
                          } // End of Armature_middle_03_r
                        } // End of Armature_middle_02_r
                      } // End of Armature_middle_01_r
                      Frame Armature_pinky_01_r {
                        FrameTransformMatrix {
                           0.868252, 0.289071,-0.403208, 0.000000,
                          -0.437893, 0.828552,-0.348929, 0.000000,
                           0.233214, 0.479521, 0.845974, 0.000000,
                          -2.263355,10.140493,-4.643090, 1.000000;;
                        }
                        Frame Armature_pinky_02_r {
                          FrameTransformMatrix {
                             0.927887, 0.370695, 0.040125, 0.000000,
                            -0.372421, 0.926634, 0.051500, 0.000000,
                            -0.018090,-0.062730, 0.997866, 0.000000,
                            -0.000068, 3.571061,-0.000009, 1.000000;;
                          }
                          Frame Armature_pinky_03_r {
                            FrameTransformMatrix {
                               0.999974,-0.000101, 0.007163, 0.000000,
                               0.000101, 1.000000,-0.000000, 0.000000,
                              -0.007163, 0.000001, 0.999974, 0.000000,
                               0.000326, 2.985421,-0.000034, 1.000000;;
                            }
                          } // End of Armature_pinky_03_r
                        } // End of Armature_pinky_02_r
                      } // End of Armature_pinky_01_r
                      Frame Armature_ring_01_r {
                        FrameTransformMatrix {
                           0.918453, 0.287237,-0.271915, 0.000000,
                          -0.351736, 0.907567,-0.229356, 0.000000,
                           0.180902, 0.306295, 0.934590, 0.000000,
                          -1.753772,11.497882,-2.846908, 1.000000;;
                        }
                        Frame Armature_ring_02_r {
                          FrameTransformMatrix {
                             0.837479, 0.546199, 0.017178, 0.000000,
                            -0.546424, 0.837401, 0.013435, 0.000000,
                            -0.007047,-0.020638, 0.999762, 0.000000,
                             0.000085, 4.429861,-0.000017, 1.000000;;
                          }
                          Frame Armature_ring_03_r {
                            FrameTransformMatrix {
                               1.000000,-0.000029,-0.000401, 0.000000,
                               0.000029, 1.000000,-0.000000, 0.000000,
                               0.000401, 0.000000, 1.000000, 0.000000,
                               0.000074, 3.476654,-0.000001, 1.000000;;
                            }
                          } // End of Armature_ring_03_r
                        } // End of Armature_ring_02_r
                      } // End of Armature_ring_01_r
                      Frame Armature_thumb_01_r {
                        FrameTransformMatrix {
                           0.408305,-0.314378, 0.857002, 0.000000,
                          -0.604324, 0.610543, 0.511889, 0.000000,
                          -0.684164,-0.726913, 0.059302, 0.000000,
                          -2.375077, 4.762013, 2.537804, 1.000000;;
                        }
                        Frame Armature_thumb_02_r {
                          FrameTransformMatrix {
                             0.989509, 0.144417, 0.003981, 0.000000,
                            -0.144389, 0.989499,-0.006624, 0.000000,
                            -0.004896, 0.005980, 0.999970, 0.000000,
                             0.000118, 3.869568, 0.000058, 1.000000;;
                          }
                          Frame Armature_thumb_03_r {
                            FrameTransformMatrix {
                               0.999075,-0.000000, 0.043009, 0.000000,
                               0.000001, 1.000000,-0.000014, 0.000000,
                              -0.043009, 0.000014, 0.999075, 0.000000,
                               0.000000, 4.062183,-0.000005, 1.000000;;
                            }
                          } // End of Armature_thumb_03_r
                        } // End of Armature_thumb_02_r
                      } // End of Armature_thumb_01_r
                      Frame Armature_weapon_r {
                        FrameTransformMatrix {
                           0.653298, 0.405972,-0.639053, 0.000000,
                           0.754185,-0.422973, 0.502294, 0.000000,
                          -0.066385,-0.810112,-0.582505, 0.000000,
                          -2.645633,-2.984495,40.907562, 1.000000;;
                        }
                      } // End of Armature_weapon_r
                    } // End of Armature_hand_r
                    Frame Armature_lowerarm_twist_01_r {
                      FrameTransformMatrix {
                         0.988411, 0.000001, 0.151802, 0.000000,
                        -0.000000, 1.000000,-0.000002, 0.000000,
                        -0.151802, 0.000002, 0.988411, 0.000000,
                         0.000027,14.000037, 0.000002, 1.000000;;
                      }
                    } // End of Armature_lowerarm_twist_01_r
                  } // End of Armature_lowerarm_r
                  Frame Armature_upperarm_twist_01_r {
                    FrameTransformMatrix {
                       0.997027,-0.000000, 0.077052, 0.000000,
                       0.000000, 1.000000, 0.000000, 0.000000,
                      -0.077052,-0.000000, 0.997027, 0.000000,
                      -0.000004, 0.500002,-0.000003, 1.000000;;
                    }
                  } // End of Armature_upperarm_twist_01_r
                } // End of Armature_upperarm_r
              } // End of Armature_clavicle_r
              Frame Armature_neck_01 {
                FrameTransformMatrix {
                   0.629254, 0.768064,-0.118818, 0.000000,
                  -0.772163, 0.635204, 0.016754, 0.000000,
                   0.088342, 0.081205, 0.992774, 0.000000,
                  -0.355317,16.558784,-0.000004, 1.000000;;
                }
                Frame Armature_head {
                  FrameTransformMatrix {
                     0.939174,-0.327501,-0.103415, 0.000000,
                     0.319439, 0.943587,-0.087189, 0.000000,
                     0.126136, 0.048851, 0.990809, 0.000000,
                     0.364153, 9.283607,-0.000004, 1.000000;;
                  }
                } // End of Armature_head
              } // End of Armature_neck_01
            } // End of Armature_spine_03
          } // End of Armature_spine_02
        } // End of Armature_spine_01
        Frame Armature_sword_holder {
          FrameTransformMatrix {
            -0.747446, 0.635726, 0.192816, 0.000000,
            -0.566620,-0.761589, 0.314522, 0.000000,
             0.346797, 0.125835, 0.929461, 0.000000,
            20.307110,10.832422,19.070766, 1.000000;;
          }
        } // End of Armature_sword_holder
        Frame Armature_thigh_l {
          FrameTransformMatrix {
            -0.876655, 0.360025,-0.319153, 0.000000,
             0.221239, 0.890718, 0.397082, 0.000000,
             0.427235, 0.277495,-0.860504, 0.000000,
            -1.448827, 0.531423, 9.005812, 1.000000;;
          }
          Frame Armature_calf_l {
            FrameTransformMatrix {
              -0.180369,-0.980300, 0.080490, 0.000000,
               0.974405,-0.189246,-0.121332, 0.000000,
               0.134175, 0.056545, 0.989343, 0.000000,
              -0.234994,42.346596, 0.035653, 1.000000;;
            }
            Frame Armature_calf_twist_01_l {
              FrameTransformMatrix {
                 0.998195,-0.015432,-0.058049, 0.000000,
                 0.015236, 0.999877,-0.003824, 0.000000,
                 0.058101, 0.002932, 0.998307, 0.000000,
                -0.000000,20.476776, 0.000000, 1.000000;;
              }
            } // End of Armature_calf_twist_01_l
            Frame Armature_foot_l {
              FrameTransformMatrix {
                 0.476478,-0.868149, 0.138874, 0.000000,
                -0.876816,-0.457634, 0.147532, 0.000000,
                -0.064527,-0.192062,-0.979259, 0.000000,
                -0.000392,40.196560,-0.000270, 1.000000;;
              }
              Frame Armature_ball_l {
                FrameTransformMatrix {
                   0.000374, 1.000000, 0.000148, 0.000000,
                  -1.000000, 0.000374, 0.000073, 0.000000,
                   0.000073,-0.000148, 1.000000, 0.000000,
                  -10.453847,16.577856,-0.080153, 1.000000;;
                }
              } // End of Armature_ball_l
            } // End of Armature_foot_l
          } // End of Armature_calf_l
          Frame Armature_thigh_twist_01_l {
            FrameTransformMatrix {
               0.817289,-0.000806,-0.576228, 0.000000,
               0.000983, 1.000000,-0.000004, 0.000000,
               0.576228,-0.000563, 0.817289, 0.000000,
              -0.000000,22.094248, 0.000002, 1.000000;;
            }
          } // End of Armature_thigh_twist_01_l
        } // End of Armature_thigh_l
        Frame Armature_thigh_r {
          FrameTransformMatrix {
             0.894808, 0.341385,-0.287708, 0.000000,
            -0.346402, 0.937434, 0.034975, 0.000000,
             0.281647, 0.068367, 0.957079, 0.000000,
            -1.448644, 0.531426,-9.005803, 1.000000;;
          }
          Frame Armature_calf_r {
            FrameTransformMatrix {
              -0.389966, 0.914369,-0.108884, 0.000000,
              -0.908250,-0.401419,-0.118090, 0.000000,
              -0.151686, 0.052843, 0.987015, 0.000000,
               0.285695,42.364109, 0.042553, 1.000000;;
            }
            Frame Armature_calf_twist_01_r {
              FrameTransformMatrix {
                 0.993161, 0.015576, 0.115711, 0.000000,
                -0.015235, 0.999876,-0.003825, 0.000000,
                -0.115756, 0.002036, 0.993276, 0.000000,
                -0.000001,20.476917, 0.000003, 1.000000;;
              }
            } // End of Armature_calf_twist_01_r
            Frame Armature_foot_r {
              FrameTransformMatrix {
                -0.872040, 0.279405, 0.401845, 0.000000,
                 0.415315, 0.856844, 0.305502, 0.000000,
                -0.258960, 0.433302,-0.863243, 0.000000,
                -0.001176,40.195938, 0.000381, 1.000000;;
              }
              Frame Armature_ball_r {
                FrameTransformMatrix {
                   0.162497,-0.986709, 0.000580, 0.000000,
                   0.986709, 0.162497,-0.000023, 0.000000,
                  -0.000072, 0.000577, 1.000000, 0.000000,
                  10.453818,16.577805,-0.080162, 1.000000;;
                }
              } // End of Armature_ball_r
            } // End of Armature_foot_r
          } // End of Armature_calf_r
          Frame Armature_thigh_twist_01_r {
            FrameTransformMatrix {
               0.898124, 0.000884, 0.439742, 0.000000,
              -0.000983, 1.000000,-0.000003, 0.000000,
              -0.439742,-0.000430, 0.898124, 0.000000,
              -0.000003,22.094244, 0.000007, 1.000000;;
            }
          } // End of Armature_thigh_twist_01_r
        } // End of Armature_thigh_r
      } // End of Armature_pelvis
    } // End of Armature_root
  } // End of Armature
} // End of Root
AnimationSet Global {
  Animation {
    {Armature}
    AnimationKey { // Rotation
      0;
      20;
      0;4;-0.707107, 0.707107, 0.000000, 0.000000;;,
      1;4;-0.707107, 0.707107, 0.000000, 0.000000;;,
      2;4;-0.707107, 0.707107, 0.000000, 0.000000;;,
      3;4;-0.707107, 0.707107, 0.000000, 0.000000;;,
      4;4;-0.707107, 0.707107, 0.000000, 0.000000;;,
      5;4;-0.707107, 0.707107, 0.000000, 0.000000;;,
      6;4;-0.707107, 0.707107, 0.000000, 0.000000;;,
      7;4;-0.707107, 0.707107, 0.000000, 0.000000;;,
      8;4;-0.707107, 0.707107, 0.000000, 0.000000;;,
      9;4;-0.707107, 0.707107, 0.000000, 0.000000;;,
      10;4;-0.707107, 0.707107, 0.000000, 0.000000;;,
      11;4;-0.707107, 0.707107, 0.000000, 0.000000;;,
      12;4;-0.707107, 0.707107, 0.000000, 0.000000;;,
      13;4;-0.707107, 0.707107, 0.000000, 0.000000;;,
      14;4;-0.707107, 0.707107, 0.000000, 0.000000;;,
      15;4;-0.707107, 0.707107, 0.000000, 0.000000;;,
      16;4;-0.707107, 0.707107, 0.000000, 0.000000;;,
      17;4;-0.707107, 0.707107, 0.000000, 0.000000;;,
      18;4;-0.707107, 0.707107, 0.000000, 0.000000;;,
      19;4;-0.707107, 0.707107, 0.000000, 0.000000;;;
    }
    AnimationKey { // Scale
      1;
      20;
      0;3; 0.010000, 0.010000, 0.010000;;,
      1;3; 0.010000, 0.010000, 0.010000;;,
      2;3; 0.010000, 0.010000, 0.010000;;,
      3;3; 0.010000, 0.010000, 0.010000;;,
      4;3; 0.010000, 0.010000, 0.010000;;,
      5;3; 0.010000, 0.010000, 0.010000;;,
      6;3; 0.010000, 0.010000, 0.010000;;,
      7;3; 0.010000, 0.010000, 0.010000;;,
      8;3; 0.010000, 0.010000, 0.010000;;,
      9;3; 0.010000, 0.010000, 0.010000;;,
      10;3; 0.010000, 0.010000, 0.010000;;,
      11;3; 0.010000, 0.010000, 0.010000;;,
      12;3; 0.010000, 0.010000, 0.010000;;,
      13;3; 0.010000, 0.010000, 0.010000;;,
      14;3; 0.010000, 0.010000, 0.010000;;,
      15;3; 0.010000, 0.010000, 0.010000;;,
      16;3; 0.010000, 0.010000, 0.010000;;,
      17;3; 0.010000, 0.010000, 0.010000;;,
      18;3; 0.010000, 0.010000, 0.010000;;,
      19;3; 0.010000, 0.010000, 0.010000;;;
    }
    AnimationKey { // Position
      2;
      20;
      0;3; 0.000000, 0.000000, 0.000000;;,
      1;3; 0.000000, 0.000000, 0.000000;;,
      2;3; 0.000000, 0.000000, 0.000000;;,
      3;3; 0.000000, 0.000000, 0.000000;;,
      4;3; 0.000000, 0.000000, 0.000000;;,
      5;3; 0.000000, 0.000000, 0.000000;;,
      6;3; 0.000000, 0.000000, 0.000000;;,
      7;3; 0.000000, 0.000000, 0.000000;;,
      8;3; 0.000000, 0.000000, 0.000000;;,
      9;3; 0.000000, 0.000000, 0.000000;;,
      10;3; 0.000000, 0.000000, 0.000000;;,
      11;3; 0.000000, 0.000000, 0.000000;;,
      12;3; 0.000000, 0.000000, 0.000000;;,
      13;3; 0.000000, 0.000000, 0.000000;;,
      14;3; 0.000000, 0.000000, 0.000000;;,
      15;3; 0.000000, 0.000000, 0.000000;;,
      16;3; 0.000000, 0.000000, 0.000000;;,
      17;3; 0.000000, 0.000000, 0.000000;;,
      18;3; 0.000000, 0.000000, 0.000000;;,
      19;3; 0.000000, 0.000000, 0.000000;;;
    }
  }
  Animation {
    {Armature_root}
    AnimationKey { // Rotation
      0;
      20;
      0;4;-1.000000,-0.000000, 0.000000, 0.000000;;,
      1;4;-1.000000,-0.000000, 0.000000, 0.000000;;,
      2;4;-1.000000,-0.000000, 0.000000, 0.000000;;,
      3;4;-1.000000,-0.000000, 0.000000, 0.000000;;,
      4;4;-1.000000,-0.000000, 0.000000, 0.000000;;,
      5;4;-1.000000,-0.000000, 0.000000, 0.000000;;,
      6;4;-1.000000,-0.000000, 0.000000, 0.000000;;,
      7;4;-1.000000,-0.000000, 0.000000, 0.000000;;,
      8;4;-1.000000,-0.000000, 0.000000, 0.000000;;,
      9;4;-1.000000,-0.000000, 0.000000, 0.000000;;,
      10;4;-1.000000,-0.000000, 0.000000, 0.000000;;,
      11;4;-1.000000,-0.000000, 0.000000, 0.000000;;,
      12;4;-1.000000,-0.000000, 0.000000, 0.000000;;,
      13;4;-1.000000,-0.000000, 0.000000, 0.000000;;,
      14;4;-1.000000,-0.000000, 0.000000, 0.000000;;,
      15;4;-1.000000,-0.000000, 0.000000, 0.000000;;,
      16;4;-1.000000,-0.000000, 0.000000, 0.000000;;,
      17;4;-1.000000,-0.000000, 0.000000, 0.000000;;,
      18;4;-1.000000,-0.000000, 0.000000, 0.000000;;,
      19;4;-1.000000,-0.000000, 0.000000, 0.000000;;;
    }
    AnimationKey { // Scale
      1;
      20;
      0;3; 1.000000, 1.000000, 1.000000;;,
      1;3; 1.000000, 1.000000, 1.000000;;,
      2;3; 1.000000, 1.000000, 1.000000;;,
      3;3; 1.000000, 1.000000, 1.000000;;,
      4;3; 1.000000, 1.000000, 1.000000;;,
      5;3; 1.000000, 1.000000, 1.000000;;,
      6;3; 1.000000, 1.000000, 1.000000;;,
      7;3; 1.000000, 1.000000, 1.000000;;,
      8;3; 1.000000, 1.000000, 1.000000;;,
      9;3; 1.000000, 1.000000, 1.000000;;,
      10;3; 1.000000, 1.000000, 1.000000;;,
      11;3; 1.000000, 1.000000, 1.000000;;,
      12;3; 1.000000, 1.000000, 1.000000;;,
      13;3; 1.000000, 1.000000, 1.000000;;,
      14;3; 1.000000, 1.000000, 1.000000;;,
      15;3; 1.000000, 1.000000, 1.000000;;,
      16;3; 1.000000, 1.000000, 1.000000;;,
      17;3; 1.000000, 1.000000, 1.000000;;,
      18;3; 1.000000, 1.000000, 1.000000;;,
      19;3; 1.000000, 1.000000, 1.000000;;;
    }
    AnimationKey { // Position
      2;
      20;
      0;3; 0.000000, 0.000000, 0.000000;;,
      1;3; 0.000000, 0.000000, 0.000000;;,
      2;3; 0.000000, 0.000000, 0.000000;;,
      3;3; 0.000000, 0.000000, 0.000000;;,
      4;3; 0.000000, 0.000000, 0.000000;;,
      5;3; 0.000000, 0.000000, 0.000000;;,
      6;3; 0.000000, 0.000000, 0.000000;;,
      7;3; 0.000000, 0.000000, 0.000000;;,
      8;3; 0.000000, 0.000000, 0.000000;;,
      9;3; 0.000000, 0.000000, 0.000000;;,
      10;3; 0.000000, 0.000000, 0.000000;;,
      11;3; 0.000000, 0.000000, 0.000000;;,
      12;3; 0.000000, 0.000000, 0.000000;;,
      13;3; 0.000000, 0.000000, 0.000000;;,
      14;3; 0.000000, 0.000000, 0.000000;;,
      15;3; 0.000000, 0.000000, 0.000000;;,
      16;3; 0.000000, 0.000000, 0.000000;;,
      17;3; 0.000000, 0.000000, 0.000000;;,
      18;3; 0.000000, 0.000000, 0.000000;;,
      19;3; 0.000000, 0.000000, 0.000000;;;
    }
  }
  Animation {
    {Armature_pelvis}
    AnimationKey { // Rotation
      0;
      20;
      0;4;-0.376414,-0.237234, 0.847759, 0.288682;;,
      1;4;-0.433273,-0.227435, 0.791790, 0.365537;;,
      2;4;-0.477615,-0.201073, 0.743050, 0.423474;;,
      3;4;-0.506531,-0.140498, 0.701607, 0.481077;;,
      4;4;-0.515352,-0.084530, 0.649890, 0.552186;;,
      5;4;-0.510909,-0.046107, 0.593913, 0.619769;;,
      6;4;-0.500052,-0.019429, 0.539626, 0.677033;;,
      7;4;-0.514690,-0.016185, 0.481392, 0.709291;;,
      8;4;-0.530448,-0.005148, 0.432978, 0.728786;;,
      9;4;-0.549016, 0.005806, 0.385782, 0.741431;;,
      10;4;-0.567111, 0.021569, 0.344236, 0.747945;;,
      11;4;-0.579181, 0.042274, 0.308617, 0.753338;;,
      12;4;-0.589048, 0.064872, 0.281162, 0.754826;;,
      13;4;-0.596950, 0.083028, 0.261681, 0.753844;;,
      14;4;-0.603579, 0.096562, 0.247152, 0.751854;;,
      15;4;-0.590671, 0.173499, 0.251173, 0.746939;;,
      16;4;-0.545323, 0.321063, 0.287682, 0.718874;;,
      17;4;-0.484290, 0.479805, 0.326192, 0.654866;;,
      18;4;-0.430347, 0.597894, 0.350171, 0.578536;;,
      19;4;-0.407392, 0.642770, 0.357837, 0.541138;;;
    }
    AnimationKey { // Scale
      1;
      20;
      0;3; 1.000000, 1.000000, 1.000000;;,
      1;3; 1.000000, 1.000000, 1.000000;;,
      2;3; 1.000000, 1.000000, 1.000000;;,
      3;3; 1.000000, 1.000000, 1.000000;;,
      4;3; 1.000000, 1.000000, 1.000000;;,
      5;3; 1.000000, 1.000000, 1.000000;;,
      6;3; 1.000000, 1.000000, 1.000000;;,
      7;3; 1.000000, 1.000000, 1.000000;;,
      8;3; 1.000000, 1.000000, 1.000000;;,
      9;3; 1.000000, 1.000000, 1.000000;;,
      10;3; 1.000000, 1.000000, 1.000000;;,
      11;3; 1.000000, 1.000000, 1.000000;;,
      12;3; 1.000000, 1.000000, 1.000000;;,
      13;3; 1.000000, 1.000000, 1.000000;;,
      14;3; 1.000000, 1.000000, 1.000000;;,
      15;3; 1.000000, 1.000000, 1.000000;;,
      16;3; 1.000000, 1.000000, 1.000000;;,
      17;3; 1.000000, 1.000000, 1.000000;;,
      18;3; 1.000000, 1.000000, 1.000000;;,
      19;3; 1.000000, 1.000000, 1.000000;;;
    }
    AnimationKey { // Position
      2;
      20;
      0;3; 0.065289,25.321335,-5.736135;;,
      1;3;-1.997871,20.413307,-7.942596;;,
      2;3;-2.994889,17.173172,-10.111981;;,
      3;3;-1.984676,16.859917,-12.912908;;,
      4;3; 0.122127,16.815178,-15.551511;;,
      5;3; 2.947421,17.979752,-17.622450;;,
      6;3; 5.777835,20.183472,-18.628788;;,
      7;3; 7.501001,22.446388,-18.409092;;,
      8;3; 8.935787,25.128242,-17.812626;;,
      9;3;10.607604,28.286812,-16.835131;;,
      10;3;12.284461,31.848179,-15.614631;;,
      11;3;13.923723,35.829006,-14.410269;;,
      12;3;15.482759,40.015350,-12.854437;;,
      13;3;16.918919,44.258816,-10.528439;;,
      14;3;18.189571,49.703262,-7.844714;;,
      15;3;16.280199,58.205845,-5.322891;;,
      16;3;11.727073,68.105522,-2.513881;;,
      17;3; 6.292694,77.514275, 0.095400;;,
      18;3; 1.739567,84.544083, 2.018039;;,
      19;3;-0.169809,87.306908, 2.767121;;;
    }
  }
  Animation {
    {Armature_spine_01}
    AnimationKey { // Rotation
      0;
      20;
      0;4;-0.787420, 0.007667,-0.015158,-0.616183;;,
      1;4;-0.824635, 0.010000,-0.013868,-0.565406;;,
      2;4;-0.851866, 0.012410,-0.013738,-0.523433;;,
      3;4;-0.851810, 0.015225,-0.015530,-0.523400;;,
      4;4;-0.851651, 0.018255,-0.018927,-0.523450;;,
      5;4;-0.851381, 0.021576,-0.022721,-0.523612;;,
      6;4;-0.850936, 0.024930,-0.026941,-0.523986;;,
      7;4;-0.850305, 0.028152,-0.031302,-0.524603;;,
      8;4;-0.849459, 0.031070,-0.035528,-0.525539;;,
      9;4;-0.848377, 0.033510,-0.039348,-0.526864;;,
      10;4;-0.847040, 0.035298,-0.042495,-0.528650;;,
      11;4;-0.843788, 0.036060,-0.037639,-0.534139;;,
      12;4;-0.839952, 0.035757,-0.026251,-0.540845;;,
      13;4;-0.835351, 0.034735,-0.011237,-0.548503;;,
      14;4;-0.830020, 0.033314, 0.004523,-0.556719;;,
      15;4;-0.823746, 0.022005, 0.022109,-0.566101;;,
      16;4;-0.816768,-0.003131, 0.041799,-0.575442;;,
      17;4;-0.809187,-0.032794, 0.059883,-0.583571;;,
      18;4;-0.802619,-0.057464, 0.073068,-0.589205;;,
      19;4;-0.799792,-0.067740, 0.078211,-0.591293;;;
    }
    AnimationKey { // Scale
      1;
      20;
      0;3; 1.000000, 1.000000, 1.000000;;,
      1;3; 1.000000, 1.000000, 1.000000;;,
      2;3; 1.000000, 1.000000, 1.000000;;,
      3;3; 1.000000, 1.000000, 1.000000;;,
