xof 0303txt 0032

template XSkinMeshHeader {
  <3cf169ce-ff7c-44ab-93c0-f78f62d172e2>
  WORD nMaxSkinWeightsPerVertex;
  WORD nMaxSkinWeightsPerFace;
  WORD nBones;
}

template SkinWeights {
  <6f0d123b-bad2-4167-a0d0-80224f25fabb>
  STRING transformNodeName;
  DWORD nWeights;
  array DWORD vertexIndices[nWeights];
  array float weights[nWeights];
  Matrix4x4 matrixOffset;
}

Frame Root {
  FrameTransformMatrix {
     1.000000, 0.000000, 0.000000, 0.000000,
     0.000000,-0.000000, 1.000000, 0.000000,
     0.000000, 1.000000, 0.000000, 0.000000,
     0.000000, 0.000000, 0.000000, 1.000000;;
  }
  Frame Armature {
    FrameTransformMatrix {
       0.010000, 0.000000, 0.000000, 0.000000,
       0.000000,-0.000000, 0.010000, 0.000000,
       0.000000,-0.010000,-0.000000, 0.000000,
       0.000000, 0.000000, 0.000000, 1.000000;;
    }
    Frame Armature_root {
      FrameTransformMatrix {
         1.000000, 0.000000, 0.000000, 0.000000,
         0.000000, 1.000000, 0.000000, 0.000000,
         0.000000, 0.000000, 1.000000, 0.000000,
         0.000000, 0.000010, 0.000000, 1.000000;;
      }
      Frame Armature_ik_foot_root {
        FrameTransformMatrix {
           1.000000, 0.000000, 0.000000, 0.000000,
           0.000000, 1.000000, 0.000000, 0.000000,
           0.000000, 0.000000, 1.000000, 0.000000,
           0.000000, 0.000000, 0.000000, 1.000000;;
        }
        Frame Armature_ik_foot_l {
          FrameTransformMatrix {
            -0.017528, 0.999778, 0.011666, 0.000000,
            -0.999614,-0.017271,-0.021762, 0.000000,
            -0.021556,-0.012043, 0.999695, 0.000000,
            27.508150,13.551298,13.964235, 1.000000;;
          }
        } // End of Armature_ik_foot_l
        Frame Armature_ik_foot_r {
          FrameTransformMatrix {
             0.009263,-0.999888,-0.011742, 0.000000,
            -0.263209, 0.008890,-0.964698, 0.000000,
             0.964695, 0.012027,-0.263097, 0.000000,
            -11.096512,13.472943,-30.855339, 1.000000;;
          }
        } // End of Armature_ik_foot_r
      } // End of Armature_ik_foot_root
      Frame Armature_ik_hand_root {
        FrameTransformMatrix {
           1.000000, 0.000000, 0.000000, 0.000000,
           0.000000, 1.000000, 0.000000, 0.000000,
           0.000000, 0.000000, 1.000000, 0.000000,
           0.000000, 0.000000, 0.000000, 1.000000;;
        }
        Frame Armature_ik_hand_gun {
          FrameTransformMatrix {
            -0.609639, 0.426215,-0.668342, 0.000000,
            -0.126620, 0.779956, 0.612891, 0.000000,
             0.782501, 0.458268,-0.421525, 0.000000,
            -6.648129,92.632195,-44.700104, 1.000000;;
          }
          Frame Armature_ik_hand_l {
            FrameTransformMatrix {
               0.387061,-0.911411,-0.139691, 0.000000,
              -0.582037,-0.124006,-0.803651, 0.000000,
               0.715134, 0.392367,-0.578473, 0.000000,
              -63.014496,35.921722,-1.309045, 1.000000;;
            }
          } // End of Armature_ik_hand_l
          Frame Armature_ik_hand_r {
            FrameTransformMatrix {
               1.000000, 0.000000, 0.000000, 0.000000,
              -0.000000, 1.000000,-0.000000, 0.000000,
              -0.000000, 0.000000, 1.000000, 0.000000,
               0.000008, 0.000004,-0.000000, 1.000000;;
            }
          } // End of Armature_ik_hand_r
        } // End of Armature_ik_hand_gun
      } // End of Armature_ik_hand_root
      Frame Armature_pelvis {
        FrameTransformMatrix {
           0.218264, 0.968111,-0.122969, 0.000000,
          -0.805956, 0.249872, 0.536656, 0.000000,
           0.550269,-0.018025, 0.834793, 0.000000,
           0.266239,93.183037,-2.139821, 1.000000;;
        }
        Frame Armature_spine_01 {
          FrameTransformMatrix {
             0.099223,-0.994259, 0.040057, 0.000000,
             0.993059, 0.096388,-0.067407, 0.000000,
             0.063159, 0.046467, 0.996921, 0.000000,
            10.808876, 0.851419,-0.000002, 1.000000;;
          }
          Frame Armature_spine_02 {
            FrameTransformMatrix {
               0.969008, 0.243145,-0.043638, 0.000000,
              -0.243326, 0.969944, 0.001190, 0.000000,
               0.042616, 0.009465, 0.999047, 0.000000,
               3.799581,18.803806, 0.197478, 1.000000;;
            }
            Frame Armature_spine_03 {
              FrameTransformMatrix {
                 0.996788, 0.064107,-0.047993, 0.000000,
                -0.060916, 0.996009, 0.065227, 0.000000,
                 0.051983,-0.062094, 0.996716, 0.000000,
                 0.418756,13.412357, 0.040529, 1.000000;;
              }
              Frame Armature_clavicle_l {
                FrameTransformMatrix {
                   0.889726, 0.146063,-0.432497, 0.000000,
                   0.445140,-0.067596, 0.892906, 0.000000,
                   0.101186,-0.986963,-0.125160, 0.000000,
                  -2.732102,11.883645, 3.781976, 1.000000;;
                }
                Frame Armature_upperarm_l {
                  FrameTransformMatrix {
                     0.923158, 0.362567, 0.127771, 0.000000,
                    -0.255815, 0.331299, 0.908185, 0.000000,
                     0.286947,-0.871084, 0.398591, 0.000000,
                     0.000001,15.784825, 0.000006, 1.000000;;
                  }
                  Frame Armature_lowerarm_l {
                    FrameTransformMatrix {
                       0.897359, 0.441156,-0.011341, 0.000000,
                      -0.440408, 0.896880, 0.040576, 0.000000,
                       0.028071,-0.031417, 0.999112, 0.000000,
                      -0.000016,30.339952, 0.000009, 1.000000;;
                    }
                    Frame Armature_hand_l {
                      FrameTransformMatrix {
                         0.402293, 0.280194, 0.871580, 0.000000,
                        -0.344579, 0.928350,-0.139397, 0.000000,
                        -0.848189,-0.244249, 0.470018, 0.000000,
                        -0.000005,26.975147, 0.000001, 1.000000;;
                      }
                      Frame Armature_index_01_l {
                        FrameTransformMatrix {
                           0.800536,-0.532902,-0.274149, 0.000000,
                           0.545005, 0.837627,-0.036757, 0.000000,
                           0.249223,-0.119988, 0.960984, 0.000000,
                           1.763472,12.068127, 2.109398, 1.000000;;
                        }
                        Frame Armature_index_02_l {
                          FrameTransformMatrix {
                             0.760099,-0.645651,-0.073384, 0.000000,
                             0.649748, 0.756702, 0.072321, 0.000000,
                             0.008835,-0.102653, 0.994678, 0.000000,
                            -0.000001, 4.287513,-0.000002, 1.000000;;
                          }
                          Frame Armature_index_03_l {
                            FrameTransformMatrix {
                               0.905370,-0.424185,-0.019288, 0.000000,
                               0.424089, 0.905575,-0.009037, 0.000000,
                               0.021300, 0.000002, 0.999773, 0.000000,
                               0.000000, 3.393786,-0.000000, 1.000000;;
                            }
                          } // End of Armature_index_03_l
                        } // End of Armature_index_02_l
                      } // End of Armature_index_01_l
                      Frame Armature_middle_01_l {
                        FrameTransformMatrix {
                           0.656225,-0.752828, 0.051167, 0.000000,
                           0.747305, 0.639031,-0.182140, 0.000000,
                           0.104423, 0.157762, 0.981940, 0.000000,
                           1.293643,12.244288,-0.571158, 1.000000;;
                        }
                        Frame Armature_middle_02_l {
                          FrameTransformMatrix {
                             0.660067,-0.750858,-0.022898, 0.000000,
                             0.749198, 0.655768, 0.093123, 0.000000,
                            -0.054907,-0.078623, 0.995391, 0.000000,
                             0.000001, 4.640375, 0.000000, 1.000000;;
                          }
                          Frame Armature_middle_03_l {
                            FrameTransformMatrix {
                               0.887977,-0.459880,-0.002907, 0.000000,
                               0.459877, 0.887981,-0.001505, 0.000000,
                               0.003274,-0.000000, 0.999995, 0.000000,
                               0.000003, 3.648845, 0.000003, 1.000000;;
                            }
                          } // End of Armature_middle_03_l
                        } // End of Armature_middle_02_l
                      } // End of Armature_middle_01_l
                      Frame Armature_pinky_01_l {
                        FrameTransformMatrix {
                           0.461879,-0.758254, 0.460129, 0.000000,
                           0.878028, 0.464264,-0.116298, 0.000000,
                          -0.125438, 0.457722, 0.880202, 0.000000,
                           2.263150,10.140680,-4.643160, 1.000000;;
                        }
                        Frame Armature_pinky_02_l {
                          FrameTransformMatrix {
                             0.497022,-0.867225,-0.029841, 0.000000,
                             0.866786, 0.497793,-0.029731, 0.000000,
                             0.040638,-0.011088, 0.999112, 0.000000,
                            -0.000002, 3.570990,-0.000002, 1.000000;;
                          }
                          Frame Armature_pinky_03_l {
                            FrameTransformMatrix {
                               0.712790,-0.701359,-0.005108, 0.000000,
                               0.701340, 0.712809,-0.005022, 0.000000,
                               0.007163,-0.000003, 0.999974, 0.000000,
                              -0.000003, 2.985632, 0.000000, 1.000000;;
                            }
                          } // End of Armature_pinky_03_l
                        } // End of Armature_pinky_02_l
                      } // End of Armature_pinky_01_l
                      Frame Armature_ring_01_l {
                        FrameTransformMatrix {
                           0.459579,-0.812321, 0.359058, 0.000000,
                           0.882273, 0.463950,-0.079647, 0.000000,
                          -0.101886, 0.353391, 0.929911, 0.000000,
                           1.753520,11.497892,-2.846917, 1.000000;;
                        }
                        Frame Armature_ring_02_l {
                          FrameTransformMatrix {
                             0.846939,-0.531537,-0.012769, 0.000000,
                             0.531601, 0.846992, 0.002060, 0.000000,
                             0.009720,-0.008532, 0.999916, 0.000000,
                            -0.000001, 4.430170,-0.000000, 1.000000;;
                          }
                          Frame Armature_ring_03_l {
                            FrameTransformMatrix {
                               0.912720,-0.408584, 0.000367, 0.000000,
                               0.408584, 0.912721, 0.000164, 0.000000,
                              -0.000402, 0.000000, 1.000000, 0.000000,
                               0.000005, 3.476666,-0.000000, 1.000000;;
                            }
                          } // End of Armature_ring_03_l
                        } // End of Armature_ring_02_l
                      } // End of Armature_ring_01_l
                      Frame Armature_thumb_01_l {
                        FrameTransformMatrix {
                          -0.049891, 0.340788,-0.938815, 0.000000,
                           0.696400, 0.685662, 0.211886, 0.000000,
                           0.715918,-0.643219,-0.271533, 0.000000,
                           2.374995, 4.762043, 2.537807, 1.000000;;
                        }
                        Frame Armature_thumb_02_l {
                          FrameTransformMatrix {
                             0.994918,-0.094574,-0.034565, 0.000000,
                             0.097443, 0.990808, 0.093834, 0.000000,
                             0.025373,-0.096725, 0.994988, 0.000000,
                            -0.000005, 3.869672, 0.000002, 1.000000;;
                          }
                          Frame Armature_thumb_03_l {
                            FrameTransformMatrix {
                               0.993104,-0.092366,-0.072199, 0.000000,
                               0.099653, 0.989482, 0.104858, 0.000000,
                               0.061754,-0.111329, 0.991863, 0.000000,
                              -0.000002, 4.062177, 0.000000, 1.000000;;
                            }
                          } // End of Armature_thumb_03_l
                        } // End of Armature_thumb_02_l
                      } // End of Armature_thumb_01_l
                    } // End of Armature_hand_l
                    Frame Armature_lowerarm_twist_01_l {
                      FrameTransformMatrix {
                         0.976179, 0.000000,-0.216965, 0.000000,
                        -0.000000, 1.000000,-0.000000, 0.000000,
                         0.216966, 0.000000, 0.976179, 0.000000,
                         0.000010,13.999997, 0.000007, 1.000000;;
                      }
                    } // End of Armature_lowerarm_twist_01_l
                  } // End of Armature_lowerarm_l
                  Frame Armature_upperarm_twist_01_l {
                    FrameTransformMatrix {
                       0.970777, 0.000000,-0.239984, 0.000000,
                       0.000000, 1.000000, 0.000001, 0.000000,
                       0.239984,-0.000001, 0.970777, 0.000000,
                      -0.000003, 0.499995,-0.000010, 1.000000;;
                    }
                  } // End of Armature_upperarm_twist_01_l
                } // End of Armature_upperarm_l
              } // End of Armature_clavicle_l
              Frame Armature_clavicle_r {
                FrameTransformMatrix {
                  -0.945831,-0.129492,-0.297716, 0.000000,
                   0.313351,-0.124205,-0.941480, 0.000000,
                   0.084936,-0.983771, 0.158054, 0.000000,
                  -2.732088,11.883835,-3.781998, 1.000000;;
                }
                Frame Armature_upperarm_r {
                  FrameTransformMatrix {
                     0.994114,-0.013156,-0.107533, 0.000000,
                     0.101724, 0.454789, 0.884771, 0.000000,
                     0.037265,-0.890502, 0.453450, 0.000000,
                    -0.000051,15.784738, 0.000078, 1.000000;;
                  }
                  Frame Armature_lowerarm_r {
                    FrameTransformMatrix {
                       0.984122,-0.111450,-0.138142, 0.000000,
                       0.114543, 0.993311, 0.014622, 0.000000,
                       0.135588,-0.030213, 0.990304, 0.000000,
                       0.000026,30.340099, 0.000006, 1.000000;;
                    }
                    Frame Armature_hand_r {
                      FrameTransformMatrix {
                         0.414125,-0.103333,-0.904336, 0.000000,
                        -0.273845, 0.933360,-0.232052, 0.000000,
                         0.868049, 0.343746, 0.358230, 0.000000,
                        -0.000008,26.975250,-0.000010, 1.000000;;
                      }
                      Frame Armature_index_01_r {
                        FrameTransformMatrix {
                           0.680580, 0.711087, 0.176542, 0.000000,
                          -0.685835, 0.703071,-0.187937, 0.000000,
                          -0.257761, 0.006828, 0.966185, 0.000000,
                          -1.763740,12.067932, 2.109436, 1.000000;;
                        }
                        Frame Armature_index_02_r {
                          FrameTransformMatrix {
                            -0.096417, 0.990319, 0.099862, 0.000000,
                            -0.995296,-0.094968,-0.019176, 0.000000,
                            -0.009507,-0.101241, 0.994817, 0.000000,
                             0.000094, 4.287693,-0.000075, 1.000000;;
                          }
                          Frame Armature_index_03_r {
                            FrameTransformMatrix {
                               0.666916, 0.744998, 0.014204, 0.000000,
                              -0.744829, 0.667067,-0.015865, 0.000000,
                              -0.021294, 0.000001, 0.999773, 0.000000,
                               0.000118, 3.393802,-0.000026, 1.000000;;
                            }
                          } // End of Armature_index_03_r
                        } // End of Armature_index_02_r
                      } // End of Armature_index_01_r
                      Frame Armature_middle_01_r {
                        FrameTransformMatrix {
                           0.441929, 0.896672,-0.026037, 0.000000,
                          -0.895750, 0.439540,-0.066612, 0.000000,
                          -0.048285, 0.052760, 0.997439, 0.000000,
                          -1.293743,12.244109,-0.571131, 1.000000;;
                        }
                        Frame Armature_middle_02_r {
                          FrameTransformMatrix {
                             0.178859, 0.979906, 0.088282, 0.000000,
                            -0.981564, 0.171573, 0.084230, 0.000000,
                             0.067390,-0.101719, 0.992528, 0.000000,
                             0.000005, 4.640572, 0.000002, 1.000000;;
                          }
                          Frame Armature_middle_03_r {
                            FrameTransformMatrix {
                               0.131031, 0.991378, 0.000430, 0.000000,
                              -0.991373, 0.131032,-0.003252, 0.000000,
                              -0.003280, 0.000000, 0.999995, 0.000000,
                              -0.000003, 3.649049,-0.000001, 1.000000;;
                            }
                          } // End of Armature_middle_03_r
                        } // End of Armature_middle_02_r
                      } // End of Armature_middle_01_r
                      Frame Armature_pinky_01_r {
                        FrameTransformMatrix {
                           0.827081, 0.473667,-0.302616, 0.000000,
                          -0.535494, 0.827639,-0.168105, 0.000000,
                           0.170831, 0.301086, 0.938171, 0.000000,
                          -2.263383,10.140587,-4.643093, 1.000000;;
                        }
                        Frame Armature_pinky_02_r {
                          FrameTransformMatrix {
                             0.135756, 0.989592, 0.047730, 0.000000,
                            -0.990283, 0.137002,-0.023856, 0.000000,
                            -0.030147,-0.044028, 0.998575, 0.000000,
                            -0.000002, 3.571057, 0.000002, 1.000000;;
                          }
                          Frame Armature_pinky_03_r {
                            FrameTransformMatrix {
                              -0.138518, 0.990359,-0.000992, 0.000000,
                              -0.990334,-0.138522,-0.007098, 0.000000,
                              -0.007167,-0.000001, 0.999974, 0.000000,
                               0.000305, 2.985493,-0.000040, 1.000000;;
                            }
                          } // End of Armature_pinky_03_r
                        } // End of Armature_pinky_02_r
                      } // End of Armature_pinky_01_r
                      Frame Armature_ring_01_r {
                        FrameTransformMatrix {
                           0.488692, 0.835028,-0.252803, 0.000000,
                          -0.863052, 0.505115, 0.000075, 0.000000,
                           0.127757, 0.218145, 0.967518, 0.000000,
                          -1.753790,11.497962,-2.846910, 1.000000;;
                        }
                        Frame Armature_ring_02_r {
                          FrameTransformMatrix {
                            -0.098078, 0.994968, 0.020470, 0.000000,
                            -0.995158,-0.097922,-0.008495, 0.000000,
                            -0.006447,-0.021204, 0.999754, 0.000000,
                             0.000002, 4.429867,-0.000002, 1.000000;;
                          }
                          Frame Armature_ring_03_r {
                            FrameTransformMatrix {
                               0.264065, 0.964505,-0.000102, 0.000000,
                              -0.964505, 0.264065, 0.000394, 0.000000,
                               0.000407,-0.000005, 1.000000, 0.000000,
                              -0.000003, 3.476587, 0.000003, 1.000000;;
                            }
                          } // End of Armature_ring_03_r
                        } // End of Armature_ring_02_r
                      } // End of Armature_ring_01_r
                      Frame Armature_thumb_01_r {
                        FrameTransformMatrix {
                           0.166766,-0.399674, 0.901360, 0.000000,
                          -0.684859, 0.610703, 0.397504, 0.000000,
                          -0.709336,-0.683595,-0.171876, 0.000000,
                          -2.375120, 4.762119, 2.537809, 1.000000;;
                        }
                        Frame Armature_thumb_02_r {
                          FrameTransformMatrix {
                             0.809496, 0.587037, 0.010216, 0.000000,
                            -0.587123, 0.809317, 0.017121, 0.000000,
                             0.001782,-0.019858, 0.999801, 0.000000,
                             0.000116, 3.869555, 0.000060, 1.000000;;
                          }
                          Frame Armature_thumb_03_r {
                            FrameTransformMatrix {
                               0.696230, 0.717192, 0.029991, 0.000000,
                              -0.716527, 0.696876,-0.030865, 0.000000,
                              -0.043036,-0.000001, 0.999073, 0.000000,
                               0.000004, 4.062190, 0.000003, 1.000000;;
                            }
                          } // End of Armature_thumb_03_r
                        } // End of Armature_thumb_02_r
                      } // End of Armature_thumb_01_r
                      Frame Armature_weapon_r {
                        FrameTransformMatrix {
                          -0.005470,-0.000002,-0.999985, 0.000000,
                          -0.000001,-1.000000, 0.000002, 0.000000,
                          -0.999985, 0.000001, 0.005470, 0.000000,
                          -4.667005,11.308985,-1.093001, 1.000000;;
                        }
                      } // End of Armature_weapon_r
                    } // End of Armature_hand_r
                    Frame Armature_lowerarm_twist_01_r {
                      FrameTransformMatrix {
                         0.999873,-0.000000,-0.015963, 0.000000,
                         0.000000, 1.000000, 0.000000, 0.000000,
                         0.015963,-0.000000, 0.999873, 0.000000,
                         0.000019,14.000018,-0.000002, 1.000000;;
                      }
                    } // End of Armature_lowerarm_twist_01_r
                  } // End of Armature_lowerarm_r
                  Frame Armature_upperarm_twist_01_r {
                    FrameTransformMatrix {
                       0.998770,-0.000001, 0.049582, 0.000000,
                       0.000001, 1.000000, 0.000000, 0.000000,
                      -0.049582, 0.000000, 0.998770, 0.000000,
                      -0.000021, 0.500026,-0.000002, 1.000000;;
                    }
                  } // End of Armature_upperarm_twist_01_r
                } // End of Armature_upperarm_r
              } // End of Armature_clavicle_r
              Frame Armature_neck_01 {
                FrameTransformMatrix {
                   0.669684, 0.417752,-0.614009, 0.000000,
                  -0.406393, 0.898152, 0.167830, 0.000000,
                   0.621585, 0.137136, 0.771249, 0.000000,
                  -0.355328,16.558777,-0.000001, 1.000000;;
                }
                Frame Armature_head {
                  FrameTransformMatrix {
                     0.990519,-0.137102,-0.008721, 0.000000,
                     0.135014, 0.959771, 0.246193, 0.000000,
                    -0.025384,-0.245036, 0.969181, 0.000000,
                     0.364157, 9.283614,-0.000001, 1.000000;;
                  }
                } // End of Armature_head
              } // End of Armature_neck_01
            } // End of Armature_spine_03
          } // End of Armature_spine_02
        } // End of Armature_spine_01
        Frame Armature_sword_holder {
          FrameTransformMatrix {
            -0.909314, 0.370363, 0.189679, 0.000000,
            -0.355306,-0.928335, 0.109325, 0.000000,
             0.216575, 0.032016, 0.975741, 0.000000,
            13.980000,19.493008,16.301001, 1.000000;;
          }
        } // End of Armature_sword_holder
        Frame Armature_thigh_l {
          FrameTransformMatrix {
            -0.159040,-0.513038,-0.843504, 0.000000,
            -0.859693,-0.348114, 0.373824, 0.000000,
            -0.485421, 0.784608,-0.385691, 0.000000,
            -1.448827, 0.531422, 9.005807, 1.000000;;
          }
          Frame Armature_calf_l {
            FrameTransformMatrix {
               0.957042,-0.274610,-0.093062, 0.000000,
               0.276409, 0.961016, 0.006770, 0.000000,
               0.087575,-0.032202, 0.995637, 0.000000,
               0.001575,42.536961, 0.000147, 1.000000;;
            }
            Frame Armature_calf_twist_01_l {
              FrameTransformMatrix {
                 0.999840,-0.015271,-0.009270, 0.000000,
                 0.015236, 0.999876,-0.003824, 0.000000,
                 0.009327, 0.003682, 0.999950, 0.000000,
                -0.000001,20.476780, 0.000001, 1.000000;;
              }
            } // End of Armature_calf_twist_01_l
            Frame Armature_foot_l {
              FrameTransformMatrix {
                 0.013325,-0.970281,-0.241613, 0.000000,
                -0.995242,-0.036194, 0.090460, 0.000000,
                -0.096517, 0.239258,-0.966147, 0.000000,
                 0.000161,40.196674, 0.000190, 1.000000;;
              }
              Frame Armature_ball_l {
                FrameTransformMatrix {
                   0.024622, 0.999697, 0.000151, 0.000000,
                  -0.999697, 0.024622, 0.000079, 0.000000,
                   0.000075,-0.000153, 1.000000, 0.000000,
                  -10.453848,16.577862,-0.080136, 1.000000;;
                }
              } // End of Armature_ball_l
            } // End of Armature_foot_l
          } // End of Armature_calf_l
          Frame Armature_thigh_twist_01_l {
            FrameTransformMatrix {
               0.502483,-0.000496,-0.864587, 0.000000,
               0.000982, 1.000000,-0.000003, 0.000000,
               0.864587,-0.000848, 0.502483, 0.000000,
              -0.000001,22.094257,-0.000002, 1.000000;;
            }
          } // End of Armature_thigh_twist_01_l
        } // End of Armature_thigh_l
        Frame Armature_thigh_r {
          FrameTransformMatrix {
            -0.096000, 0.949809,-0.297736, 0.000000,
            -0.938464,-0.186064,-0.290973, 0.000000,
            -0.331767, 0.251481, 0.909224, 0.000000,
            -1.448642, 0.531436,-9.005802, 1.000000;;
          }
          Frame Armature_calf_r {
            FrameTransformMatrix {
               0.948095, 0.304614, 0.091251, 0.000000,
              -0.306044, 0.952015, 0.001776, 0.000000,
              -0.086332,-0.029610, 0.995826, 0.000000,
              -0.001144,42.529793, 0.000287, 1.000000;;
            }
            Frame Armature_calf_twist_01_r {
              FrameTransformMatrix {
                 0.997998, 0.014972,-0.061439, 0.000000,
                -0.015236, 0.999877,-0.003825, 0.000000,
                 0.061374, 0.004753, 0.998103, 0.000000,
                -0.000005,20.476910,-0.000001, 1.000000;;
              }
            } // End of Armature_calf_twist_01_r
            Frame Armature_foot_r {
              FrameTransformMatrix {
                 0.160395, 0.954729, 0.250531, 0.000000,
                 0.986894,-0.150562,-0.058062, 0.000000,
                -0.017713, 0.256561,-0.966366, 0.000000,
                -0.000004,40.196804, 0.000229, 1.000000;;
              }
              Frame Armature_ball_r {
                FrameTransformMatrix {
                  -0.002068,-0.999998,-0.000154, 0.000000,
                   0.999998,-0.002068, 0.000072, 0.000000,
                  -0.000072,-0.000154, 1.000000, 0.000000,
                  10.453810,16.577805,-0.080161, 1.000000;;
                }
              } // End of Armature_ball_r
            } // End of Armature_foot_r
          } // End of Armature_calf_r
          Frame Armature_thigh_twist_01_r {
            FrameTransformMatrix {
               0.971317, 0.000955, 0.237787, 0.000000,
              -0.000983, 1.000000,-0.000003, 0.000000,
              -0.237787,-0.000231, 0.971317, 0.000000,
               0.000006,22.094244,-0.000000, 1.000000;;
            }
          } // End of Armature_thigh_twist_01_r
        } // End of Armature_thigh_r
      } // End of Armature_pelvis
    } // End of Armature_root
  } // End of Armature
} // End of Root
AnimationSet Global {
  Animation {
    {Armature}
    AnimationKey { // Rotation
      0;
      36;
      0;4;-0.707107, 0.707107, 0.000000, 0.000000;;,
      1;4;-0.707107, 0.707107, 0.000000, 0.000000;;,
      2;4;-0.707107, 0.707107, 0.000000, 0.000000;;,
      3;4;-0.707107, 0.707107, 0.000000, 0.000000;;,
      4;4;-0.707107, 0.707107, 0.000000, 0.000000;;,
      5;4;-0.707107, 0.707107, 0.000000, 0.000000;;,
      6;4;-0.707107, 0.707107, 0.000000, 0.000000;;,
      7;4;-0.707107, 0.707107, 0.000000, 0.000000;;,
      8;4;-0.707107, 0.707107, 0.000000, 0.000000;;,
      9;4;-0.707107, 0.707107, 0.000000, 0.000000;;,
      10;4;-0.707107, 0.707107, 0.000000, 0.000000;;,
      11;4;-0.707107, 0.707107, 0.000000, 0.000000;;,
      12;4;-0.707107, 0.707107, 0.000000, 0.000000;;,
      13;4;-0.707107, 0.707107, 0.000000, 0.000000;;,
      14;4;-0.707107, 0.707107, 0.000000, 0.000000;;,
      15;4;-0.707107, 0.707107, 0.000000, 0.000000;;,
      16;4;-0.707107, 0.707107, 0.000000, 0.000000;;,
      17;4;-0.707107, 0.707107, 0.000000, 0.000000;;,
      18;4;-0.707107, 0.707107, 0.000000, 0.000000;;,
      19;4;-0.707107, 0.707107, 0.000000, 0.000000;;,
      20;4;-0.707107, 0.707107, 0.000000, 0.000000;;,
      21;4;-0.707107, 0.707107, 0.000000, 0.000000;;,
      22;4;-0.707107, 0.707107, 0.000000, 0.000000;;,
      23;4;-0.707107, 0.707107, 0.000000, 0.000000;;,
      24;4;-0.707107, 0.707107, 0.000000, 0.000000;;,
      25;4;-0.707107, 0.707107, 0.000000, 0.000000;;,
      26;4;-0.707107, 0.707107, 0.000000, 0.000000;;,
      27;4;-0.707107, 0.707107, 0.000000, 0.000000;;,
      28;4;-0.707107, 0.707107, 0.000000, 0.000000;;,
      29;4;-0.707107, 0.707107, 0.000000, 0.000000;;,
      30;4;-0.707107, 0.707107, 0.000000, 0.000000;;,
      31;4;-0.707107, 0.707107, 0.000000, 0.000000;;,
      32;4;-0.707107, 0.707107, 0.000000, 0.000000;;,
      33;4;-0.707107, 0.707107, 0.000000, 0.000000;;,
      34;4;-0.707107, 0.707107, 0.000000, 0.000000;;,
      35;4;-0.707107, 0.707107, 0.000000, 0.000000;;;
    }
    AnimationKey { // Scale
      1;
      36;
      0;3; 0.010000, 0.010000, 0.010000;;,
      1;3; 0.010000, 0.010000, 0.010000;;,
      2;3; 0.010000, 0.010000, 0.010000;;,
      3;3; 0.010000, 0.010000, 0.010000;;,
      4;3; 0.010000, 0.010000, 0.010000;;,
      5;3; 0.010000, 0.010000, 0.010000;;,
      6;3; 0.010000, 0.010000, 0.010000;;,
      7;3; 0.010000, 0.010000, 0.010000;;,
      8;3; 0.010000, 0.010000, 0.010000;;,
      9;3; 0.010000, 0.010000, 0.010000;;,
      10;3; 0.010000, 0.010000, 0.010000;;,
      11;3; 0.010000, 0.010000, 0.010000;;,
      12;3; 0.010000, 0.010000, 0.010000;;,
      13;3; 0.010000, 0.010000, 0.010000;;,
      14;3; 0.010000, 0.010000, 0.010000;;,
      15;3; 0.010000, 0.010000, 0.010000;;,
      16;3; 0.010000, 0.010000, 0.010000;;,
      17;3; 0.010000, 0.010000, 0.010000;;,
      18;3; 0.010000, 0.010000, 0.010000;;,
      19;3; 0.010000, 0.010000, 0.010000;;,
      20;3; 0.010000, 0.010000, 0.010000;;,
      21;3; 0.010000, 0.010000, 0.010000;;,
      22;3; 0.010000, 0.010000, 0.010000;;,
      23;3; 0.010000, 0.010000, 0.010000;;,
      24;3; 0.010000, 0.010000, 0.010000;;,
      25;3; 0.010000, 0.010000, 0.010000;;,
      26;3; 0.010000, 0.010000, 0.010000;;,
      27;3; 0.010000, 0.010000, 0.010000;;,
      28;3; 0.010000, 0.010000, 0.010000;;,
      29;3; 0.010000, 0.010000, 0.010000;;,
      30;3; 0.010000, 0.010000, 0.010000;;,
      31;3; 0.010000, 0.010000, 0.010000;;,
      32;3; 0.010000, 0.010000, 0.010000;;,
      33;3; 0.010000, 0.010000, 0.010000;;,
      34;3; 0.010000, 0.010000, 0.010000;;,
      35;3; 0.010000, 0.010000, 0.010000;;;
    }
    AnimationKey { // Position
      2;
      36;
      0;3; 0.000000, 0.000000, 0.000000;;,
      1;3; 0.000000, 0.000000, 0.000000;;,
      2;3; 0.000000, 0.000000, 0.000000;;,
      3;3; 0.000000, 0.000000, 0.000000;;,
      4;3; 0.000000, 0.000000, 0.000000;;,
      5;3; 0.000000, 0.000000, 0.000000;;,
      6;3; 0.000000, 0.000000, 0.000000;;,
      7;3; 0.000000, 0.000000, 0.000000;;,
      8;3; 0.000000, 0.000000, 0.000000;;,
      9;3; 0.000000, 0.000000, 0.000000;;,
      10;3; 0.000000, 0.000000, 0.000000;;,
      11;3; 0.000000, 0.000000, 0.000000;;,
      12;3; 0.000000, 0.000000, 0.000000;;,
      13;3; 0.000000, 0.000000, 0.000000;;,
      14;3; 0.000000, 0.000000, 0.000000;;,
      15;3; 0.000000, 0.000000, 0.000000;;,
      16;3; 0.000000, 0.000000, 0.000000;;,
      17;3; 0.000000, 0.000000, 0.000000;;,
      18;3; 0.000000, 0.000000, 0.000000;;,
      19;3; 0.000000, 0.000000, 0.000000;;,
      20;3; 0.000000, 0.000000, 0.000000;;,
      21;3; 0.000000, 0.000000, 0.000000;;,
      22;3; 0.000000, 0.000000, 0.000000;;,
      23;3; 0.000000, 0.000000, 0.000000;;,
      24;3; 0.000000, 0.000000, 0.000000;;,
      25;3; 0.000000, 0.000000, 0.000000;;,
      26;3; 0.000000, 0.000000, 0.000000;;,
      27;3; 0.000000, 0.000000, 0.000000;;,
      28;3; 0.000000, 0.000000, 0.000000;;,
      29;3; 0.000000, 0.000000, 0.000000;;,
      30;3; 0.000000, 0.000000, 0.000000;;,
      31;3; 0.000000, 0.000000, 0.000000;;,
      32;3; 0.000000, 0.000000, 0.000000;;,
      33;3; 0.000000, 0.000000, 0.000000;;,
      34;3; 0.000000, 0.000000, 0.000000;;,
      35;3; 0.000000, 0.000000, 0.000000;;;
    }
  }
  Animation {
    {Armature_root}
    AnimationKey { // Rotation
      0;
      36;
      0;4;-1.000000, 0.000000, 0.000000, 0.000000;;,
      1;4;-1.000000, 0.000000, 0.000000, 0.000000;;,
      2;4;-1.000000, 0.000000, 0.000000, 0.000000;;,
      3;4;-1.000000, 0.000000, 0.000000, 0.000000;;,
      4;4;-1.000000, 0.000000, 0.000000, 0.000000;;,
      5;4;-1.000000, 0.000000, 0.000000, 0.000000;;,
      6;4;-1.000000, 0.000000, 0.000000, 0.000000;;,
      7;4;-1.000000, 0.000000, 0.000000, 0.000000;;,
      8;4;-1.000000, 0.000000, 0.000000, 0.000000;;,
      9;4;-1.000000, 0.000000, 0.000000, 0.000000;;,
      10;4;-1.000000, 0.000000, 0.000000, 0.000000;;,
      11;4;-1.000000, 0.000000, 0.000000, 0.000000;;,
      12;4;-1.000000, 0.000000, 0.000000, 0.000000;;,
      13;4;-1.000000, 0.000000, 0.000000, 0.000000;;,
      14;4;-1.000000, 0.000000, 0.000000, 0.000000;;,
      15;4;-1.000000, 0.000000, 0.000000, 0.000000;;,
      16;4;-1.000000, 0.000000, 0.000000, 0.000000;;,
      17;4;-1.000000, 0.000000, 0.000000, 0.000000;;,
      18;4;-1.000000, 0.000000, 0.000000, 0.000000;;,
      19;4;-1.000000, 0.000000, 0.000000, 0.000000;;,
      20;4;-1.000000, 0.000000, 0.000000, 0.000000;;,
      21;4;-1.000000, 0.000000, 0.000000, 0.000000;;,
      22;4;-1.000000, 0.000000, 0.000000, 0.000000;;,
      23;4;-1.000000, 0.000000, 0.000000, 0.000000;;,
      24;4;-1.000000, 0.000000, 0.000000, 0.000000;;,
      25;4;-1.000000, 0.000000, 0.000000, 0.000000;;,
      26;4;-1.000000, 0.000000, 0.000000, 0.000000;;,
      27;4;-1.000000, 0.000000, 0.000000, 0.000000;;,
      28;4;-1.000000, 0.000000, 0.000000, 0.000000;;,
      29;4;-1.000000, 0.000000, 0.000000, 0.000000;;,
      30;4;-1.000000, 0.000000, 0.000000, 0.000000;;,
      31;4;-1.000000, 0.000000, 0.000000, 0.000000;;,
      32;4;-1.000000, 0.000000, 0.000000, 0.000000;;,
      33;4;-1.000000, 0.000000, 0.000000, 0.000000;;,
      34;4;-1.000000, 0.000000, 0.000000, 0.000000;;,
      35;4;-1.000000, 0.000000, 0.000000, 0.000000;;;
    }
    AnimationKey { // Scale
      1;
      36;
      0;3; 1.000000, 1.000000, 1.000000;;,
      1;3; 1.000000, 1.000000, 1.000000;;,
      2;3; 1.000000, 1.000000, 1.000000;;,
      3;3; 1.000000, 1.000000, 1.000000;;,
      4;3; 1.000000, 1.000000, 1.000000;;,
      5;3; 1.000000, 1.000000, 1.000000;;,
      6;3; 1.000000, 1.000000, 1.000000;;,
      7;3; 1.000000, 1.000000, 1.000000;;,
      8;3; 1.000000, 1.000000, 1.000000;;,
      9;3; 1.000000, 1.000000, 1.000000;;,
      10;3; 1.000000, 1.000000, 1.000000;;,
      11;3; 1.000000, 1.000000, 1.000000;;,
      12;3; 1.000000, 1.000000, 1.000000;;,
      13;3; 1.000000, 1.000000, 1.000000;;,
      14;3; 1.000000, 1.000000, 1.000000;;,
      15;3; 1.000000, 1.000000, 1.000000;;,
      16;3; 1.000000, 1.000000, 1.000000;;,
      17;3; 1.000000, 1.000000, 1.000000;;,
      18;3; 1.000000, 1.000000, 1.000000;;,
      19;3; 1.000000, 1.000000, 1.000000;;,
      20;3; 1.000000, 1.000000, 1.000000;;,
      21;3; 1.000000, 1.000000, 1.000000;;,
      22;3; 1.000000, 1.000000, 1.000000;;,
      23;3; 1.000000, 1.000000, 1.000000;;,
      24;3; 1.000000, 1.000000, 1.000000;;,
      25;3; 1.000000, 1.000000, 1.000000;;,
      26;3; 1.000000, 1.000000, 1.000000;;,
      27;3; 1.000000, 1.000000, 1.000000;;,
      28;3; 1.000000, 1.000000, 1.000000;;,
      29;3; 1.000000, 1.000000, 1.000000;;,
      30;3; 1.000000, 1.000000, 1.000000;;,
      31;3; 1.000000, 1.000000, 1.000000;;,
      32;3; 1.000000, 1.000000, 1.000000;;,
      33;3; 1.000000, 1.000000, 1.000000;;,
      34;3; 1.000000, 1.000000, 1.000000;;,
      35;3; 1.000000, 1.000000, 1.000000;;;
    }
    AnimationKey { // Position
      2;
      36;
      0;3; 0.000000, 0.000010, 0.000000;;,
      1;3; 0.000000, 0.000010, 0.000000;;,
      2;3; 0.000000, 0.000010, 0.000000;;,
      3;3; 0.000000, 0.000010, 0.000000;;,
      4;3; 0.000000, 0.000010, 0.000000;;,
      5;3; 0.000000, 0.000010, 0.000000;;,
      6;3; 0.000000, 0.000010, 0.000000;;,
      7;3; 0.000000, 0.000010, 0.000000;;,
      8;3; 0.000000, 0.000010, 0.000000;;,
      9;3; 0.000000, 0.000010, 0.000000;;,
      10;3; 0.000000, 0.000010, 0.000000;;,
      11;3; 0.000000, 0.000010, 0.000000;;,
      12;3; 0.000000, 0.000010, 0.000000;;,
      13;3; 0.000000, 0.000010, 0.000000;;,
      14;3; 0.000000, 0.000010, 0.000000;;,
      15;3; 0.000000, 0.000010, 0.000000;;,
      16;3; 0.000000, 0.000010, 0.000000;;,
      17;3; 0.000000, 0.000010, 0.000000;;,
      18;3; 0.000000, 0.000010, 0.000000;;,
      19;3; 0.000000, 0.000010, 0.000000;;,
      20;3; 0.000000, 0.000010, 0.000000;;,
      21;3; 0.000000, 0.000010, 0.000000;;,
      22;3; 0.000000, 0.000010, 0.000000;;,
      23;3; 0.000000, 0.000010, 0.000000;;,
      24;3; 0.000000, 0.000010, 0.000000;;,
      25;3; 0.000000, 0.000010, 0.000000;;,
      26;3; 0.000000, 0.000010, 0.000000;;,
      27;3; 0.000000, 0.000010, 0.000000;;,
      28;3; 0.000000, 0.000010, 0.000000;;,
      29;3; 0.000000, 0.000010, 0.000000;;,
      30;3; 0.000000, 0.000010, 0.000000;;,
      31;3; 0.000000, 0.000010, 0.000000;;,
      32;3; 0.000000, 0.000010, 0.000000;;,
