xof 0303txt 0032

template XSkinMeshHeader {
  <3cf169ce-ff7c-44ab-93c0-f78f62d172e2>
  WORD nMaxSkinWeightsPerVertex;
  WORD nMaxSkinWeightsPerFace;
  WORD nBones;
}

template SkinWeights {
  <6f0d123b-bad2-4167-a0d0-80224f25fabb>
  STRING transformNodeName;
  DWORD nWeights;
  array DWORD vertexIndices[nWeights];
  array float weights[nWeights];
  Matrix4x4 matrixOffset;
}

Frame Root {
  FrameTransformMatrix {
     1.000000, 0.000000, 0.000000, 0.000000,
     0.000000,-0.000000, 1.000000, 0.000000,
     0.000000, 1.000000, 0.000000, 0.000000,
     0.000000, 0.000000, 0.000000, 1.000000;;
  }
  Frame Armature {
    FrameTransformMatrix {
       0.010000, 0.000000, 0.000000, 0.000000,
       0.000000,-0.000000, 0.010000, 0.000000,
       0.000000,-0.010000,-0.000000, 0.000000,
       0.000000, 0.000000, 0.000000, 1.000000;;
    }
    Frame Armature_root {
      FrameTransformMatrix {
         1.000000, 0.000000, 0.000000, 0.000000,
         0.000000, 1.000000, 0.000000, 0.000000,
         0.000000, 0.000000, 1.000000, 0.000000,
         0.000000, 0.000003, 0.000000, 1.000000;;
      }
      Frame Armature_ik_foot_root {
        FrameTransformMatrix {
           0.000000,-0.000000,-1.000000, 0.000000,
           1.000000, 0.000000, 0.000000, 0.000000,
           0.000000,-1.000000, 0.000000, 0.000000,
           0.000000, 0.000000, 0.000000, 1.000000;;
        }
        Frame Armature_ik_foot_l {
          FrameTransformMatrix {
             0.032324,-0.159638,-0.986646, 0.000000,
            -0.979313, 0.192232,-0.063187, 0.000000,
             0.199752, 0.968278,-0.150122, 0.000000,
            12.666857, 8.213385,-48.150425, 1.000000;;
          }
        } // End of Armature_ik_foot_l
        Frame Armature_ik_foot_r {
          FrameTransformMatrix {
            -0.920114,-0.173155, 0.351294, 0.000000,
             0.345752, 0.062209, 0.936262, 0.000000,
            -0.183972, 0.982928, 0.002629, 0.000000,
            34.028816,-4.144084,-18.288429, 1.000000;;
          }
        } // End of Armature_ik_foot_r
      } // End of Armature_ik_foot_root
      Frame Armature_ik_hand_root {
        FrameTransformMatrix {
           1.000000, 0.000000, 0.000000, 0.000000,
           0.000000, 1.000000,-0.000000, 0.000000,
           0.000000, 0.000000, 1.000000, 0.000000,
           0.000000, 0.000000, 0.000000, 1.000000;;
        }
        Frame Armature_ik_hand_gun {
          FrameTransformMatrix {
             0.025879,-0.060174, 0.997852, 0.000000,
             0.484083,-0.872591,-0.065174, 0.000000,
             0.874639, 0.484730, 0.006547, 0.000000,
            -46.253647,100.306885,-10.444092, 1.000000;;
          }
          Frame Armature_ik_hand_l {
            FrameTransformMatrix {
               0.145579, 0.963635,-0.224085, 0.000000,
               0.457684, 0.135208, 0.878775, 0.000000,
               0.877116,-0.230491,-0.421357, 0.000000,
              22.942442,34.957264,71.204124, 1.000000;;
            }
          } // End of Armature_ik_hand_l
          Frame Armature_ik_hand_r {
            FrameTransformMatrix {
               1.000000, 0.000001,-0.000000, 0.000000,
              -0.000001, 1.000000,-0.000000, 0.000000,
               0.000000, 0.000000, 1.000000, 0.000000,
               0.000030,-0.000002, 0.000000, 1.000000;;
            }
          } // End of Armature_ik_hand_r
        } // End of Armature_ik_hand_gun
      } // End of Armature_ik_hand_root
      Frame Armature_pelvis {
        FrameTransformMatrix {
           0.142866, 0.868337, 0.474953, 0.000000,
          -0.143370,-0.456658, 0.878014, 0.000000,
           0.979303,-0.193532, 0.059253, 0.000000,
          -0.169809,87.306915, 2.767115, 1.000000;;
        }
        Frame Armature_spine_01 {
          FrameTransformMatrix {
             0.288513,-0.956418,-0.044998, 0.000000,
             0.935226, 0.291569,-0.200847, 0.000000,
             0.205214, 0.015864, 0.978589, 0.000000,
            10.808878, 0.851423,-0.000001, 1.000000;;
          }
          Frame Armature_spine_02 {
            FrameTransformMatrix {
               0.995219,-0.047370,-0.085411, 0.000000,
               0.044921, 0.998529,-0.030378, 0.000000,
               0.086724, 0.026396, 0.995883, 0.000000,
               3.785589,18.846458, 0.328288, 1.000000;;
            }
            Frame Armature_spine_03 {
              FrameTransformMatrix {
                 0.991247, 0.096086,-0.090533, 0.000000,
                -0.096652, 0.995316,-0.001886, 0.000000,
                 0.089928, 0.010620, 0.995892, 0.000000,
                 0.415049,13.412323, 0.068850, 1.000000;;
              }
              Frame Armature_clavicle_l {
                FrameTransformMatrix {
                   0.938315, 0.138753,-0.316723, 0.000000,
                   0.323238,-0.026647, 0.945942, 0.000000,
                   0.122812,-0.989968,-0.069853, 0.000000,
                  -2.732076,11.883708, 3.781982, 1.000000;;
                }
                Frame Armature_upperarm_l {
                  FrameTransformMatrix {
                     0.858931, 0.313418,-0.404977, 0.000000,
                     0.191121, 0.537490, 0.821327, 0.000000,
                     0.475089,-0.782863, 0.401766, 0.000000,
                    -0.000015,15.784875, 0.000003, 1.000000;;
                  }
                  Frame Armature_lowerarm_l {
                    FrameTransformMatrix {
                       0.181716, 0.983351, 0.000000, 0.000000,
                      -0.983351, 0.181716, 0.000000, 0.000000,
                       0.000000,-0.000000, 1.000000, 0.000000,
                      -0.000009,30.339956, 0.000006, 1.000000;;
                    }
                    Frame Armature_hand_l {
                      FrameTransformMatrix {
                         0.016408, 0.128541, 0.991568, 0.000000,
                         0.041581, 0.990756,-0.129124, 0.000000,
                        -0.999000, 0.043350, 0.010911, 0.000000,
                        -0.000007,26.975159,-0.000008, 1.000000;;
                      }
                      Frame Armature_index_01_l {
                        FrameTransformMatrix {
                           0.743789,-0.626016,-0.234270, 0.000000,
                           0.616255, 0.777983,-0.122362, 0.000000,
                           0.258858,-0.053358, 0.964440, 0.000000,
                           1.763459,12.068107, 2.109404, 1.000000;;
                        }
                        Frame Armature_index_02_l {
                          FrameTransformMatrix {
                             0.904650,-0.425646,-0.020839, 0.000000,
                             0.425447, 0.904884,-0.013409, 0.000000,
                             0.024564, 0.003264, 0.999693, 0.000000,
                            -0.000003, 4.287509,-0.000002, 1.000000;;
                          }
                          Frame Armature_index_03_l {
                            FrameTransformMatrix {
                               0.997664,-0.064223,-0.023297, 0.000000,
                               0.064524, 0.997839, 0.012414, 0.000000,
                               0.022449,-0.013889, 0.999651, 0.000000,
                              -0.000002, 3.393797, 0.000003, 1.000000;;
                            }
                          } // End of Armature_index_03_l
                        } // End of Armature_index_02_l
                      } // End of Armature_index_01_l
                      Frame Armature_middle_01_l {
                        FrameTransformMatrix {
                           0.699028,-0.714897, 0.016790, 0.000000,
                           0.710786, 0.692053,-0.125877, 0.000000,
                           0.078369, 0.099926, 0.991904, 0.000000,
                           1.293643,12.244282,-0.571157, 1.000000;;
                        }
                        Frame Armature_middle_02_l {
                          FrameTransformMatrix {
                             0.818064,-0.574589, 0.024903, 0.000000,
                             0.573821, 0.818357, 0.031963, 0.000000,
                            -0.038745,-0.011857, 0.999179, 0.000000,
                             0.000006, 4.640370,-0.000001, 1.000000;;
                          }
                          Frame Armature_middle_03_l {
                            FrameTransformMatrix {
                               0.991632,-0.127965, 0.017073, 0.000000,
                               0.128899, 0.988753,-0.075844, 0.000000,
                              -0.007175, 0.077410, 0.996974, 0.000000,
                               0.000006, 3.648853,-0.000002, 1.000000;;
                            }
                          } // End of Armature_middle_03_l
                        } // End of Armature_middle_02_l
                      } // End of Armature_middle_01_l
                      Frame Armature_pinky_01_l {
                        FrameTransformMatrix {
                           0.582279,-0.687818, 0.433425, 0.000000,
                           0.789192, 0.606254,-0.098143, 0.000000,
                          -0.195261, 0.399202, 0.895829, 0.000000,
                           2.263156,10.140660,-4.643149, 1.000000;;
                        }
                        Frame Armature_pinky_02_l {
                          FrameTransformMatrix {
                             0.702610,-0.711571,-0.002478, 0.000000,
                             0.711214, 0.702360,-0.029421, 0.000000,
                             0.022675, 0.018910, 0.999564, 0.000000,
                             0.000003, 3.570981,-0.000000, 1.000000;;
                          }
                          Frame Armature_pinky_03_l {
                            FrameTransformMatrix {
                               0.817359,-0.574422,-0.044298, 0.000000,
                               0.576091, 0.815762, 0.051502, 0.000000,
                               0.006553,-0.067616, 0.997690, 0.000000,
                              -0.000011, 2.985632,-0.000001, 1.000000;;
                            }
                          } // End of Armature_pinky_03_l
                        } // End of Armature_pinky_02_l
                      } // End of Armature_pinky_01_l
                      Frame Armature_ring_01_l {
                        FrameTransformMatrix {
                           0.627464,-0.722009, 0.291533, 0.000000,
                           0.765720, 0.640104,-0.062774, 0.000000,
                          -0.141288, 0.262620, 0.954499, 0.000000,
                           1.753528,11.497878,-2.846910, 1.000000;;
                        }
                        Frame Armature_ring_02_l {
                          FrameTransformMatrix {
                             0.755885,-0.654644, 0.008833, 0.000000,
                             0.654597, 0.755450,-0.028260, 0.000000,
                             0.011827, 0.027143, 0.999561, 0.000000,
                            -0.000004, 4.430186,-0.000003, 1.000000;;
                          }
                          Frame Armature_ring_03_l {
                            FrameTransformMatrix {
                               0.967254,-0.253131,-0.018560, 0.000000,
                               0.253751, 0.966022, 0.049108, 0.000000,
                               0.005499,-0.052210, 0.998621, 0.000000,
                               0.000012, 3.476657, 0.000000, 1.000000;;
                            }
                          } // End of Armature_ring_03_l
                        } // End of Armature_ring_02_l
                      } // End of Armature_ring_01_l
                      Frame Armature_thumb_01_l {
                        FrameTransformMatrix {
                           0.139142, 0.453055,-0.880557, 0.000000,
                           0.347231, 0.810429, 0.471842, 0.000000,
                           0.927400,-0.371409,-0.044550, 0.000000,
                           2.374975, 4.762033, 2.537825, 1.000000;;
                        }
                        Frame Armature_thumb_02_l {
                          FrameTransformMatrix {
                             0.963379,-0.266513,-0.029513, 0.000000,
                             0.267574, 0.948335, 0.170483, 0.000000,
                            -0.017448,-0.172137, 0.984919, 0.000000,
                            -0.000004, 3.869664, 0.000001, 1.000000;;
                          }
                          Frame Armature_thumb_03_l {
                            FrameTransformMatrix {
                               0.988868,-0.142636,-0.042379, 0.000000,
                               0.142467, 0.989775,-0.006992, 0.000000,
                               0.042943, 0.000876, 0.999077, 0.000000,
                              -0.000002, 4.062162, 0.000003, 1.000000;;
                            }
                          } // End of Armature_thumb_03_l
                        } // End of Armature_thumb_02_l
                      } // End of Armature_thumb_01_l
                    } // End of Armature_hand_l
                    Frame Armature_lowerarm_twist_01_l {
                      FrameTransformMatrix {
                         0.999985, 0.000000,-0.005475, 0.000000,
                        -0.000000, 1.000000,-0.000000, 0.000000,
                         0.005475, 0.000000, 0.999985, 0.000000,
                        -0.000004,14.000013,-0.000002, 1.000000;;
                      }
                    } // End of Armature_lowerarm_twist_01_l
                  } // End of Armature_lowerarm_l
                  Frame Armature_upperarm_twist_01_l {
                    FrameTransformMatrix {
                       0.957756, 0.000000, 0.287582, 0.000000,
                      -0.000000, 1.000000, 0.000000, 0.000000,
                      -0.287582,-0.000000, 0.957756, 0.000000,
                       0.000002, 0.500004, 0.000000, 1.000000;;
                    }
                  } // End of Armature_upperarm_twist_01_l
                } // End of Armature_upperarm_l
              } // End of Armature_clavicle_l
              Frame Armature_clavicle_r {
                FrameTransformMatrix {
                  -0.945834,-0.129491,-0.297709, 0.000000,
                   0.313345,-0.124216,-0.941480, 0.000000,
                   0.084933,-0.983769, 0.158063, 0.000000,
                  -2.732094,11.883798,-3.782006, 1.000000;;
                }
                Frame Armature_upperarm_r {
                  FrameTransformMatrix {
                     0.811626, 0.467557,-0.350219, 0.000000,
                    -0.007516, 0.607816, 0.794042, 0.000000,
                     0.584129,-0.641833, 0.496834, 0.000000,
                    -0.000059,15.784747, 0.000082, 1.000000;;
                  }
                  Frame Armature_lowerarm_r {
                    FrameTransformMatrix {
                       0.946074,-0.292865,-0.138469, 0.000000,
                       0.294209, 0.955676,-0.011126, 0.000000,
                       0.135589,-0.030213, 0.990304, 0.000000,
                       0.000002,30.340057, 0.000006, 1.000000;;
                    }
                    Frame Armature_hand_r {
                      FrameTransformMatrix {
                         0.216128,-0.258987,-0.941390, 0.000000,
                        -0.713942, 0.615781,-0.333318, 0.000000,
                         0.666015, 0.744137,-0.051815, 0.000000,
                         0.000000,26.975258, 0.000007, 1.000000;;
                      }
                      Frame Armature_index_01_r {
                        FrameTransformMatrix {
                           0.680580, 0.711086, 0.176543, 0.000000,
                          -0.685835, 0.703072,-0.187936, 0.000000,
                          -0.257761, 0.006826, 0.966185, 0.000000,
                          -1.763747,12.067934, 2.109442, 1.000000;;
                        }
                        Frame Armature_index_02_r {
                          FrameTransformMatrix {
                            -0.096418, 0.990319, 0.099860, 0.000000,
                            -0.995296,-0.094969,-0.019175, 0.000000,
                            -0.009506,-0.101239, 0.994817, 0.000000,
                             0.000093, 4.287687,-0.000072, 1.000000;;
                          }
                          Frame Armature_index_03_r {
                            FrameTransformMatrix {
                               0.666915, 0.744998, 0.014204, 0.000000,
                              -0.744829, 0.667067,-0.015866, 0.000000,
                              -0.021295, 0.000001, 0.999773, 0.000000,
                               0.000129, 3.393808,-0.000006, 1.000000;;
                            }
                          } // End of Armature_index_03_r
                        } // End of Armature_index_02_r
                      } // End of Armature_index_01_r
                      Frame Armature_middle_01_r {
                        FrameTransformMatrix {
                           0.441930, 0.896671,-0.026033, 0.000000,
                          -0.895749, 0.439541,-0.066611, 0.000000,
                          -0.048286, 0.052757, 0.997439, 0.000000,
                          -1.293747,12.244110,-0.571118, 1.000000;;
                        }
                        Frame Armature_middle_02_r {
                          FrameTransformMatrix {
                             0.178864, 0.979905, 0.088286, 0.000000,
                            -0.981563, 0.171578, 0.084233, 0.000000,
                             0.067392,-0.101724, 0.992527, 0.000000,
                            -0.000139, 4.640571, 0.000001, 1.000000;;
                          }
                          Frame Armature_middle_03_r {
                            FrameTransformMatrix {
                               0.131025, 0.991379, 0.000429, 0.000000,
                              -0.991374, 0.131025,-0.003243, 0.000000,
                              -0.003271,-0.000001, 0.999995, 0.000000,
                               0.000048, 3.648908, 0.000004, 1.000000;;
                            }
                          } // End of Armature_middle_03_r
                        } // End of Armature_middle_02_r
                      } // End of Armature_middle_01_r
                      Frame Armature_pinky_01_r {
                        FrameTransformMatrix {
                           0.827082, 0.473667,-0.302613, 0.000000,
                          -0.535493, 0.827640,-0.168105, 0.000000,
                           0.170829, 0.301084, 0.938172, 0.000000,
                          -2.263380,10.140589,-4.643086, 1.000000;;
                        }
                        Frame Armature_pinky_02_r {
                          FrameTransformMatrix {
                             0.135758, 0.989592, 0.047733, 0.000000,
                            -0.990283, 0.137003,-0.023853, 0.000000,
                            -0.030144,-0.044031, 0.998575, 0.000000,
                            -0.000073, 3.571058,-0.000007, 1.000000;;
                          }
                          Frame Armature_pinky_03_r {
                            FrameTransformMatrix {
                              -0.138521, 0.990359,-0.000993, 0.000000,
                              -0.990334,-0.138525,-0.007094, 0.000000,
                              -0.007163, 0.000001, 0.999974, 0.000000,
                               0.000319, 2.985410,-0.000033, 1.000000;;
                            }
                          } // End of Armature_pinky_03_r
                        } // End of Armature_pinky_02_r
                      } // End of Armature_pinky_01_r
                      Frame Armature_ring_01_r {
                        FrameTransformMatrix {
                           0.488693, 0.835028,-0.252801, 0.000000,
                          -0.863051, 0.505116, 0.000076, 0.000000,
                           0.127757, 0.218143, 0.967518, 0.000000,
                          -1.753792,11.497970,-2.846906, 1.000000;;
                        }
                        Frame Armature_ring_02_r {
                          FrameTransformMatrix {
                            -0.098076, 0.994969, 0.020464, 0.000000,
                            -0.995158,-0.097920,-0.008488, 0.000000,
                            -0.006442,-0.021197, 0.999755, 0.000000,
                             0.000087, 4.429862,-0.000026, 1.000000;;
                          }
                          Frame Armature_ring_03_r {
                            FrameTransformMatrix {
                               0.264060, 0.964506,-0.000106, 0.000000,
                              -0.964506, 0.264060, 0.000387, 0.000000,
                               0.000401,-0.000000, 1.000000, 0.000000,
                               0.000072, 3.476657,-0.000000, 1.000000;;
                            }
                          } // End of Armature_ring_03_r
                        } // End of Armature_ring_02_r
                      } // End of Armature_ring_01_r
                      Frame Armature_thumb_01_r {
                        FrameTransformMatrix {
                           0.166766,-0.399675, 0.901359, 0.000000,
                          -0.684860, 0.610702, 0.397503, 0.000000,
                          -0.709335,-0.683595,-0.171877, 0.000000,
                          -2.375128, 4.762114, 2.537808, 1.000000;;
                        }
                        Frame Armature_thumb_02_r {
                          FrameTransformMatrix {
                             0.809496, 0.587037, 0.010214, 0.000000,
                            -0.587123, 0.809316, 0.017121, 0.000000,
                             0.001784,-0.019857, 0.999801, 0.000000,
                             0.000118, 3.869570, 0.000051, 1.000000;;
                          }
                          Frame Armature_thumb_03_r {
                            FrameTransformMatrix {
                               0.696233, 0.717189, 0.029993, 0.000000,
                              -0.716524, 0.696879,-0.030868, 0.000000,
                              -0.043040, 0.000000, 0.999073, 0.000000,
                               0.000006, 4.062180, 0.000001, 1.000000;;
                            }
                          } // End of Armature_thumb_03_r
                        } // End of Armature_thumb_02_r
                      } // End of Armature_thumb_01_r
                      Frame Armature_weapon_r {
                        FrameTransformMatrix {
                          -0.005470,-0.000002,-0.999985, 0.000000,
                          -0.000002,-1.000000, 0.000002, 0.000000,
                          -0.999985, 0.000002, 0.005470, 0.000000,
                          -4.667002,11.309001,-1.092996, 1.000000;;
                        }
                      } // End of Armature_weapon_r
                    } // End of Armature_hand_r
                    Frame Armature_lowerarm_twist_01_r {
                      FrameTransformMatrix {
                         0.996669,-0.000000,-0.081549, 0.000000,
                         0.000000, 1.000000, 0.000000, 0.000000,
                         0.081549,-0.000000, 0.996669, 0.000000,
                         0.000029,14.000010,-0.000001, 1.000000;;
                      }
                    } // End of Armature_lowerarm_twist_01_r
                  } // End of Armature_lowerarm_r
                  Frame Armature_upperarm_twist_01_r {
                    FrameTransformMatrix {
                       0.896325, 0.000000, 0.443398, 0.000000,
                       0.000000, 1.000000, 0.000000, 0.000000,
                      -0.443398, 0.000000, 0.896325, 0.000000,
                      -0.000005, 0.499998, 0.000005, 1.000000;;
                    }
                  } // End of Armature_upperarm_twist_01_r
                } // End of Armature_upperarm_r
              } // End of Armature_clavicle_r
              Frame Armature_neck_01 {
                FrameTransformMatrix {
                   0.882294, 0.467977, 0.050554, 0.000000,
                  -0.469601, 0.882477, 0.026631, 0.000000,
                  -0.032151,-0.047237, 0.998366, 0.000000,
                  -0.355313,16.558790,-0.000004, 1.000000;;
                }
                Frame Armature_head {
                  FrameTransformMatrix {
                     0.586389,-0.807193,-0.067730, 0.000000,
                     0.809929, 0.582946, 0.064720, 0.000000,
                    -0.012759,-0.092807, 0.995602, 0.000000,
                     0.364157, 9.283617,-0.000002, 1.000000;;
                  }
                } // End of Armature_head
              } // End of Armature_neck_01
            } // End of Armature_spine_03
          } // End of Armature_spine_02
        } // End of Armature_spine_01
        Frame Armature_sword_holder {
          FrameTransformMatrix {
            -0.636399, 0.563937, 0.526280, 0.000000,
            -0.615231,-0.782640, 0.094678, 0.000000,
             0.465280,-0.263531, 0.845024, 0.000000,
            14.130804,19.789570,17.467285, 1.000000;;
          }
        } // End of Armature_sword_holder
        Frame Armature_thigh_l {
          FrameTransformMatrix {
            -0.907300,-0.385622,-0.167640, 0.000000,
            -0.420479, 0.834131, 0.356963, 0.000000,
             0.002181, 0.394361,-0.918953, 0.000000,
            -1.448830, 0.531424, 9.005812, 1.000000;;
          }
          Frame Armature_calf_l {
            FrameTransformMatrix {
              -0.530697,-0.837938, 0.127357, 0.000000,
               0.831732,-0.543778,-0.111929, 0.000000,
               0.163044, 0.046527, 0.985521, 0.000000,
              -0.318816,42.384727, 0.046959, 1.000000;;
            }
            Frame Armature_calf_twist_01_l {
              FrameTransformMatrix {
                 0.998836,-0.015045, 0.045826, 0.000000,
                 0.015236, 0.999877,-0.003824, 0.000000,
                -0.045763, 0.004517, 0.998942, 0.000000,
                 0.000002,20.476763,-0.000002, 1.000000;;
              }
            } // End of Armature_calf_twist_01_l
            Frame Armature_foot_l {
              FrameTransformMatrix {
                 0.023278,-0.999656,-0.012074, 0.000000,
                -0.999565,-0.023054,-0.018375, 0.000000,
                 0.018091, 0.012497,-0.999758, 0.000000,
                 0.000167,40.196674,-0.000077, 1.000000;;
              }
              Frame Armature_ball_l {
                FrameTransformMatrix {
                  -0.032877, 0.999459, 0.000151, 0.000000,
                  -0.999460,-0.032877, 0.000068, 0.000000,
                   0.000073,-0.000148, 1.000000, 0.000000,
                  -10.453837,16.577860,-0.080156, 1.000000;;
                }
              } // End of Armature_ball_l
            } // End of Armature_foot_l
          } // End of Armature_calf_l
          Frame Armature_thigh_twist_01_l {
            FrameTransformMatrix {
               0.948561,-0.000934,-0.316592, 0.000000,
               0.000983, 0.999999,-0.000004, 0.000000,
               0.316592,-0.000308, 0.948562, 0.000000,
               0.000005,22.094248,-0.000000, 1.000000;;
            }
          } // End of Armature_thigh_twist_01_l
        } // End of Armature_thigh_l
        Frame Armature_thigh_r {
          FrameTransformMatrix {
             0.294026, 0.953032,-0.072654, 0.000000,
            -0.927091, 0.302860, 0.220859, 0.000000,
             0.232489, 0.002419, 0.972596, 0.000000,
            -1.448651, 0.531434,-9.005804, 1.000000;;
          }
          Frame Armature_calf_r {
            FrameTransformMatrix {
               0.790202, 0.609559, 0.063390, 0.000000,
              -0.607614, 0.792741,-0.048650, 0.000000,
              -0.079907,-0.000074, 0.996802, 0.000000,
               0.020312,42.452450, 0.004209, 1.000000;;
            }
            Frame Armature_calf_twist_01_r {
              FrameTransformMatrix {
                 0.997679, 0.014948,-0.066428, 0.000000,
                -0.015235, 0.999877,-0.003825, 0.000000,
                 0.066363, 0.004828, 0.997784, 0.000000,
                -0.000007,20.476900,-0.000000, 1.000000;;
              }
            } // End of Armature_calf_twist_01_r
            Frame Armature_foot_r {
              FrameTransformMatrix {
                 0.446637, 0.894696, 0.005771, 0.000000,
                 0.890798,-0.444070,-0.096339, 0.000000,
                -0.083632, 0.048169,-0.995332, 0.000000,
                 0.000340,40.196747,-0.000057, 1.000000;;
              }
              Frame Armature_ball_r {
                FrameTransformMatrix {
                   0.470868,-0.882203, 0.000557, 0.000000,
                   0.882203, 0.470868,-0.000216, 0.000000,
                  -0.000071, 0.000593, 1.000000, 0.000000,
                  10.453820,16.577805,-0.080161, 1.000000;;
                }
              } // End of Armature_ball_r
            } // End of Armature_foot_r
          } // End of Armature_calf_r
          Frame Armature_thigh_twist_01_r {
            FrameTransformMatrix {
               0.998096, 0.000981, 0.061669, 0.000000,
              -0.000983, 1.000000,-0.000003, 0.000000,
              -0.061669,-0.000058, 0.998097, 0.000000,
              -0.000002,22.094246,-0.000003, 1.000000;;
            }
          } // End of Armature_thigh_twist_01_r
        } // End of Armature_thigh_r
      } // End of Armature_pelvis
    } // End of Armature_root
  } // End of Armature
} // End of Root
AnimationSet Global {
  Animation {
    {Armature}
    AnimationKey { // Rotation
      0;
      51;
      0;4;-0.707107, 0.707107, 0.000000, 0.000000;;,
      1;4;-0.707107, 0.707107, 0.000000, 0.000000;;,
      2;4;-0.707107, 0.707107, 0.000000, 0.000000;;,
      3;4;-0.707107, 0.707107, 0.000000, 0.000000;;,
      4;4;-0.707107, 0.707107, 0.000000, 0.000000;;,
      5;4;-0.707107, 0.707107, 0.000000, 0.000000;;,
      6;4;-0.707107, 0.707107, 0.000000, 0.000000;;,
      7;4;-0.707107, 0.707107, 0.000000, 0.000000;;,
      8;4;-0.707107, 0.707107, 0.000000, 0.000000;;,
      9;4;-0.707107, 0.707107, 0.000000, 0.000000;;,
      10;4;-0.707107, 0.707107, 0.000000, 0.000000;;,
      11;4;-0.707107, 0.707107, 0.000000, 0.000000;;,
      12;4;-0.707107, 0.707107, 0.000000, 0.000000;;,
      13;4;-0.707107, 0.707107, 0.000000, 0.000000;;,
      14;4;-0.707107, 0.707107, 0.000000, 0.000000;;,
      15;4;-0.707107, 0.707107, 0.000000, 0.000000;;,
      16;4;-0.707107, 0.707107, 0.000000, 0.000000;;,
      17;4;-0.707107, 0.707107, 0.000000, 0.000000;;,
      18;4;-0.707107, 0.707107, 0.000000, 0.000000;;,
      19;4;-0.707107, 0.707107, 0.000000, 0.000000;;,
      20;4;-0.707107, 0.707107, 0.000000, 0.000000;;,
      21;4;-0.707107, 0.707107, 0.000000, 0.000000;;,
      22;4;-0.707107, 0.707107, 0.000000, 0.000000;;,
      23;4;-0.707107, 0.707107, 0.000000, 0.000000;;,
      24;4;-0.707107, 0.707107, 0.000000, 0.000000;;,
      25;4;-0.707107, 0.707107, 0.000000, 0.000000;;,
      26;4;-0.707107, 0.707107, 0.000000, 0.000000;;,
      27;4;-0.707107, 0.707107, 0.000000, 0.000000;;,
      28;4;-0.707107, 0.707107, 0.000000, 0.000000;;,
      29;4;-0.707107, 0.707107, 0.000000, 0.000000;;,
      30;4;-0.707107, 0.707107, 0.000000, 0.000000;;,
      31;4;-0.707107, 0.707107, 0.000000, 0.000000;;,
      32;4;-0.707107, 0.707107, 0.000000, 0.000000;;,
      33;4;-0.707107, 0.707107, 0.000000, 0.000000;;,
      34;4;-0.707107, 0.707107, 0.000000, 0.000000;;,
      35;4;-0.707107, 0.707107, 0.000000, 0.000000;;,
      36;4;-0.707107, 0.707107, 0.000000, 0.000000;;,
      37;4;-0.707107, 0.707107, 0.000000, 0.000000;;,
      38;4;-0.707107, 0.707107, 0.000000, 0.000000;;,
      39;4;-0.707107, 0.707107, 0.000000, 0.000000;;,
      40;4;-0.707107, 0.707107, 0.000000, 0.000000;;,
      41;4;-0.707107, 0.707107, 0.000000, 0.000000;;,
      42;4;-0.707107, 0.707107, 0.000000, 0.000000;;,
      43;4;-0.707107, 0.707107, 0.000000, 0.000000;;,
      44;4;-0.707107, 0.707107, 0.000000, 0.000000;;,
      45;4;-0.707107, 0.707107, 0.000000, 0.000000;;,
      46;4;-0.707107, 0.707107, 0.000000, 0.000000;;,
      47;4;-0.707107, 0.707107, 0.000000, 0.000000;;,
      48;4;-0.707107, 0.707107, 0.000000, 0.000000;;,
      49;4;-0.707107, 0.707107, 0.000000, 0.000000;;,
      50;4;-0.707107, 0.707107, 0.000000, 0.000000;;;
    }
    AnimationKey { // Scale
      1;
      51;
      0;3; 0.010000, 0.010000, 0.010000;;,
      1;3; 0.010000, 0.010000, 0.010000;;,
      2;3; 0.010000, 0.010000, 0.010000;;,
      3;3; 0.010000, 0.010000, 0.010000;;,
      4;3; 0.010000, 0.010000, 0.010000;;,
      5;3; 0.010000, 0.010000, 0.010000;;,
      6;3; 0.010000, 0.010000, 0.010000;;,
      7;3; 0.010000, 0.010000, 0.010000;;,
      8;3; 0.010000, 0.010000, 0.010000;;,
      9;3; 0.010000, 0.010000, 0.010000;;,
      10;3; 0.010000, 0.010000, 0.010000;;,
      11;3; 0.010000, 0.010000, 0.010000;;,
      12;3; 0.010000, 0.010000, 0.010000;;,
      13;3; 0.010000, 0.010000, 0.010000;;,
      14;3; 0.010000, 0.010000, 0.010000;;,
      15;3; 0.010000, 0.010000, 0.010000;;,
      16;3; 0.010000, 0.010000, 0.010000;;,
      17;3; 0.010000, 0.010000, 0.010000;;,
      18;3; 0.010000, 0.010000, 0.010000;;,
      19;3; 0.010000, 0.010000, 0.010000;;,
      20;3; 0.010000, 0.010000, 0.010000;;,
      21;3; 0.010000, 0.010000, 0.010000;;,
      22;3; 0.010000, 0.010000, 0.010000;;,
      23;3; 0.010000, 0.010000, 0.010000;;,
      24;3; 0.010000, 0.010000, 0.010000;;,
      25;3; 0.010000, 0.010000, 0.010000;;,
      26;3; 0.010000, 0.010000, 0.010000;;,
      27;3; 0.010000, 0.010000, 0.010000;;,
      28;3; 0.010000, 0.010000, 0.010000;;,
      29;3; 0.010000, 0.010000, 0.010000;;,
      30;3; 0.010000, 0.010000, 0.010000;;,
      31;3; 0.010000, 0.010000, 0.010000;;,
      32;3; 0.010000, 0.010000, 0.010000;;,
      33;3; 0.010000, 0.010000, 0.010000;;,
      34;3; 0.010000, 0.010000, 0.010000;;,
      35;3; 0.010000, 0.010000, 0.010000;;,
      36;3; 0.010000, 0.010000, 0.010000;;,
      37;3; 0.010000, 0.010000, 0.010000;;,
      38;3; 0.010000, 0.010000, 0.010000;;,
      39;3; 0.010000, 0.010000, 0.010000;;,
      40;3; 0.010000, 0.010000, 0.010000;;,
      41;3; 0.010000, 0.010000, 0.010000;;,
      42;3; 0.010000, 0.010000, 0.010000;;,
      43;3; 0.010000, 0.010000, 0.010000;;,
      44;3; 0.010000, 0.010000, 0.010000;;,
      45;3; 0.010000, 0.010000, 0.010000;;,
      46;3; 0.010000, 0.010000, 0.010000;;,
      47;3; 0.010000, 0.010000, 0.010000;;,
      48;3; 0.010000, 0.010000, 0.010000;;,
      49;3; 0.010000, 0.010000, 0.010000;;,
      50;3; 0.010000, 0.010000, 0.010000;;;
    }
    AnimationKey { // Position
      2;
      51;
      0;3; 0.000000, 0.000000, 0.000000;;,
      1;3; 0.000000, 0.000000, 0.000000;;,
      2;3; 0.000000, 0.000000, 0.000000;;,
      3;3; 0.000000, 0.000000, 0.000000;;,
      4;3; 0.000000, 0.000000, 0.000000;;,
      5;3; 0.000000, 0.000000, 0.000000;;,
      6;3; 0.000000, 0.000000, 0.000000;;,
      7;3; 0.000000, 0.000000, 0.000000;;,
      8;3; 0.000000, 0.000000, 0.000000;;,
      9;3; 0.000000, 0.000000, 0.000000;;,
      10;3; 0.000000, 0.000000, 0.000000;;,
      11;3; 0.000000, 0.000000, 0.000000;;,
      12;3; 0.000000, 0.000000, 0.000000;;,
      13;3; 0.000000, 0.000000, 0.000000;;,
      14;3; 0.000000, 0.000000, 0.000000;;,
      15;3; 0.000000, 0.000000, 0.000000;;,
      16;3; 0.000000, 0.000000, 0.000000;;,
      17;3; 0.000000, 0.000000, 0.000000;;,
      18;3; 0.000000, 0.000000, 0.000000;;,
      19;3; 0.000000, 0.000000, 0.000000;;,
      20;3; 0.000000, 0.000000, 0.000000;;,
      21;3; 0.000000, 0.000000, 0.000000;;,
      22;3; 0.000000, 0.000000, 0.000000;;,
      23;3; 0.000000, 0.000000, 0.000000;;,
      24;3; 0.000000, 0.000000, 0.000000;;,
      25;3; 0.000000, 0.000000, 0.000000;;,
      26;3; 0.000000, 0.000000, 0.000000;;,
      27;3; 0.000000, 0.000000, 0.000000;;,
      28;3; 0.000000, 0.000000, 0.000000;;,
      29;3; 0.000000, 0.000000, 0.000000;;,
      30;3; 0.000000, 0.000000, 0.000000;;,
      31;3; 0.000000, 0.000000, 0.000000;;,
      32;3; 0.000000, 0.000000, 0.000000;;,
      33;3; 0.000000, 0.000000, 0.000000;;,
      34;3; 0.000000, 0.000000, 0.000000;;,
      35;3; 0.000000, 0.000000, 0.000000;;,
      36;3; 0.000000, 0.000000, 0.000000;;,
      37;3; 0.000000, 0.000000, 0.000000;;,
      38;3; 0.000000, 0.000000, 0.000000;;,
      39;3; 0.000000, 0.000000, 0.000000;;,
      40;3; 0.000000, 0.000000, 0.000000;;,
      41;3; 0.000000, 0.000000, 0.000000;;,
      42;3; 0.000000, 0.000000, 0.000000;;,
      43;3; 0.000000, 0.000000, 0.000000;;,
      44;3; 0.000000, 0.000000, 0.000000;;,
      45;3; 0.000000, 0.000000, 0.000000;;,
      46;3; 0.000000, 0.000000, 0.000000;;,
      47;3; 0.000000, 0.000000, 0.000000;;,
      48;3; 0.000000, 0.000000, 0.000000;;,
      49;3; 0.000000, 0.000000, 0.000000;;,
      50;3; 0.000000, 0.000000, 0.000000;;;
    }
  }
  Animation {
    {Armature_root}
    AnimationKey { // Rotation
      0;
      51;
      0;4;-1.000000, 0.000000, 0.000000, 0.000000;;,
      1;4;-1.000000, 0.000000, 0.000000, 0.000000;;,
      2;4;-1.000000, 0.000000, 0.000000, 0.000000;;,
      3;4;-1.000000, 0.000000, 0.000000, 0.000000;;,
      4;4;-1.000000, 0.000000, 0.000000, 0.000000;;,
      5;4;-1.000000, 0.000000, 0.000000, 0.000000;;,
      6;4;-1.000000, 0.000000, 0.000000, 0.000000;;,
      7;4;-1.000000, 0.000000, 0.000000, 0.000000;;,
      8;4;-1.000000, 0.000000, 0.000000, 0.000000;;,
      9;4;-1.000000, 0.000000, 0.000000, 0.000000;;,
      10;4;-1.000000, 0.000000, 0.000000, 0.000000;;,
      11;4;-1.000000, 0.000000, 0.000000, 0.000000;;,
      12;4;-1.000000, 0.000000, 0.000000, 0.000000;;,
      13;4;-1.000000, 0.000000, 0.000000, 0.000000;;,
      14;4;-1.000000, 0.000000, 0.000000, 0.000000;;,
      15;4;-1.000000, 0.000000, 0.000000, 0.000000;;,
      16;4;-1.000000, 0.000000, 0.000000, 0.000000;;,
      17;4;-1.000000, 0.000000, 0.000000, 0.000000;;,
      18;4;-1.000000, 0.000000, 0.000000, 0.000000;;,
      19;4;-1.000000, 0.000000, 0.000000, 0.000000;;,
      20;4;-1.000000, 0.000000, 0.000000, 0.000000;;,
      21;4;-1.000000, 0.000000, 0.000000, 0.000000;;,
      22;4;-1.000000, 0.000000, 0.000000, 0.000000;;,
      23;4;-1.000000, 0.000000, 0.000000, 0.000000;;,
      24;4;-1.000000, 0.000000, 0.000000, 0.000000;;,
      25;4;-1.000000, 0.000000, 0.000000, 0.000000;;,
      26;4;-1.000000, 0.000000, 0.000000, 0.000000;;,
      27;4;-1.000000, 0.000000, 0.000000, 0.000000;;,
      28;4;-1.000000, 0.000000, 0.000000, 0.000000;;,
      29;4;-1.000000, 0.000000, 0.000000, 0.000000;;,
      30;4;-1.000000, 0.000000, 0.000000, 0.000000;;,
      31;4;-1.000000, 0.000000, 0.000000, 0.000000;;,
      32;4;-1.000000, 0.000000, 0.000000, 0.000000;;,
      33;4;-1.000000, 0.000000, 0.000000, 0.000000;;,
      34;4;-1.000000, 0.000000, 0.000000, 0.000000;;,
      35;4;-1.000000, 0.000000, 0.000000, 0.000000;;,
      36;4;-1.000000, 0.000000, 0.000000, 0.000000;;,
      37;4;-1.000000, 0.000000, 0.000000, 0.000000;;,
      38;4;-1.000000, 0.000000, 0.000000, 0.000000;;,
      39;4;-1.000000, 0.000000, 0.000000, 0.000000;;,
      40;4;-1.000000, 0.000000, 0.000000, 0.000000;;,
      41;4;-1.000000, 0.000000, 0.000000, 0.000000;;,
      42;4;-1.000000, 0.000000, 0.000000, 0.000000;;,
      43;4;-1.000000, 0.000000, 0.000000, 0.000000;;,
      44;4;-1.000000, 0.000000, 0.000000, 0.000000;;,
      45;4;-1.000000, 0.000000, 0.000000, 0.000000;;,
      46;4;-1.000000, 0.000000, 0.000000, 0.000000;;,
      47;4;-1.000000, 0.000000, 0.000000, 0.000000;;,
      48;4;-1.000000, 0.000000, 0.000000, 0.000000;;,
      49;4;-1.000000, 0.000000, 0.000000, 0.000000;;,
      50;4;-1.000000, 0.000000, 0.000000, 0.000000;;;
    }
    AnimationKey { // Scale
      1;
      51;
      0;3; 1.000000, 1.000000, 1.000000;;,
      1;3; 1.000000, 1.000000, 1.000000;;,
      2;3; 1.000000, 1.000000, 1.000000;;,
