xof 0303txt 0032

template XSkinMeshHeader {
  <3cf169ce-ff7c-44ab-93c0-f78f62d172e2>
  WORD nMaxSkinWeightsPerVertex;
  WORD nMaxSkinWeightsPerFace;
  WORD nBones;
}

template SkinWeights {
  <6f0d123b-bad2-4167-a0d0-80224f25fabb>
  STRING transformNodeName;
  DWORD nWeights;
  array DWORD vertexIndices[nWeights];
  array float weights[nWeights];
  Matrix4x4 matrixOffset;
}

Frame Root {
  FrameTransformMatrix {
     1.000000, 0.000000, 0.000000, 0.000000,
     0.000000,-0.000000, 1.000000, 0.000000,
     0.000000, 1.000000, 0.000000, 0.000000,
     0.000000, 0.000000, 0.000000, 1.000000;;
  }
  Frame Armature {
    FrameTransformMatrix {
       0.010000, 0.000000, 0.000000, 0.000000,
       0.000000,-0.000000, 0.010000, 0.000000,
       0.000000,-0.010000,-0.000000, 0.000000,
       0.000000, 0.000000, 0.000000, 1.000000;;
    }
    Frame Armature_root {
      FrameTransformMatrix {
         1.000000, 0.000000, 0.000000, 0.000000,
         0.000000, 1.000000, 0.000000, 0.000000,
         0.000000, 0.000000, 1.000000, 0.000000,
         0.000000, 0.000010, 0.000000, 1.000000;;
      }
      Frame Armature_ik_foot_root {
        FrameTransformMatrix {
           1.000000, 0.000000, 0.000000, 0.000000,
           0.000000, 1.000000, 0.000000, 0.000000,
           0.000000, 0.000000, 1.000000, 0.000000,
           0.000000, 0.000000, 0.000000, 1.000000;;
        }
        Frame Armature_ik_foot_l {
          FrameTransformMatrix {
            -0.017528, 0.999778, 0.011666, 0.000000,
            -0.999614,-0.017271,-0.021762, 0.000000,
            -0.021556,-0.012043, 0.999695, 0.000000,
            27.508150,13.551298,13.964235, 1.000000;;
          }
        } // End of Armature_ik_foot_l
        Frame Armature_ik_foot_r {
          FrameTransformMatrix {
             0.009263,-0.999888,-0.011742, 0.000000,
            -0.263209, 0.008890,-0.964698, 0.000000,
             0.964695, 0.012027,-0.263097, 0.000000,
            -11.096512,13.472943,-30.855339, 1.000000;;
          }
        } // End of Armature_ik_foot_r
      } // End of Armature_ik_foot_root
      Frame Armature_ik_hand_root {
        FrameTransformMatrix {
           1.000000, 0.000000, 0.000000, 0.000000,
           0.000000, 1.000000, 0.000000, 0.000000,
           0.000000, 0.000000, 1.000000, 0.000000,
           0.000000, 0.000000, 0.000000, 1.000000;;
        }
        Frame Armature_ik_hand_gun {
          FrameTransformMatrix {
            -0.780568, 0.441738,-0.442245, 0.000000,
             0.522508, 0.849437,-0.073770, 0.000000,
             0.343072,-0.288660,-0.893855, 0.000000,
            -8.478009,92.668640,-37.264267, 1.000000;;
          }
          Frame Armature_ik_hand_l {
            FrameTransformMatrix {
               0.245412,-0.582240, 0.775093, 0.000000,
              -0.401591,-0.788773,-0.465363, 0.000000,
               0.882325,-0.197065,-0.427397, 0.000000,
              -52.151062,14.338321,-39.426426, 1.000000;;
            }
          } // End of Armature_ik_hand_l
          Frame Armature_ik_hand_r {
            FrameTransformMatrix {
               1.000000,-0.000000, 0.000000, 0.000000,
               0.000000, 1.000000, 0.000000, 0.000000,
              -0.000000,-0.000000, 1.000000, 0.000000,
               0.000008,-0.000005,-0.000001, 1.000000;;
            }
          } // End of Armature_ik_hand_r
        } // End of Armature_ik_hand_gun
      } // End of Armature_ik_hand_root
      Frame Armature_pelvis {
        FrameTransformMatrix {
           0.218264, 0.968111,-0.122970, 0.000000,
          -0.805956, 0.249872, 0.536655, 0.000000,
           0.550269,-0.018025, 0.834793, 0.000000,
           0.266242,93.183037,-2.139824, 1.000000;;
        }
        Frame Armature_spine_01 {
          FrameTransformMatrix {
             0.099223,-0.994258, 0.040057, 0.000000,
             0.993059, 0.096388,-0.067407, 0.000000,
             0.063159, 0.046467, 0.996921, 0.000000,
            10.808880, 0.851413, 0.000001, 1.000000;;
          }
          Frame Armature_spine_02 {
            FrameTransformMatrix {
               0.969007, 0.243147,-0.043638, 0.000000,
              -0.243328, 0.969943, 0.001190, 0.000000,
               0.042616, 0.009465, 0.999047, 0.000000,
               3.799581,18.803808, 0.197479, 1.000000;;
            }
            Frame Armature_spine_03 {
              FrameTransformMatrix {
                 0.996788, 0.064105,-0.047993, 0.000000,
                -0.060914, 0.996010, 0.065227, 0.000000,
                 0.051983,-0.062094, 0.996716, 0.000000,
                 0.418756,13.412378, 0.040527, 1.000000;;
              }
              Frame Armature_clavicle_l {
                FrameTransformMatrix {
                   0.889724, 0.146061,-0.432502, 0.000000,
                   0.445144,-0.067587, 0.892905, 0.000000,
                   0.101187,-0.986964,-0.125152, 0.000000,
                  -2.732080,11.883692, 3.781986, 1.000000;;
                }
                Frame Armature_upperarm_l {
                  FrameTransformMatrix {
                     0.923156, 0.362570, 0.127772, 0.000000,
                    -0.255815, 0.331291, 0.908188, 0.000000,
                     0.286952,-0.871085, 0.398584, 0.000000,
                     0.000002,15.784872,-0.000008, 1.000000;;
                  }
                  Frame Armature_lowerarm_l {
                    FrameTransformMatrix {
                       0.897358, 0.441157,-0.011341, 0.000000,
                      -0.440409, 0.896880, 0.040574, 0.000000,
                       0.028071,-0.031414, 0.999112, 0.000000,
                      -0.000030,30.339966,-0.000006, 1.000000;;
                    }
                    Frame Armature_hand_l {
                      FrameTransformMatrix {
                         0.402294, 0.280193, 0.871580, 0.000000,
                        -0.344579, 0.928350,-0.139397, 0.000000,
                        -0.848189,-0.244249, 0.470019, 0.000000,
                         0.000010,26.975151, 0.000010, 1.000000;;
                      }
                      Frame Armature_index_01_l {
                        FrameTransformMatrix {
                           0.800537,-0.532902,-0.274148, 0.000000,
                           0.545005, 0.837627,-0.036756, 0.000000,
                           0.249221,-0.119988, 0.960985, 0.000000,
                           1.763462,12.068126, 2.109402, 1.000000;;
                        }
                        Frame Armature_index_02_l {
                          FrameTransformMatrix {
                             0.760099,-0.645650,-0.073385, 0.000000,
                             0.649747, 0.756702, 0.072321, 0.000000,
                             0.008836,-0.102653, 0.994678, 0.000000,
                             0.000000, 4.287513,-0.000001, 1.000000;;
                          }
                          Frame Armature_index_03_l {
                            FrameTransformMatrix {
                               0.905370,-0.424186,-0.019287, 0.000000,
                               0.424089, 0.905575,-0.009036, 0.000000,
                               0.021299, 0.000001, 0.999773, 0.000000,
                              -0.000002, 3.393792,-0.000001, 1.000000;;
                            }
                          } // End of Armature_index_03_l
                        } // End of Armature_index_02_l
                      } // End of Armature_index_01_l
                      Frame Armature_middle_01_l {
                        FrameTransformMatrix {
                           0.656225,-0.752828, 0.051168, 0.000000,
                           0.747305, 0.639031,-0.182139, 0.000000,
                           0.104421, 0.157762, 0.981941, 0.000000,
                           1.293641,12.244288,-0.571156, 1.000000;;
                        }
                        Frame Armature_middle_02_l {
                          FrameTransformMatrix {
                             0.660067,-0.750858,-0.022898, 0.000000,
                             0.749198, 0.655768, 0.093124, 0.000000,
                            -0.054907,-0.078623, 0.995391, 0.000000,
                             0.000001, 4.640372,-0.000002, 1.000000;;
                          }
                          Frame Armature_middle_03_l {
                            FrameTransformMatrix {
                               0.887976,-0.459880,-0.002907, 0.000000,
                               0.459877, 0.887981,-0.001505, 0.000000,
                               0.003274,-0.000001, 0.999995, 0.000000,
                               0.000002, 3.648845,-0.000000, 1.000000;;
                            }
                          } // End of Armature_middle_03_l
                        } // End of Armature_middle_02_l
                      } // End of Armature_middle_01_l
                      Frame Armature_pinky_01_l {
                        FrameTransformMatrix {
                           0.461877,-0.758254, 0.460132, 0.000000,
                           0.878029, 0.464264,-0.116295, 0.000000,
                          -0.125441, 0.457723, 0.880201, 0.000000,
                           2.263156,10.140675,-4.643156, 1.000000;;
                        }
                        Frame Armature_pinky_02_l {
                          FrameTransformMatrix {
                             0.497023,-0.867224,-0.029842, 0.000000,
                             0.866785, 0.497794,-0.029733, 0.000000,
                             0.040640,-0.011089, 0.999112, 0.000000,
                            -0.000001, 3.570988, 0.000003, 1.000000;;
                          }
                          Frame Armature_pinky_03_l {
                            FrameTransformMatrix {
                               0.712790,-0.701358,-0.005108, 0.000000,
                               0.701341, 0.712809,-0.005022, 0.000000,
                               0.007163,-0.000002, 0.999974, 0.000000,
                              -0.000000, 2.985629, 0.000000, 1.000000;;
                            }
                          } // End of Armature_pinky_03_l
                        } // End of Armature_pinky_02_l
                      } // End of Armature_pinky_01_l
                      Frame Armature_ring_01_l {
                        FrameTransformMatrix {
                           0.459577,-0.812321, 0.359061, 0.000000,
                           0.882274, 0.463950,-0.079644, 0.000000,
                          -0.101890, 0.353392, 0.929910, 0.000000,
                           1.753524,11.497890,-2.846910, 1.000000;;
                        }
                        Frame Armature_ring_02_l {
                          FrameTransformMatrix {
                             0.846939,-0.531536,-0.012771, 0.000000,
                             0.531600, 0.846993, 0.002059, 0.000000,
                             0.009723,-0.008532, 0.999916, 0.000000,
                             0.000002, 4.430174,-0.000002, 1.000000;;
                          }
                          Frame Armature_ring_03_l {
                            FrameTransformMatrix {
                               0.912720,-0.408584, 0.000367, 0.000000,
                               0.408584, 0.912720, 0.000164, 0.000000,
                              -0.000402,-0.000000, 1.000000, 0.000000,
                              -0.000004, 3.476668, 0.000002, 1.000000;;
                            }
                          } // End of Armature_ring_03_l
                        } // End of Armature_ring_02_l
                      } // End of Armature_ring_01_l
                      Frame Armature_thumb_01_l {
                        FrameTransformMatrix {
                          -0.049889, 0.340788,-0.938816, 0.000000,
                           0.696400, 0.685662, 0.211887, 0.000000,
                           0.715918,-0.643220,-0.271531, 0.000000,
                           2.374979, 4.762037, 2.537819, 1.000000;;
                        }
                        Frame Armature_thumb_02_l {
                          FrameTransformMatrix {
                             0.994918,-0.094573,-0.034563, 0.000000,
                             0.097442, 0.990808, 0.093833, 0.000000,
                             0.025371,-0.096724, 0.994988, 0.000000,
                            -0.000004, 3.869663,-0.000000, 1.000000;;
                          }
                          Frame Armature_thumb_03_l {
                            FrameTransformMatrix {
                               0.993104,-0.092367,-0.072199, 0.000000,
                               0.099654, 0.989482, 0.104857, 0.000000,
                               0.061754,-0.111329, 0.991863, 0.000000,
                              -0.000005, 4.062171,-0.000001, 1.000000;;
                            }
                          } // End of Armature_thumb_03_l
                        } // End of Armature_thumb_02_l
                      } // End of Armature_thumb_01_l
                    } // End of Armature_hand_l
                    Frame Armature_lowerarm_twist_01_l {
                      FrameTransformMatrix {
                         0.976179,-0.000000,-0.216965, 0.000000,
                         0.000000, 1.000000, 0.000000, 0.000000,
                         0.216965,-0.000000, 0.976179, 0.000000,
                         0.000007,14.000008, 0.000003, 1.000000;;
                      }
                    } // End of Armature_lowerarm_twist_01_l
                  } // End of Armature_lowerarm_l
                  Frame Armature_upperarm_twist_01_l {
                    FrameTransformMatrix {
                       0.970777, 0.000001,-0.239984, 0.000000,
                      -0.000001, 1.000000,-0.000000, 0.000000,
                       0.239984, 0.000001, 0.970777, 0.000000,
                       0.000021, 0.500029, 0.000003, 1.000000;;
                    }
                  } // End of Armature_upperarm_twist_01_l
                } // End of Armature_upperarm_l
              } // End of Armature_clavicle_l
              Frame Armature_clavicle_r {
                FrameTransformMatrix {
                  -0.883175,-0.147210,-0.445344, 0.000000,
                   0.460764,-0.094688,-0.882457, 0.000000,
                   0.087738,-0.984563, 0.151455, 0.000000,
                  -2.732094,11.883794,-3.782004, 1.000000;;
                }
                Frame Armature_upperarm_r {
                  FrameTransformMatrix {
                     0.821446,-0.555647, 0.128385, 0.000000,
                     0.139458, 0.414011, 0.899526, 0.000000,
                    -0.552971,-0.721008, 0.417577, 0.000000,
                     0.000002,15.784753, 0.000008, 1.000000;;
                  }
                  Frame Armature_lowerarm_r {
                    FrameTransformMatrix {
                       0.876144,-0.463030,-0.134067, 0.000000,
                       0.462592, 0.885828,-0.036305, 0.000000,
                       0.135571,-0.030210, 0.990307, 0.000000,
                       0.000104,30.340059,-0.000073, 1.000000;;
                    }
                    Frame Armature_hand_r {
                      FrameTransformMatrix {
                        -0.281015,-0.955960, 0.084675, 0.000000,
                        -0.301169, 0.171616, 0.938000, 0.000000,
                        -0.911223, 0.238091,-0.336132, 0.000000,
                        -0.000003,26.975243,-0.000002, 1.000000;;
                      }
                      Frame Armature_index_01_r {
                        FrameTransformMatrix {
                          -0.344775,-0.907569,-0.239687, 0.000000,
                          -0.938660, 0.331479, 0.095068, 0.000000,
                          -0.006830, 0.257761,-0.966184, 0.000000,
                          -12.067966, 1.763736,-2.109422, 1.000000;;
                        }
                        Frame Armature_index_02_r {
                          FrameTransformMatrix {
                             0.694802, 0.714806, 0.079381, 0.000000,
                            -0.719138, 0.691955, 0.063547, 0.000000,
                            -0.009504,-0.101238, 0.994817, 0.000000,
                             0.000083, 4.287694,-0.000067, 1.000000;;
                          }
                          Frame Armature_index_03_r {
                            FrameTransformMatrix {
                               0.893957, 0.447747, 0.019050, 0.000000,
                              -0.447645, 0.894161,-0.009538, 0.000000,
                              -0.021304,-0.000001, 0.999773, 0.000000,
                               0.000118, 3.393804,-0.000010, 1.000000;;
                            }
                          } // End of Armature_index_03_r
                        } // End of Armature_index_02_r
                      } // End of Armature_index_01_r
                      Frame Armature_middle_01_r {
                        FrameTransformMatrix {
                          -0.545182,-0.835754,-0.065518, 0.000000,
                          -0.836131, 0.536456, 0.114458, 0.000000,
                          -0.060512, 0.117182,-0.991265, 0.000000,
                          -12.244126, 1.293744, 0.571141, 1.000000;;
                        }
                        Frame Armature_middle_02_r {
                          FrameTransformMatrix {
                             0.556340, 0.829610, 0.047250, 0.000000,
                            -0.828218, 0.548998, 0.112504, 0.000000,
                             0.067394,-0.101724, 0.992527, 0.000000,
                            -0.000149, 4.640575, 0.000015, 1.000000;;
                          }
                          Frame Armature_middle_03_r {
                            FrameTransformMatrix {
                               0.900952, 0.433908, 0.002940, 0.000000,
                              -0.433906, 0.900957,-0.001420, 0.000000,
                              -0.003265, 0.000004, 0.999995, 0.000000,
                              -0.000005, 3.648911, 0.000002, 1.000000;;
                            }
                          } // End of Armature_middle_03_r
                        } // End of Armature_middle_02_r
                      } // End of Armature_middle_01_r
                      Frame Armature_pinky_01_r {
                        FrameTransformMatrix {
                          -0.499141,-0.793409, 0.348367, 0.000000,
                          -0.808909, 0.570786, 0.140963, 0.000000,
                          -0.310685,-0.211437,-0.926698, 0.000000,
                          -10.140592, 2.263373, 4.643102, 1.000000;;
                        }
                        Frame Armature_pinky_02_r {
                          FrameTransformMatrix {
                             0.517274, 0.854159, 0.053287, 0.000000,
                            -0.855288, 0.518144,-0.002971, 0.000000,
                            -0.030148,-0.044040, 0.998575, 0.000000,
                            -0.000005, 3.571064, 0.000000, 1.000000;;
                          }
                          Frame Armature_pinky_03_r {
                            FrameTransformMatrix {
                               0.643509, 0.765424, 0.004606, 0.000000,
                              -0.765405, 0.643526,-0.005471, 0.000000,
                              -0.007152,-0.000004, 0.999974, 0.000000,
                               0.000324, 2.985490,-0.000033, 1.000000;;
                            }
                          } // End of Armature_pinky_03_r
                        } // End of Armature_pinky_02_r
                      } // End of Armature_pinky_01_r
                      Frame Armature_ring_01_r {
                        FrameTransformMatrix {
                          -0.641800,-0.737420, 0.210485, 0.000000,
                          -0.741003, 0.667022, 0.077436, 0.000000,
                          -0.197501,-0.106272,-0.974525, 0.000000,
                          -11.497984, 1.753785, 2.846927, 1.000000;;
                        }
                        Frame Armature_ring_02_r {
                          FrameTransformMatrix {
                             0.504224, 0.863304, 0.021556, 0.000000,
                            -0.863549, 0.504239, 0.005127, 0.000000,
                            -0.006443,-0.021199, 0.999755, 0.000000,
                             0.000098, 4.429873,-0.000016, 1.000000;;
                          }
                          Frame Armature_ring_03_r {
                            FrameTransformMatrix {
                               0.887359, 0.461079,-0.000360, 0.000000,
                              -0.461079, 0.887359, 0.000185, 0.000000,
                               0.000405, 0.000002, 1.000000, 0.000000,
                               0.000067, 3.476671,-0.000010, 1.000000;;
                            }
                          } // End of Armature_ring_03_r
                        } // End of Armature_ring_02_r
                      } // End of Armature_ring_01_r
                      Frame Armature_thumb_01_r {
                        FrameTransformMatrix {
                           0.417048,-0.232374,-0.878677, 0.000000,
                          -0.783022, 0.398989,-0.477163, 0.000000,
                           0.461462, 0.887023,-0.015556, 0.000000,
                          -4.762131, 2.375122,-2.537800, 1.000000;;
                        }
                        Frame Armature_thumb_02_r {
                          FrameTransformMatrix {
                             0.915588, 0.402068, 0.006350, 0.000000,
                            -0.402115, 0.915394, 0.018897, 0.000000,
                             0.001785,-0.019855, 0.999801, 0.000000,
                             0.000102, 3.869581, 0.000053, 1.000000;;
                          }
                          Frame Armature_thumb_03_r {
                            FrameTransformMatrix {
                               0.902586, 0.428749, 0.038883, 0.000000,
                              -0.428352, 0.903423,-0.018454, 0.000000,
                              -0.043040, 0.000001, 0.999073, 0.000000,
                              -0.000002, 4.062200,-0.000001, 1.000000;;
                            }
                          } // End of Armature_thumb_03_r
                        } // End of Armature_thumb_02_r
                      } // End of Armature_thumb_01_r
                      Frame Armature_weapon_r {
                        FrameTransformMatrix {
                          -0.911794, 0.250431,-0.325447, 0.000000,
                          -0.080049, 0.668924, 0.739008, 0.000000,
                           0.402770, 0.699875,-0.589874, 0.000000,
                          14.222540,21.136036,-55.015961, 1.000000;;
                        }
                      } // End of Armature_weapon_r
                    } // End of Armature_hand_r
                    Frame Armature_lowerarm_twist_01_r {
                      FrameTransformMatrix {
                         0.996887,-0.000000,-0.078848, 0.000000,
                         0.000000, 1.000000,-0.000000, 0.000000,
                         0.078848, 0.000000, 0.996887, 0.000000,
                         0.000021,14.000013,-0.000005, 1.000000;;
                      }
                    } // End of Armature_lowerarm_twist_01_r
                  } // End of Armature_lowerarm_r
                  Frame Armature_upperarm_twist_01_r {
                    FrameTransformMatrix {
                       0.888038,-0.000008,-0.459769, 0.000000,
                       0.000007, 1.000000,-0.000004, 0.000000,
                       0.459769, 0.000001, 0.888038, 0.000000,
                      -0.000106, 0.499990, 0.000063, 1.000000;;
                    }
                  } // End of Armature_upperarm_twist_01_r
                } // End of Armature_upperarm_r
              } // End of Armature_clavicle_r
              Frame Armature_neck_01 {
                FrameTransformMatrix {
                   0.669684, 0.417751,-0.614009, 0.000000,
                  -0.406392, 0.898152, 0.167830, 0.000000,
                   0.621585, 0.137135, 0.771249, 0.000000,
                  -0.355316,16.558794, 0.000000, 1.000000;;
                }
                Frame Armature_head {
                  FrameTransformMatrix {
                     0.990519,-0.137101,-0.008721, 0.000000,
                     0.135013, 0.959771, 0.246193, 0.000000,
                    -0.025383,-0.245037, 0.969181, 0.000000,
                     0.364151, 9.283617, 0.000000, 1.000000;;
                  }
                } // End of Armature_head
              } // End of Armature_neck_01
            } // End of Armature_spine_03
          } // End of Armature_spine_02
        } // End of Armature_spine_01
        Frame Armature_sword_holder {
          FrameTransformMatrix {
            -0.909314, 0.370363, 0.189679, 0.000000,
            -0.355306,-0.928335, 0.109324, 0.000000,
             0.216575, 0.032016, 0.975741, 0.000000,
            13.980001,19.493010,16.301010, 1.000000;;
          }
        } // End of Armature_sword_holder
        Frame Armature_thigh_l {
          FrameTransformMatrix {
            -0.159040,-0.513037,-0.843504, 0.000000,
            -0.859693,-0.348115, 0.373823, 0.000000,
            -0.485421, 0.784607,-0.385690, 0.000000,
            -1.448827, 0.531418, 9.005812, 1.000000;;
          }
          Frame Armature_calf_l {
            FrameTransformMatrix {
               0.957042,-0.274610,-0.093062, 0.000000,
               0.276409, 0.961016, 0.006770, 0.000000,
               0.087575,-0.032202, 0.995637, 0.000000,
               0.001569,42.536957, 0.000154, 1.000000;;
            }
            Frame Armature_calf_twist_01_l {
              FrameTransformMatrix {
                 0.999840,-0.015270,-0.009270, 0.000000,
                 0.015236, 0.999877,-0.003824, 0.000000,
                 0.009327, 0.003682, 0.999950, 0.000000,
                 0.000004,20.476782,-0.000002, 1.000000;;
              }
            } // End of Armature_calf_twist_01_l
            Frame Armature_foot_l {
              FrameTransformMatrix {
                 0.013326,-0.970281,-0.241613, 0.000000,
                -0.995242,-0.036195, 0.090460, 0.000000,
                -0.096517, 0.239258,-0.966147, 0.000000,
                 0.000160,40.196697, 0.000186, 1.000000;;
              }
              Frame Armature_ball_l {
                FrameTransformMatrix {
                   0.024621, 0.999697, 0.000151, 0.000000,
                  -0.999697, 0.024621, 0.000079, 0.000000,
                   0.000076,-0.000153, 1.000000, 0.000000,
                  -10.453830,16.577852,-0.080130, 1.000000;;
                }
              } // End of Armature_ball_l
            } // End of Armature_foot_l
          } // End of Armature_calf_l
          Frame Armature_thigh_twist_01_l {
            FrameTransformMatrix {
               0.502483,-0.000497,-0.864587, 0.000000,
               0.000983, 1.000000,-0.000004, 0.000000,
               0.864587,-0.000848, 0.502483, 0.000000,
              -0.000010,22.094234, 0.000006, 1.000000;;
            }
          } // End of Armature_thigh_twist_01_l
        } // End of Armature_thigh_l
        Frame Armature_thigh_r {
          FrameTransformMatrix {
            -0.096000, 0.949809,-0.297736, 0.000000,
            -0.938464,-0.186065,-0.290973, 0.000000,
            -0.331767, 0.251481, 0.909224, 0.000000,
            -1.448650, 0.531423,-9.005805, 1.000000;;
          }
          Frame Armature_calf_r {
            FrameTransformMatrix {
               0.948095, 0.304614, 0.091251, 0.000000,
              -0.306045, 0.952016, 0.001776, 0.000000,
              -0.086332,-0.029611, 0.995826, 0.000000,
              -0.001164,42.529816, 0.000287, 1.000000;;
            }
            Frame Armature_calf_twist_01_r {
              FrameTransformMatrix {
                 0.997999, 0.014972,-0.061439, 0.000000,
                -0.015236, 0.999877,-0.003825, 0.000000,
                 0.061374, 0.004753, 0.998103, 0.000000,
                 0.000008,20.476902,-0.000003, 1.000000;;
              }
            } // End of Armature_calf_twist_01_r
            Frame Armature_foot_r {
              FrameTransformMatrix {
                 0.160395, 0.954729, 0.250531, 0.000000,
                 0.986894,-0.150562,-0.058062, 0.000000,
                -0.017713, 0.256561,-0.966366, 0.000000,
                 0.000007,40.196815, 0.000226, 1.000000;;
              }
              Frame Armature_ball_r {
                FrameTransformMatrix {
                  -0.002068,-0.999998,-0.000151, 0.000000,
                   0.999998,-0.002068, 0.000074, 0.000000,
                  -0.000074,-0.000151, 1.000000, 0.000000,
                  10.453819,16.577810,-0.080164, 1.000000;;
                }
              } // End of Armature_ball_r
            } // End of Armature_foot_r
          } // End of Armature_calf_r
          Frame Armature_thigh_twist_01_r {
            FrameTransformMatrix {
               0.971316, 0.000956, 0.237792, 0.000000,
              -0.000983, 0.999999,-0.000003, 0.000000,
              -0.237792,-0.000231, 0.971316, 0.000000,
              -0.000005,22.094246,-0.000000, 1.000000;;
            }
          } // End of Armature_thigh_twist_01_r
        } // End of Armature_thigh_r
      } // End of Armature_pelvis
    } // End of Armature_root
  } // End of Armature
} // End of Root
AnimationSet Global {
  Animation {
    {Armature}
    AnimationKey { // Rotation
      0;
      37;
      0;4;-0.707107, 0.707107, 0.000000, 0.000000;;,
      1;4;-0.707107, 0.707107, 0.000000, 0.000000;;,
      2;4;-0.707107, 0.707107, 0.000000, 0.000000;;,
      3;4;-0.707107, 0.707107, 0.000000, 0.000000;;,
      4;4;-0.707107, 0.707107, 0.000000, 0.000000;;,
      5;4;-0.707107, 0.707107, 0.000000, 0.000000;;,
      6;4;-0.707107, 0.707107, 0.000000, 0.000000;;,
      7;4;-0.707107, 0.707107, 0.000000, 0.000000;;,
      8;4;-0.707107, 0.707107, 0.000000, 0.000000;;,
      9;4;-0.707107, 0.707107, 0.000000, 0.000000;;,
      10;4;-0.707107, 0.707107, 0.000000, 0.000000;;,
      11;4;-0.707107, 0.707107, 0.000000, 0.000000;;,
      12;4;-0.707107, 0.707107, 0.000000, 0.000000;;,
      13;4;-0.707107, 0.707107, 0.000000, 0.000000;;,
      14;4;-0.707107, 0.707107, 0.000000, 0.000000;;,
      15;4;-0.707107, 0.707107, 0.000000, 0.000000;;,
      16;4;-0.707107, 0.707107, 0.000000, 0.000000;;,
      17;4;-0.707107, 0.707107, 0.000000, 0.000000;;,
      18;4;-0.707107, 0.707107, 0.000000, 0.000000;;,
      19;4;-0.707107, 0.707107, 0.000000, 0.000000;;,
      20;4;-0.707107, 0.707107, 0.000000, 0.000000;;,
      21;4;-0.707107, 0.707107, 0.000000, 0.000000;;,
      22;4;-0.707107, 0.707107, 0.000000, 0.000000;;,
      23;4;-0.707107, 0.707107, 0.000000, 0.000000;;,
      24;4;-0.707107, 0.707107, 0.000000, 0.000000;;,
      25;4;-0.707107, 0.707107, 0.000000, 0.000000;;,
      26;4;-0.707107, 0.707107, 0.000000, 0.000000;;,
      27;4;-0.707107, 0.707107, 0.000000, 0.000000;;,
      28;4;-0.707107, 0.707107, 0.000000, 0.000000;;,
      29;4;-0.707107, 0.707107, 0.000000, 0.000000;;,
      30;4;-0.707107, 0.707107, 0.000000, 0.000000;;,
      31;4;-0.707107, 0.707107, 0.000000, 0.000000;;,
      32;4;-0.707107, 0.707107, 0.000000, 0.000000;;,
      33;4;-0.707107, 0.707107, 0.000000, 0.000000;;,
      34;4;-0.707107, 0.707107, 0.000000, 0.000000;;,
      35;4;-0.707107, 0.707107, 0.000000, 0.000000;;,
      36;4;-0.707107, 0.707107, 0.000000, 0.000000;;;
    }
    AnimationKey { // Scale
      1;
      37;
      0;3; 0.010000, 0.010000, 0.010000;;,
      1;3; 0.010000, 0.010000, 0.010000;;,
      2;3; 0.010000, 0.010000, 0.010000;;,
      3;3; 0.010000, 0.010000, 0.010000;;,
      4;3; 0.010000, 0.010000, 0.010000;;,
      5;3; 0.010000, 0.010000, 0.010000;;,
      6;3; 0.010000, 0.010000, 0.010000;;,
      7;3; 0.010000, 0.010000, 0.010000;;,
      8;3; 0.010000, 0.010000, 0.010000;;,
      9;3; 0.010000, 0.010000, 0.010000;;,
      10;3; 0.010000, 0.010000, 0.010000;;,
      11;3; 0.010000, 0.010000, 0.010000;;,
      12;3; 0.010000, 0.010000, 0.010000;;,
      13;3; 0.010000, 0.010000, 0.010000;;,
      14;3; 0.010000, 0.010000, 0.010000;;,
      15;3; 0.010000, 0.010000, 0.010000;;,
      16;3; 0.010000, 0.010000, 0.010000;;,
      17;3; 0.010000, 0.010000, 0.010000;;,
      18;3; 0.010000, 0.010000, 0.010000;;,
      19;3; 0.010000, 0.010000, 0.010000;;,
      20;3; 0.010000, 0.010000, 0.010000;;,
      21;3; 0.010000, 0.010000, 0.010000;;,
      22;3; 0.010000, 0.010000, 0.010000;;,
      23;3; 0.010000, 0.010000, 0.010000;;,
      24;3; 0.010000, 0.010000, 0.010000;;,
      25;3; 0.010000, 0.010000, 0.010000;;,
      26;3; 0.010000, 0.010000, 0.010000;;,
      27;3; 0.010000, 0.010000, 0.010000;;,
      28;3; 0.010000, 0.010000, 0.010000;;,
      29;3; 0.010000, 0.010000, 0.010000;;,
      30;3; 0.010000, 0.010000, 0.010000;;,
      31;3; 0.010000, 0.010000, 0.010000;;,
      32;3; 0.010000, 0.010000, 0.010000;;,
      33;3; 0.010000, 0.010000, 0.010000;;,
      34;3; 0.010000, 0.010000, 0.010000;;,
      35;3; 0.010000, 0.010000, 0.010000;;,
      36;3; 0.010000, 0.010000, 0.010000;;;
    }
    AnimationKey { // Position
      2;
      37;
      0;3; 0.000000, 0.000000, 0.000000;;,
      1;3; 0.000000, 0.000000, 0.000000;;,
      2;3; 0.000000, 0.000000, 0.000000;;,
      3;3; 0.000000, 0.000000, 0.000000;;,
      4;3; 0.000000, 0.000000, 0.000000;;,
      5;3; 0.000000, 0.000000, 0.000000;;,
      6;3; 0.000000, 0.000000, 0.000000;;,
      7;3; 0.000000, 0.000000, 0.000000;;,
      8;3; 0.000000, 0.000000, 0.000000;;,
      9;3; 0.000000, 0.000000, 0.000000;;,
      10;3; 0.000000, 0.000000, 0.000000;;,
      11;3; 0.000000, 0.000000, 0.000000;;,
      12;3; 0.000000, 0.000000, 0.000000;;,
      13;3; 0.000000, 0.000000, 0.000000;;,
      14;3; 0.000000, 0.000000, 0.000000;;,
      15;3; 0.000000, 0.000000, 0.000000;;,
      16;3; 0.000000, 0.000000, 0.000000;;,
      17;3; 0.000000, 0.000000, 0.000000;;,
      18;3; 0.000000, 0.000000, 0.000000;;,
      19;3; 0.000000, 0.000000, 0.000000;;,
      20;3; 0.000000, 0.000000, 0.000000;;,
      21;3; 0.000000, 0.000000, 0.000000;;,
      22;3; 0.000000, 0.000000, 0.000000;;,
      23;3; 0.000000, 0.000000, 0.000000;;,
      24;3; 0.000000, 0.000000, 0.000000;;,
      25;3; 0.000000, 0.000000, 0.000000;;,
      26;3; 0.000000, 0.000000, 0.000000;;,
      27;3; 0.000000, 0.000000, 0.000000;;,
      28;3; 0.000000, 0.000000, 0.000000;;,
      29;3; 0.000000, 0.000000, 0.000000;;,
      30;3; 0.000000, 0.000000, 0.000000;;,
      31;3; 0.000000, 0.000000, 0.000000;;,
      32;3; 0.000000, 0.000000, 0.000000;;,
      33;3; 0.000000, 0.000000, 0.000000;;,
      34;3; 0.000000, 0.000000, 0.000000;;,
      35;3; 0.000000, 0.000000, 0.000000;;,
      36;3; 0.000000, 0.000000, 0.000000;;;
    }
  }
  Animation {
    {Armature_root}
    AnimationKey { // Rotation
      0;
      37;
      0;4;-1.000000, 0.000000, 0.000000, 0.000000;;,
      1;4;-1.000000, 0.000000, 0.000000, 0.000000;;,
      2;4;-1.000000, 0.000000, 0.000000, 0.000000;;,
      3;4;-1.000000, 0.000000, 0.000000, 0.000000;;,
      4;4;-1.000000, 0.000000, 0.000000, 0.000000;;,
      5;4;-1.000000, 0.000000, 0.000000, 0.000000;;,
      6;4;-1.000000, 0.000000, 0.000000, 0.000000;;,
      7;4;-1.000000, 0.000000, 0.000000, 0.000000;;,
      8;4;-1.000000, 0.000000, 0.000000, 0.000000;;,
      9;4;-1.000000, 0.000000, 0.000000, 0.000000;;,
      10;4;-1.000000, 0.000000, 0.000000, 0.000000;;,
      11;4;-1.000000, 0.000000, 0.000000, 0.000000;;,
      12;4;-1.000000, 0.000000, 0.000000, 0.000000;;,
      13;4;-1.000000, 0.000000, 0.000000, 0.000000;;,
      14;4;-1.000000, 0.000000, 0.000000, 0.000000;;,
      15;4;-1.000000, 0.000000, 0.000000, 0.000000;;,
      16;4;-1.000000, 0.000000, 0.000000, 0.000000;;,
      17;4;-1.000000, 0.000000, 0.000000, 0.000000;;,
      18;4;-1.000000, 0.000000, 0.000000, 0.000000;;,
      19;4;-1.000000, 0.000000, 0.000000, 0.000000;;,
      20;4;-1.000000, 0.000000, 0.000000, 0.000000;;,
      21;4;-1.000000, 0.000000, 0.000000, 0.000000;;,
      22;4;-1.000000, 0.000000, 0.000000, 0.000000;;,
      23;4;-1.000000, 0.000000, 0.000000, 0.000000;;,
      24;4;-1.000000, 0.000000, 0.000000, 0.000000;;,
      25;4;-1.000000, 0.000000, 0.000000, 0.000000;;,
      26;4;-1.000000, 0.000000, 0.000000, 0.000000;;,
      27;4;-1.000000, 0.000000, 0.000000, 0.000000;;,
      28;4;-1.000000, 0.000000, 0.000000, 0.000000;;,
      29;4;-1.000000, 0.000000, 0.000000, 0.000000;;,
      30;4;-1.000000, 0.000000, 0.000000, 0.000000;;,
      31;4;-1.000000, 0.000000, 0.000000, 0.000000;;,
      32;4;-1.000000, 0.000000, 0.000000, 0.000000;;,
      33;4;-1.000000, 0.000000, 0.000000, 0.000000;;,
      34;4;-1.000000, 0.000000, 0.000000, 0.000000;;,
      35;4;-1.000000, 0.000000, 0.000000, 0.000000;;,
      36;4;-1.000000, 0.000000, 0.000000, 0.000000;;;
    }
    AnimationKey { // Scale
      1;
      37;
      0;3; 1.000000, 1.000000, 1.000000;;,
      1;3; 1.000000, 1.000000, 1.000000;;,
      2;3; 1.000000, 1.000000, 1.000000;;,
      3;3; 1.000000, 1.000000, 1.000000;;,
      4;3; 1.000000, 1.000000, 1.000000;;,
      5;3; 1.000000, 1.000000, 1.000000;;,
      6;3; 1.000000, 1.000000, 1.000000;;,
      7;3; 1.000000, 1.000000, 1.000000;;,
      8;3; 1.000000, 1.000000, 1.000000;;,
      9;3; 1.000000, 1.000000, 1.000000;;,
      10;3; 1.000000, 1.000000, 1.000000;;,
      11;3; 1.000000, 1.000000, 1.000000;;,
      12;3; 1.000000, 1.000000, 1.000000;;,
      13;3; 1.000000, 1.000000, 1.000000;;,
      14;3; 1.000000, 1.000000, 1.000000;;,
      15;3; 1.000000, 1.000000, 1.000000;;,
      16;3; 1.000000, 1.000000, 1.000000;;,
      17;3; 1.000000, 1.000000, 1.000000;;,
      18;3; 1.000000, 1.000000, 1.000000;;,
      19;3; 1.000000, 1.000000, 1.000000;;,
      20;3; 1.000000, 1.000000, 1.000000;;,
      21;3; 1.000000, 1.000000, 1.000000;;,
      22;3; 1.000000, 1.000000, 1.000000;;,
      23;3; 1.000000, 1.000000, 1.000000;;,
      24;3; 1.000000, 1.000000, 1.000000;;,
      25;3; 1.000000, 1.000000, 1.000000;;,
      26;3; 1.000000, 1.000000, 1.000000;;,
      27;3; 1.000000, 1.000000, 1.000000;;,
      28;3; 1.000000, 1.000000, 1.000000;;,
      29;3; 1.000000, 1.000000, 1.000000;;,
      30;3; 1.000000, 1.000000, 1.000000;;,
      31;3; 1.000000, 1.000000, 1.000000;;,
      32;3; 1.000000, 1.000000, 1.000000;;,
      33;3; 1.000000, 1.000000, 1.000000;;,
      34;3; 1.000000, 1.000000, 1.000000;;,
      35;3; 1.000000, 1.000000, 1.000000;;,
      36;3; 1.000000, 1.000000, 1.000000;;;
    }
    AnimationKey { // Position
      2;
      37;
      0;3; 0.000000, 0.000010, 0.000000;;,
      1;3; 0.000000, 0.000010, 0.000000;;,
      2;3; 0.000000, 0.000010, 0.000000;;,
      3;3; 0.000000, 0.000010, 0.000000;;,
      4;3; 0.000000, 0.000010, 0.000000;;,
      5;3; 0.000000, 0.000010, 0.000000;;,
      6;3; 0.000000, 0.000010, 0.000000;;,
      7;3; 0.000000, 0.000010, 0.000000;;,
      8;3; 0.000000, 0.000010, 0.000000;;,
      9;3; 0.000000, 0.000010, 0.000000;;,
      10;3; 0.000000, 0.000010, 0.000000;;,
      11;3; 0.000000, 0.000010, 0.000000;;,
      12;3; 0.000000, 0.000010, 0.000000;;,
      13;3; 0.000000, 0.000010, 0.000000;;,
      14;3; 0.000000, 0.000010, 0.000000;;,
      15;3; 0.000000, 0.000010, 0.000000;;,
      16;3; 0.000000, 0.000010, 0.000000;;,
      17;3; 0.000000, 0.000010, 0.000000;;,
      18;3; 0.000000, 0.000010, 0.000000;;,
      19;3; 0.000000, 0.000010, 0.000000;;,
      20;3; 0.000000, 0.000010, 0.000000;;,
      21;3; 0.000000, 0.000010, 0.000000;;,
      22;3; 0.000000, 0.000010, 0.000000;;,
      23;3; 0.000000, 0.000010, 0.000000;;,
      24;3; 0.000000, 0.000010, 0.000000;;,
      25;3; 0.000000, 0.000010, 0.000000;;,
      26;3; 0.000000, 0.000010, 0.000000;;,
