xof 0303txt 0032

template XSkinMeshHeader {
  <3cf169ce-ff7c-44ab-93c0-f78f62d172e2>
  WORD nMaxSkinWeightsPerVertex;
  WORD nMaxSkinWeightsPerFace;
  WORD nBones;
}

template SkinWeights {
  <6f0d123b-bad2-4167-a0d0-80224f25fabb>
  STRING transformNodeName;
  DWORD nWeights;
  array DWORD vertexIndices[nWeights];
  array float weights[nWeights];
  Matrix4x4 matrixOffset;
}

Frame Root {
  FrameTransformMatrix {
     1.000000, 0.000000, 0.000000, 0.000000,
     0.000000,-0.000000, 1.000000, 0.000000,
     0.000000, 1.000000, 0.000000, 0.000000,
     0.000000, 0.000000, 0.000000, 1.000000;;
  }
  Frame Armature {
    FrameTransformMatrix {
       0.010000, 0.000000, 0.000000, 0.000000,
       0.000000,-0.000000, 0.010000, 0.000000,
       0.000000,-0.010000,-0.000000, 0.000000,
       0.000000, 0.000000, 0.000000, 1.000000;;
    }
    Frame Armature_root {
      FrameTransformMatrix {
         1.000000, 0.000000, 0.000000, 0.000000,
         0.000000, 1.000000, 0.000000, 0.000000,
         0.000000, 0.000000, 1.000000, 0.000000,
         0.000000, 0.000037, 0.000000, 1.000000;;
      }
      Frame Armature_ik_foot_root {
        FrameTransformMatrix {
           0.000000,-0.000000,-1.000000, 0.000000,
           1.000000, 0.000000, 0.000000, 0.000000,
           0.000000,-1.000000, 0.000000, 0.000000,
           0.000000, 0.000000, 0.000000, 1.000000;;
        }
        Frame Armature_ik_foot_l {
          FrameTransformMatrix {
             0.344966,-0.047811,-0.937397, 0.000000,
            -0.934183, 0.079451,-0.347836, 0.000000,
             0.091108, 0.995691,-0.017257, 0.000000,
            10.792146,23.636381,-28.770975, 1.000000;;
          }
        } // End of Armature_ik_foot_l
        Frame Armature_ik_foot_r {
          FrameTransformMatrix {
            -0.548564,-0.815571, 0.184179, 0.000000,
             0.092441, 0.159771, 0.982817, 0.000000,
            -0.830983, 0.556163,-0.012253, 0.000000,
             0.893939,-13.891943,-16.193739, 1.000000;;
          }
        } // End of Armature_ik_foot_r
      } // End of Armature_ik_foot_root
      Frame Armature_ik_hand_root {
        FrameTransformMatrix {
           1.000000, 0.000000, 0.000000, 0.000000,
           0.000000, 1.000000, 0.000000, 0.000000,
           0.000000, 0.000000, 1.000000, 0.000000,
           0.000000, 0.000000, 0.000000, 1.000000;;
        }
        Frame Armature_ik_hand_gun {
          FrameTransformMatrix {
             0.285640, 0.880115,-0.379220, 0.000000,
             0.110907, 0.362689, 0.925287, 0.000000,
             0.951898,-0.306358, 0.005987, 0.000000,
            -32.716518,103.125397,-50.586353, 1.000000;;
          }
          Frame Armature_ik_hand_l {
            FrameTransformMatrix {
              -0.549070,-0.833729,-0.058477, 0.000000,
              -0.216487, 0.209453,-0.953553, 0.000000,
               0.807252,-0.510907,-0.295496, 0.000000,
              -39.255135,91.920868,27.747370, 1.000000;;
            }
          } // End of Armature_ik_hand_l
          Frame Armature_ik_hand_r {
            FrameTransformMatrix {
               1.000000, 0.000000,-0.000000, 0.000000,
              -0.000000, 1.000000,-0.000000, 0.000000,
               0.000000, 0.000000, 1.000000, 0.000000,
              -0.000003,-0.000003, 0.000001, 1.000000;;
            }
          } // End of Armature_ik_hand_r
        } // End of Armature_ik_hand_gun
      } // End of Armature_ik_hand_root
      Frame Armature_pelvis {
        FrameTransformMatrix {
          -0.002373, 0.966433,-0.256910, 0.000000,
          -0.652372, 0.193216, 0.732856, 0.000000,
           0.757895, 0.169340, 0.630015, 0.000000,
          -1.747579,78.562195,-2.627229, 1.000000;;
        }
        Frame Armature_spine_01 {
          FrameTransformMatrix {
             0.367065,-0.886300, 0.282375, 0.000000,
             0.870168, 0.434457, 0.232495, 0.000000,
            -0.328740, 0.160373, 0.930704, 0.000000,
            10.808873, 0.851411,-0.000016, 1.000000;;
          }
          Frame Armature_spine_02 {
            FrameTransformMatrix {
               0.982336, 0.187123, 0.001277, 0.000000,
              -0.186905, 0.980812, 0.055453, 0.000000,
               0.009125,-0.054712, 0.998461, 0.000000,
               3.801668,18.811949, 0.056354, 1.000000;;
            }
            Frame Armature_spine_03 {
              FrameTransformMatrix {
                 0.996488, 0.083738,-0.000436, 0.000000,
                -0.083649, 0.995640, 0.041285, 0.000000,
                 0.003891,-0.041104, 0.999147, 0.000000,
                 0.420556,13.412380, 0.011850, 1.000000;;
              }
              Frame Armature_clavicle_l {
                FrameTransformMatrix {
                   0.901554, 0.146492,-0.407112, 0.000000,
                   0.403499, 0.054956, 0.913328, 0.000000,
                   0.156169,-0.987684,-0.009564, 0.000000,
                  -2.732120,11.883683, 3.782024, 1.000000;;
                }
                Frame Armature_upperarm_l {
                  FrameTransformMatrix {
                     0.618014, 0.443341, 0.649236, 0.000000,
                    -0.785421, 0.312208, 0.534454, 0.000000,
                     0.034249,-0.840223, 0.541158, 0.000000,
                    -0.000006,15.784832, 0.000007, 1.000000;;
                  }
                  Frame Armature_lowerarm_l {
                    FrameTransformMatrix {
                       0.408294, 0.912806, 0.008996, 0.000000,
                      -0.912681, 0.408008, 0.023299, 0.000000,
                       0.017597,-0.017724, 0.999688, 0.000000,
                       0.000085,30.339937, 0.000095, 1.000000;;
                    }
                    Frame Armature_hand_l {
                      FrameTransformMatrix {
                         0.426579, 0.099353, 0.898977, 0.000000,
                        -0.582550, 0.790500, 0.189065, 0.000000,
                        -0.691857,-0.604350, 0.395089, 0.000000,
                        -0.000012,26.975170, 0.000000, 1.000000;;
                      }
                      Frame Armature_index_01_l {
                        FrameTransformMatrix {
                           0.934647,-0.216113,-0.282365, 0.000000,
                           0.240397, 0.969174, 0.053956, 0.000000,
                           0.262000,-0.118310, 0.957789, 0.000000,
                           1.763481,12.068125, 2.109398, 1.000000;;
                        }
                        Frame Armature_index_02_l {
                          FrameTransformMatrix {
                             0.934657,-0.349862,-0.063343, 0.000000,
                             0.354296, 0.931411, 0.083354, 0.000000,
                             0.029836,-0.100349, 0.994505, 0.000000,
                            -0.000010, 4.287504, 0.000001, 1.000000;;
                          }
                          Frame Armature_index_03_l {
                            FrameTransformMatrix {
                               0.995602,-0.091794,-0.018700, 0.000000,
                               0.091795, 0.995778,-0.000809, 0.000000,
                               0.018695,-0.000911, 0.999825, 0.000000,
                               0.000006, 3.393806, 0.000000, 1.000000;;
                            }
                          } // End of Armature_index_03_l
                        } // End of Armature_index_02_l
                      } // End of Armature_index_01_l
                      Frame Armature_middle_01_l {
                        FrameTransformMatrix {
                           0.871801,-0.489857,-0.001821, 0.000000,
                           0.481148, 0.856989,-0.184571, 0.000000,
                           0.091974, 0.160032, 0.982817, 0.000000,
                           1.293675,12.244279,-0.571161, 1.000000;;
                        }
                        Frame Armature_middle_02_l {
                          FrameTransformMatrix {
                             0.875432,-0.483338,-0.001732, 0.000000,
                             0.481573, 0.871916, 0.088603, 0.000000,
                            -0.041315,-0.078400, 0.996066, 0.000000,
                             0.000006, 4.640375,-0.000001, 1.000000;;
                          }
                          Frame Armature_middle_03_l {
                            FrameTransformMatrix {
                               0.991110,-0.132005,-0.016610, 0.000000,
                               0.131885, 0.991232,-0.008121, 0.000000,
                               0.017536, 0.005859, 0.999829, 0.000000,
                              -0.000004, 3.648829,-0.000000, 1.000000;;
                            }
                          } // End of Armature_middle_03_l
                        } // End of Armature_middle_02_l
                      } // End of Armature_middle_01_l
                      Frame Armature_pinky_01_l {
                        FrameTransformMatrix {
                           0.729285,-0.548137, 0.409500, 0.000000,
                           0.669734, 0.694350,-0.263315, 0.000000,
                          -0.140003, 0.466287, 0.873485, 0.000000,
                           2.263129,10.140700,-4.643148, 1.000000;;
                        }
                        Frame Armature_pinky_02_l {
                          FrameTransformMatrix {
                             0.761557,-0.646944,-0.038668, 0.000000,
                             0.646501, 0.762513,-0.024713, 0.000000,
                             0.045473,-0.006179, 0.998947, 0.000000,
                             0.000005, 3.571006, 0.000002, 1.000000;;
                          }
                          Frame Armature_pinky_03_l {
                            FrameTransformMatrix {
                               0.908289,-0.418326, 0.003882, 0.000000,
                               0.418304, 0.908291, 0.005376, 0.000000,
                              -0.005775,-0.003259, 0.999978, 0.000000,
                              -0.000013, 2.985609, 0.000002, 1.000000;;
                            }
                          } // End of Armature_pinky_03_l
                        } // End of Armature_pinky_02_l
                      } // End of Armature_pinky_01_l
                      Frame Armature_ring_01_l {
                        FrameTransformMatrix {
                           0.729091,-0.601583, 0.326381, 0.000000,
                           0.673522, 0.715397,-0.185943, 0.000000,
                          -0.121632, 0.355394, 0.926769, 0.000000,
                           1.753547,11.497888,-2.846911, 1.000000;;
                        }
                        Frame Armature_ring_02_l {
                          FrameTransformMatrix {
                             0.976950,-0.212725,-0.017778, 0.000000,
                             0.212818, 0.977086, 0.003456, 0.000000,
                             0.016636,-0.007160, 0.999836, 0.000000,
                             0.000009, 4.430185, 0.000005, 1.000000;;
                          }
                          Frame Armature_ring_03_l {
                            FrameTransformMatrix {
                               0.997136,-0.074993, 0.009766, 0.000000,
                               0.074952, 0.997177, 0.004473, 0.000000,
                              -0.010074,-0.003728, 0.999942, 0.000000,
                               0.000000, 3.476664,-0.000005, 1.000000;;
                            }
                          } // End of Armature_ring_03_l
                        } // End of Armature_ring_02_l
                      } // End of Armature_ring_01_l
                      Frame Armature_thumb_01_l {
                        FrameTransformMatrix {
                          -0.049894, 0.340793,-0.938814, 0.000000,
                           0.696404, 0.685657, 0.211886, 0.000000,
                           0.715913,-0.643222,-0.271540, 0.000000,
                           2.374985, 4.762040, 2.537826, 1.000000;;
                        }
                        Frame Armature_thumb_02_l {
                          FrameTransformMatrix {
                             0.994917,-0.094572,-0.034579, 0.000000,
                             0.097443, 0.990808, 0.093833, 0.000000,
                             0.025387,-0.096726, 0.994987, 0.000000,
                            -0.000002, 3.869674, 0.000003, 1.000000;;
                          }
                          Frame Armature_thumb_03_l {
                            FrameTransformMatrix {
                               0.993107,-0.092373,-0.072149, 0.000000,
                               0.099653, 0.989483, 0.104850, 0.000000,
                               0.061705,-0.111317, 0.991867, 0.000000,
                               0.000005, 4.062175, 0.000005, 1.000000;;
                            }
                          } // End of Armature_thumb_03_l
                        } // End of Armature_thumb_02_l
                      } // End of Armature_thumb_01_l
                    } // End of Armature_hand_l
                    Frame Armature_lowerarm_twist_01_l {
                      FrameTransformMatrix {
                         0.962825,-0.000000,-0.270125, 0.000000,
                         0.000000, 1.000000, 0.000001, 0.000000,
                         0.270125,-0.000001, 0.962825, 0.000000,
                        -0.000006,14.000006, 0.000005, 1.000000;;
                      }
                    } // End of Armature_lowerarm_twist_01_l
                  } // End of Armature_lowerarm_l
                  Frame Armature_upperarm_twist_01_l {
                    FrameTransformMatrix {
                       0.762277,-0.000000,-0.647250, 0.000000,
                       0.000003, 1.000000, 0.000003, 0.000000,
                       0.647250,-0.000004, 0.762277, 0.000000,
                      -0.000046, 0.500008,-0.000051, 1.000000;;
                    }
                  } // End of Armature_upperarm_twist_01_l
                } // End of Armature_upperarm_l
              } // End of Armature_clavicle_l
              Frame Armature_clavicle_r {
                FrameTransformMatrix {
                  -0.936045,-0.134872,-0.325007, 0.000000,
                   0.338432,-0.092157,-0.936467, 0.000000,
                   0.096351,-0.986568, 0.131908, 0.000000,
                  -2.732128,11.883781,-3.781968, 1.000000;;
                }
                Frame Armature_upperarm_r {
                  FrameTransformMatrix {
                     0.797821, 0.344243,-0.494953, 0.000000,
                     0.255173, 0.550995, 0.794538, 0.000000,
                     0.546231,-0.760198, 0.351754, 0.000000,
                    -0.000067,15.784769, 0.000083, 1.000000;;
                  }
                  Frame Armature_lowerarm_r {
                    FrameTransformMatrix {
                       0.868361,-0.479779,-0.125543, 0.000000,
                       0.479158, 0.876945,-0.037092, 0.000000,
                       0.127890,-0.027946, 0.991395, 0.000000,
                       0.000004,30.340078, 0.000019, 1.000000;;
                    }
                    Frame Armature_hand_r {
                      FrameTransformMatrix {
                         0.085620,-0.290626,-0.952998, 0.000000,
                        -0.358953, 0.883279,-0.301614, 0.000000,
                         0.929420, 0.367906,-0.028695, 0.000000,
                         0.000009,26.975233, 0.000030, 1.000000;;
                      }
                      Frame Armature_index_01_r {
                        FrameTransformMatrix {
                           0.680581, 0.711082, 0.176556, 0.000000,
                          -0.685830, 0.703076,-0.187939, 0.000000,
                          -0.257772, 0.006821, 0.966182, 0.000000,
                          -1.763755,12.067949, 2.109446, 1.000000;;
                        }
                        Frame Armature_index_02_r {
                          FrameTransformMatrix {
                            -0.096430, 0.990316, 0.099876, 0.000000,
                            -0.995294,-0.094980,-0.019184, 0.000000,
                            -0.009512,-0.101256, 0.994815, 0.000000,
                            -0.000001, 4.287696,-0.000002, 1.000000;;
                          }
                          Frame Armature_index_03_r {
                            FrameTransformMatrix {
                               0.666917, 0.744997, 0.014212, 0.000000,
                              -0.744828, 0.667068,-0.015851, 0.000000,
                              -0.021289,-0.000015, 0.999773, 0.000000,
                               0.000113, 3.393732,-0.000011, 1.000000;;
                            }
                          } // End of Armature_index_03_r
                        } // End of Armature_index_02_r
                      } // End of Armature_index_01_r
                      Frame Armature_middle_01_r {
                        FrameTransformMatrix {
                           0.441938, 0.896668,-0.026021, 0.000000,
                          -0.895745, 0.439549,-0.066616, 0.000000,
                          -0.048295, 0.052748, 0.997439, 0.000000,
                          -1.293777,12.244105,-0.571110, 1.000000;;
                        }
                        Frame Armature_middle_02_r {
                          FrameTransformMatrix {
                             0.178855, 0.979906, 0.088289, 0.000000,
                            -0.981564, 0.171567, 0.084246, 0.000000,
                             0.067405,-0.101729, 0.992526, 0.000000,
                            -0.000146, 4.640566,-0.000004, 1.000000;;
                          }
                          Frame Armature_middle_03_r {
                            FrameTransformMatrix {
                               0.131031, 0.991378, 0.000428, 0.000000,
                              -0.991373, 0.131031,-0.003244, 0.000000,
                              -0.003272, 0.000001, 0.999995, 0.000000,
                               0.000026, 3.648915,-0.000004, 1.000000;;
                            }
                          } // End of Armature_middle_03_r
                        } // End of Armature_middle_02_r
                      } // End of Armature_middle_01_r
                      Frame Armature_pinky_01_r {
                        FrameTransformMatrix {
                           0.827086, 0.473666,-0.302602, 0.000000,
                          -0.535489, 0.827642,-0.168106, 0.000000,
                           0.170820, 0.301079, 0.938175, 0.000000,
                          -2.263384,10.140602,-4.643088, 1.000000;;
                        }
                        Frame Armature_pinky_02_r {
                          FrameTransformMatrix {
                             0.135752, 0.989592, 0.047732, 0.000000,
                            -0.990284, 0.136997,-0.023841, 0.000000,
                            -0.030132,-0.044032, 0.998576, 0.000000,
                            -0.000065, 3.571076,-0.000010, 1.000000;;
                          }
                          Frame Armature_pinky_03_r {
                            FrameTransformMatrix {
                              -0.138498, 0.990362,-0.000993, 0.000000,
                              -0.990337,-0.138502,-0.007091, 0.000000,
                              -0.007160, 0.000001, 0.999974, 0.000000,
                               0.000320, 2.985420,-0.000038, 1.000000;;
                            }
                          } // End of Armature_pinky_03_r
                        } // End of Armature_pinky_02_r
                      } // End of Armature_pinky_01_r
                      Frame Armature_ring_01_r {
                        FrameTransformMatrix {
                           0.488693, 0.835025,-0.252808, 0.000000,
                          -0.863051, 0.505117, 0.000075, 0.000000,
                           0.127760, 0.218149, 0.967516, 0.000000,
                          -1.753820,11.497965,-2.846895, 1.000000;;
                        }
                        Frame Armature_ring_02_r {
                          FrameTransformMatrix {
                            -0.098078, 0.994968, 0.020464, 0.000000,
                            -0.995158,-0.097922,-0.008495, 0.000000,
                            -0.006449,-0.021198, 0.999755, 0.000000,
                             0.000124, 4.429848,-0.000028, 1.000000;;
                          }
                          Frame Armature_ring_03_r {
                            FrameTransformMatrix {
                               0.264050, 0.964509,-0.000109, 0.000000,
                              -0.964509, 0.264050, 0.000385, 0.000000,
                               0.000400, 0.000003, 1.000000, 0.000000,
                               0.000052, 3.476656, 0.000002, 1.000000;;
                            }
                          } // End of Armature_ring_03_r
                        } // End of Armature_ring_02_r
                      } // End of Armature_ring_01_r
                      Frame Armature_thumb_01_r {
                        FrameTransformMatrix {
                           0.166760,-0.399677, 0.901360, 0.000000,
                          -0.684857, 0.610707, 0.397502, 0.000000,
                          -0.709339,-0.683590,-0.171880, 0.000000,
                          -2.375093, 4.762150, 2.537788, 1.000000;;
                        }
                        Frame Armature_thumb_02_r {
                          FrameTransformMatrix {
                             0.809497, 0.587035, 0.010202, 0.000000,
                            -0.587121, 0.809318, 0.017128, 0.000000,
                             0.001798,-0.019855, 0.999801, 0.000000,
                             0.000126, 3.869562, 0.000063, 1.000000;;
                          }
                          Frame Armature_thumb_03_r {
                            FrameTransformMatrix {
                               0.696232, 0.717190, 0.030007, 0.000000,
                              -0.716525, 0.696878,-0.030880, 0.000000,
                              -0.043058,-0.000001, 0.999073, 0.000000,
                              -0.000006, 4.062190,-0.000004, 1.000000;;
                            }
                          } // End of Armature_thumb_03_r
                        } // End of Armature_thumb_02_r
                      } // End of Armature_thumb_01_r
                      Frame Armature_weapon_r {
                        FrameTransformMatrix {
                          -0.005471, 0.000003,-0.999985, 0.000000,
                          -0.000000,-1.000000,-0.000003, 0.000000,
                          -0.999985, 0.000000, 0.005471, 0.000000,
                          -4.666989,11.309025,-1.093010, 1.000000;;
                        }
                      } // End of Armature_weapon_r
                    } // End of Armature_hand_r
                    Frame Armature_lowerarm_twist_01_r {
                      FrameTransformMatrix {
                         0.981509, 0.000000,-0.191415, 0.000000,
                        -0.000000, 1.000000,-0.000000, 0.000000,
                         0.191415, 0.000000, 0.981509, 0.000000,
                         0.000032,13.999990, 0.000012, 1.000000;;
                      }
                    } // End of Armature_lowerarm_twist_01_r
                  } // End of Armature_lowerarm_r
                  Frame Armature_upperarm_twist_01_r {
                    FrameTransformMatrix {
                       0.832498, 0.000000, 0.554028, 0.000000,
                      -0.000000, 1.000000,-0.000000, 0.000000,
                      -0.554028, 0.000000, 0.832498, 0.000000,
                      -0.000012, 0.500038,-0.000013, 1.000000;;
                    }
                  } // End of Armature_upperarm_twist_01_r
                } // End of Armature_upperarm_r
              } // End of Armature_clavicle_r
              Frame Armature_neck_01 {
                FrameTransformMatrix {
                   0.698097, 0.396249,-0.596361, 0.000000,
                  -0.424462, 0.899796, 0.100991, 0.000000,
                   0.576621, 0.182631, 0.796338, 0.000000,
                  -0.355320,16.558769, 0.000008, 1.000000;;
                }
                Frame Armature_head {
                  FrameTransformMatrix {
                     0.978458,-0.198525,-0.056633, 0.000000,
                     0.206061, 0.922440, 0.326564, 0.000000,
                    -0.012591,-0.331199, 0.943477, 0.000000,
                     0.364132, 9.283613,-0.000003, 1.000000;;
                  }
                } // End of Armature_head
              } // End of Armature_neck_01
            } // End of Armature_spine_03
          } // End of Armature_spine_02
        } // End of Armature_spine_01
        Frame Armature_sword_holder {
          FrameTransformMatrix {
            -0.909314, 0.370365, 0.189677, 0.000000,
            -0.355306,-0.928334, 0.109328, 0.000000,
             0.216574, 0.032020, 0.975741, 0.000000,
            13.980013,19.493011,16.300945, 1.000000;;
          }
        } // End of Armature_sword_holder
        Frame Armature_thigh_l {
          FrameTransformMatrix {
            -0.299925,-0.737143,-0.605529, 0.000000,
            -0.892111,-0.008110, 0.451745, 0.000000,
            -0.337911, 0.675688,-0.655181, 0.000000,
            -1.448821, 0.531429, 9.005796, 1.000000;;
          }
          Frame Armature_calf_l {
            FrameTransformMatrix {
              -0.086094,-0.994003, 0.067425, 0.000000,
               0.988248,-0.093784,-0.120707, 0.000000,
               0.126306, 0.056241, 0.990396, 0.000000,
              -0.212023,42.343449, 0.032473, 1.000000;;
            }
            Frame Armature_calf_twist_01_l {
              FrameTransformMatrix {
                 0.988205,-0.015648,-0.152334, 0.000000,
                 0.015244, 0.999876,-0.003824, 0.000000,
                 0.152375, 0.001457, 0.988321, 0.000000,
                -0.000052,20.476763, 0.000005, 1.000000;;
              }
            } // End of Armature_calf_twist_01_l
            Frame Armature_foot_l {
              FrameTransformMatrix {
                -0.144784,-0.980489,-0.132962, 0.000000,
                -0.922142, 0.084989, 0.377400, 0.000000,
                -0.358736, 0.177252,-0.916455, 0.000000,
                 0.000388,40.196648, 0.000032, 1.000000;;
              }
              Frame Armature_ball_l {
                FrameTransformMatrix {
                   0.437524, 0.899206,-0.000042, 0.000000,
                  -0.899207, 0.437524, 0.000065, 0.000000,
                   0.000077, 0.000010, 1.000000, 0.000000,
                  -10.453839,16.577839,-0.080159, 1.000000;;
                }
              } // End of Armature_ball_l
            } // End of Armature_foot_l
          } // End of Armature_calf_l
          Frame Armature_thigh_twist_01_l {
            FrameTransformMatrix {
               0.774635,-0.000757,-0.632408, 0.000000,
               0.000976, 1.000000,-0.000003, 0.000000,
               0.632408,-0.000615, 0.774635, 0.000000,
               0.000087,22.094223,-0.000013, 1.000000;;
            }
          } // End of Armature_thigh_twist_01_l
        } // End of Armature_thigh_l
        Frame Armature_thigh_r {
          FrameTransformMatrix {
             0.651947, 0.742534,-0.153648, 0.000000,
            -0.752549, 0.608777,-0.251121, 0.000000,
            -0.092929, 0.279345, 0.955683, 0.000000,
            -1.448664, 0.531426,-9.005784, 1.000000;;
          }
          Frame Armature_calf_r {
            FrameTransformMatrix {
               0.070253, 0.996496,-0.045390, 0.000000,
              -0.991046, 0.064545,-0.116878, 0.000000,
              -0.113539, 0.053195, 0.992108, 0.000000,
               0.173799,42.344353, 0.027076, 1.000000;;
            }
            Frame Armature_calf_twist_01_r {
              FrameTransformMatrix {
                 0.999473, 0.015120,-0.028724, 0.000000,
                -0.015236, 0.999877,-0.003826, 0.000000,
                 0.028662, 0.004261, 0.999580, 0.000000,
                -0.000008,20.476925,-0.000013, 1.000000;;
              }
            } // End of Armature_calf_twist_01_r
            Frame Armature_foot_r {
              FrameTransformMatrix {
                 0.446124, 0.894905, 0.010866, 0.000000,
                 0.894863,-0.445848,-0.020955, 0.000000,
                -0.013909, 0.019072,-0.999721, 0.000000,
                 0.000345,40.196754,-0.000072, 1.000000;;
              }
              Frame Armature_ball_r {
                FrameTransformMatrix {
                   0.159125,-0.987258, 0.000760, 0.000000,
                   0.987259, 0.159125,-0.000048, 0.000000,
                  -0.000074, 0.000758, 1.000000, 0.000000,
                  10.453815,16.577799,-0.080165, 1.000000;;
                }
              } // End of Armature_ball_r
            } // End of Armature_foot_r
          } // End of Armature_calf_r
          Frame Armature_thigh_twist_01_r {
            FrameTransformMatrix {
               0.975983, 0.000961, 0.217845, 0.000000,
              -0.000984, 1.000000,-0.000004, 0.000000,
              -0.217845,-0.000210, 0.975983, 0.000000,
              -0.000009,22.094236,-0.000025, 1.000000;;
            }
          } // End of Armature_thigh_twist_01_r
        } // End of Armature_thigh_r
      } // End of Armature_pelvis
    } // End of Armature_root
  } // End of Armature
} // End of Root
AnimationSet Global {
  Animation {
    {Armature}
    AnimationKey { // Rotation
      0;
      125;
      0;4;-0.707107, 0.707107, 0.000000, 0.000000;;,
      1;4;-0.707107, 0.707107, 0.000000, 0.000000;;,
      2;4;-0.707107, 0.707107, 0.000000, 0.000000;;,
      3;4;-0.707107, 0.707107, 0.000000, 0.000000;;,
      4;4;-0.707107, 0.707107, 0.000000, 0.000000;;,
      5;4;-0.707107, 0.707107, 0.000000, 0.000000;;,
      6;4;-0.707107, 0.707107, 0.000000, 0.000000;;,
      7;4;-0.707107, 0.707107, 0.000000, 0.000000;;,
      8;4;-0.707107, 0.707107, 0.000000, 0.000000;;,
      9;4;-0.707107, 0.707107, 0.000000, 0.000000;;,
      10;4;-0.707107, 0.707107, 0.000000, 0.000000;;,
      11;4;-0.707107, 0.707107, 0.000000, 0.000000;;,
      12;4;-0.707107, 0.707107, 0.000000, 0.000000;;,
      13;4;-0.707107, 0.707107, 0.000000, 0.000000;;,
      14;4;-0.707107, 0.707107, 0.000000, 0.000000;;,
      15;4;-0.707107, 0.707107, 0.000000, 0.000000;;,
      16;4;-0.707107, 0.707107, 0.000000, 0.000000;;,
      17;4;-0.707107, 0.707107, 0.000000, 0.000000;;,
      18;4;-0.707107, 0.707107, 0.000000, 0.000000;;,
      19;4;-0.707107, 0.707107, 0.000000, 0.000000;;,
      20;4;-0.707107, 0.707107, 0.000000, 0.000000;;,
      21;4;-0.707107, 0.707107, 0.000000, 0.000000;;,
      22;4;-0.707107, 0.707107, 0.000000, 0.000000;;,
      23;4;-0.707107, 0.707107, 0.000000, 0.000000;;,
      24;4;-0.707107, 0.707107, 0.000000, 0.000000;;,
      25;4;-0.707107, 0.707107, 0.000000, 0.000000;;,
      26;4;-0.707107, 0.707107, 0.000000, 0.000000;;,
      27;4;-0.707107, 0.707107, 0.000000, 0.000000;;,
      28;4;-0.707107, 0.707107, 0.000000, 0.000000;;,
      29;4;-0.707107, 0.707107, 0.000000, 0.000000;;,
      30;4;-0.707107, 0.707107, 0.000000, 0.000000;;,
      31;4;-0.707107, 0.707107, 0.000000, 0.000000;;,
      32;4;-0.707107, 0.707107, 0.000000, 0.000000;;,
      33;4;-0.707107, 0.707107, 0.000000, 0.000000;;,
      34;4;-0.707107, 0.707107, 0.000000, 0.000000;;,
      35;4;-0.707107, 0.707107, 0.000000, 0.000000;;,
      36;4;-0.707107, 0.707107, 0.000000, 0.000000;;,
      37;4;-0.707107, 0.707107, 0.000000, 0.000000;;,
      38;4;-0.707107, 0.707107, 0.000000, 0.000000;;,
      39;4;-0.707107, 0.707107, 0.000000, 0.000000;;,
      40;4;-0.707107, 0.707107, 0.000000, 0.000000;;,
      41;4;-0.707107, 0.707107, 0.000000, 0.000000;;,
      42;4;-0.707107, 0.707107, 0.000000, 0.000000;;,
      43;4;-0.707107, 0.707107, 0.000000, 0.000000;;,
      44;4;-0.707107, 0.707107, 0.000000, 0.000000;;,
      45;4;-0.707107, 0.707107, 0.000000, 0.000000;;,
      46;4;-0.707107, 0.707107, 0.000000, 0.000000;;,
      47;4;-0.707107, 0.707107, 0.000000, 0.000000;;,
      48;4;-0.707107, 0.707107, 0.000000, 0.000000;;,
      49;4;-0.707107, 0.707107, 0.000000, 0.000000;;,
      50;4;-0.707107, 0.707107, 0.000000, 0.000000;;,
      51;4;-0.707107, 0.707107, 0.000000, 0.000000;;,
      52;4;-0.707107, 0.707107, 0.000000, 0.000000;;,
      53;4;-0.707107, 0.707107, 0.000000, 0.000000;;,
      54;4;-0.707107, 0.707107, 0.000000, 0.000000;;,
      55;4;-0.707107, 0.707107, 0.000000, 0.000000;;,
      56;4;-0.707107, 0.707107, 0.000000, 0.000000;;,
      57;4;-0.707107, 0.707107, 0.000000, 0.000000;;,
      58;4;-0.707107, 0.707107, 0.000000, 0.000000;;,
      59;4;-0.707107, 0.707107, 0.000000, 0.000000;;,
      60;4;-0.707107, 0.707107, 0.000000, 0.000000;;,
      61;4;-0.707107, 0.707107, 0.000000, 0.000000;;,
      62;4;-0.707107, 0.707107, 0.000000, 0.000000;;,
      63;4;-0.707107, 0.707107, 0.000000, 0.000000;;,
      64;4;-0.707107, 0.707107, 0.000000, 0.000000;;,
      65;4;-0.707107, 0.707107, 0.000000, 0.000000;;,
      66;4;-0.707107, 0.707107, 0.000000, 0.000000;;,
      67;4;-0.707107, 0.707107, 0.000000, 0.000000;;,
      68;4;-0.707107, 0.707107, 0.000000, 0.000000;;,
      69;4;-0.707107, 0.707107, 0.000000, 0.000000;;,
      70;4;-0.707107, 0.707107, 0.000000, 0.000000;;,
      71;4;-0.707107, 0.707107, 0.000000, 0.000000;;,
      72;4;-0.707107, 0.707107, 0.000000, 0.000000;;,
      73;4;-0.707107, 0.707107, 0.000000, 0.000000;;,
      74;4;-0.707107, 0.707107, 0.000000, 0.000000;;,
      75;4;-0.707107, 0.707107, 0.000000, 0.000000;;,
      76;4;-0.707107, 0.707107, 0.000000, 0.000000;;,
      77;4;-0.707107, 0.707107, 0.000000, 0.000000;;,
      78;4;-0.707107, 0.707107, 0.000000, 0.000000;;,
      79;4;-0.707107, 0.707107, 0.000000, 0.000000;;,
      80;4;-0.707107, 0.707107, 0.000000, 0.000000;;,
      81;4;-0.707107, 0.707107, 0.000000, 0.000000;;,
      82;4;-0.707107, 0.707107, 0.000000, 0.000000;;,
      83;4;-0.707107, 0.707107, 0.000000, 0.000000;;,
      84;4;-0.707107, 0.707107, 0.000000, 0.000000;;,
      85;4;-0.707107, 0.707107, 0.000000, 0.000000;;,
      86;4;-0.707107, 0.707107, 0.000000, 0.000000;;,
      87;4;-0.707107, 0.707107, 0.000000, 0.000000;;,
      88;4;-0.707107, 0.707107, 0.000000, 0.000000;;,
      89;4;-0.707107, 0.707107, 0.000000, 0.000000;;,
      90;4;-0.707107, 0.707107, 0.000000, 0.000000;;,
      91;4;-0.707107, 0.707107, 0.000000, 0.000000;;,
      92;4;-0.707107, 0.707107, 0.000000, 0.000000;;,
      93;4;-0.707107, 0.707107, 0.000000, 0.000000;;,
      94;4;-0.707107, 0.707107, 0.000000, 0.000000;;,
      95;4;-0.707107, 0.707107, 0.000000, 0.000000;;,
      96;4;-0.707107, 0.707107, 0.000000, 0.000000;;,
      97;4;-0.707107, 0.707107, 0.000000, 0.000000;;,
      98;4;-0.707107, 0.707107, 0.000000, 0.000000;;,
      99;4;-0.707107, 0.707107, 0.000000, 0.000000;;,
      100;4;-0.707107, 0.707107, 0.000000, 0.000000;;,
      101;4;-0.707107, 0.707107, 0.000000, 0.000000;;,
      102;4;-0.707107, 0.707107, 0.000000, 0.000000;;,
      103;4;-0.707107, 0.707107, 0.000000, 0.000000;;,
      104;4;-0.707107, 0.707107, 0.000000, 0.000000;;,
      105;4;-0.707107, 0.707107, 0.000000, 0.000000;;,
      106;4;-0.707107, 0.707107, 0.000000, 0.000000;;,
      107;4;-0.707107, 0.707107, 0.000000, 0.000000;;,
      108;4;-0.707107, 0.707107, 0.000000, 0.000000;;,
      109;4;-0.707107, 0.707107, 0.000000, 0.000000;;,
      110;4;-0.707107, 0.707107, 0.000000, 0.000000;;,
      111;4;-0.707107, 0.707107, 0.000000, 0.000000;;,
      112;4;-0.707107, 0.707107, 0.000000, 0.000000;;,
      113;4;-0.707107, 0.707107, 0.000000, 0.000000;;,
      114;4;-0.707107, 0.707107, 0.000000, 0.000000;;,
      115;4;-0.707107, 0.707107, 0.000000, 0.000000;;,
      116;4;-0.707107, 0.707107, 0.000000, 0.000000;;,
      117;4;-0.707107, 0.707107, 0.000000, 0.000000;;,
      118;4;-0.707107, 0.707107, 0.000000, 0.000000;;,
      119;4;-0.707107, 0.707107, 0.000000, 0.000000;;,
      120;4;-0.707107, 0.707107, 0.000000, 0.000000;;,
      121;4;-0.707107, 0.707107, 0.000000, 0.000000;;,
      122;4;-0.707107, 0.707107, 0.000000, 0.000000;;,
      123;4;-0.707107, 0.707107, 0.000000, 0.000000;;,
      124;4;-0.707107, 0.707107, 0.000000, 0.000000;;;
    }
    AnimationKey { // Scale
      1;
      125;
      0;3; 0.010000, 0.010000, 0.010000;;,
      1;3; 0.010000, 0.010000, 0.010000;;,
      2;3; 0.010000, 0.010000, 0.010000;;,
      3;3; 0.010000, 0.010000, 0.010000;;,
      4;3; 0.010000, 0.010000, 0.010000;;,
      5;3; 0.010000, 0.010000, 0.010000;;,
      6;3; 0.010000, 0.010000, 0.010000;;,
      7;3; 0.010000, 0.010000, 0.010000;;,
      8;3; 0.010000, 0.010000, 0.010000;;,
      9;3; 0.010000, 0.010000, 0.010000;;,
      10;3; 0.010000, 0.010000, 0.010000;;,
      11;3; 0.010000, 0.010000, 0.010000;;,
      12;3; 0.010000, 0.010000, 0.010000;;,
      13;3; 0.010000, 0.010000, 0.010000;;,
      14;3; 0.010000, 0.010000, 0.010000;;,
      15;3; 0.010000, 0.010000, 0.010000;;,
      16;3; 0.010000, 0.010000, 0.010000;;,
      17;3; 0.010000, 0.010000, 0.010000;;,
      18;3; 0.010000, 0.010000, 0.010000;;,
      19;3; 0.010000, 0.010000, 0.010000;;,
      20;3; 0.010000, 0.010000, 0.010000;;,
      21;3; 0.010000, 0.010000, 0.010000;;,
      22;3; 0.010000, 0.010000, 0.010000;;,
      23;3; 0.010000, 0.010000, 0.010000;;,
      24;3; 0.010000, 0.010000, 0.010000;;,
      25;3; 0.010000, 0.010000, 0.010000;;,
      26;3; 0.010000, 0.010000, 0.010000;;,
      27;3; 0.010000, 0.010000, 0.010000;;,
      28;3; 0.010000, 0.010000, 0.010000;;,
      29;3; 0.010000, 0.010000, 0.010000;;,
      30;3; 0.010000, 0.010000, 0.010000;;,
      31;3; 0.010000, 0.010000, 0.010000;;,
      32;3; 0.010000, 0.010000, 0.010000;;,
      33;3; 0.010000, 0.010000, 0.010000;;,
      34;3; 0.010000, 0.010000, 0.010000;;,
      35;3; 0.010000, 0.010000, 0.010000;;,
      36;3; 0.010000, 0.010000, 0.010000;;,
      37;3; 0.010000, 0.010000, 0.010000;;,
      38;3; 0.010000, 0.010000, 0.010000;;,
      39;3; 0.010000, 0.010000, 0.010000;;,
      40;3; 0.010000, 0.010000, 0.010000;;,
      41;3; 0.010000, 0.010000, 0.010000;;,
      42;3; 0.010000, 0.010000, 0.010000;;,
      43;3; 0.010000, 0.010000, 0.010000;;,
      44;3; 0.010000, 0.010000, 0.010000;;,
      45;3; 0.010000, 0.010000, 0.010000;;,
      46;3; 0.010000, 0.010000, 0.010000;;,
      47;3; 0.010000, 0.010000, 0.010000;;,
      48;3; 0.010000, 0.010000, 0.010000;;,
      49;3; 0.010000, 0.010000, 0.010000;;,
      50;3; 0.010000, 0.010000, 0.010000;;,
      51;3; 0.010000, 0.010000, 0.010000;;,
      52;3; 0.010000, 0.010000, 0.010000;;,
      53;3; 0.010000, 0.010000, 0.010000;;,
      54;3; 0.010000, 0.010000, 0.010000;;,
      55;3; 0.010000, 0.010000, 0.010000;;,
      56;3; 0.010000, 0.010000, 0.010000;;,
      57;3; 0.010000, 0.010000, 0.010000;;,
      58;3; 0.010000, 0.010000, 0.010000;;,
      59;3; 0.010000, 0.010000, 0.010000;;,
      60;3; 0.010000, 0.010000, 0.010000;;,
      61;3; 0.010000, 0.010000, 0.010000;;,
      62;3; 0.010000, 0.010000, 0.010000;;,
      63;3; 0.010000, 0.010000, 0.010000;;,
      64;3; 0.010000, 0.010000, 0.010000;;,
      65;3; 0.010000, 0.010000, 0.010000;;,
      66;3; 0.010000, 0.010000, 0.010000;;,
      67;3; 0.010000, 0.010000, 0.010000;;,
      68;3; 0.010000, 0.010000, 0.010000;;,
      69;3; 0.010000, 0.010000, 0.010000;;,
      70;3; 0.010000, 0.010000, 0.010000;;,
      71;3; 0.010000, 0.010000, 0.010000;;,
      72;3; 0.010000, 0.010000, 0.010000;;,
      73;3; 0.010000, 0.010000, 0.010000;;,
      74;3; 0.010000, 0.010000, 0.010000;;,
      75;3; 0.010000, 0.010000, 0.010000;;,
      76;3; 0.010000, 0.010000, 0.010000;;,
      77;3; 0.010000, 0.010000, 0.010000;;,
      78;3; 0.010000, 0.010000, 0.010000;;,
      79;3; 0.010000, 0.010000, 0.010000;;,
