xof 0303txt 0032

template XSkinMeshHeader {
  <3cf169ce-ff7c-44ab-93c0-f78f62d172e2>
  WORD nMaxSkinWeightsPerVertex;
  WORD nMaxSkinWeightsPerFace;
  WORD nBones;
}

template SkinWeights {
  <6f0d123b-bad2-4167-a0d0-80224f25fabb>
  STRING transformNodeName;
  DWORD nWeights;
  array DWORD vertexIndices[nWeights];
  array float weights[nWeights];
  Matrix4x4 matrixOffset;
}

Frame Root {
  FrameTransformMatrix {
     1.000000, 0.000000, 0.000000, 0.000000,
     0.000000,-0.000000, 1.000000, 0.000000,
     0.000000, 1.000000, 0.000000, 0.000000,
     0.000000, 0.000000, 0.000000, 1.000000;;
  }
  Frame Armature {
    FrameTransformMatrix {
       0.010000, 0.000000, 0.000000, 0.000000,
       0.000000,-0.000000, 0.010000, 0.000000,
       0.000000,-0.010000,-0.000000, 0.000000,
       0.000000, 0.000000, 0.000000, 1.000000;;
    }
    Frame Armature_root {
      FrameTransformMatrix {
         1.000000, 0.000000, 0.000000, 0.000000,
         0.000000, 1.000000,-0.000000, 0.000000,
         0.000000, 0.000000, 1.000000, 0.000000,
         0.000000, 0.000000, 0.000000, 1.000000;;
      }
      Frame Armature_ik_foot_root {
        FrameTransformMatrix {
           1.000000, 0.000000, 0.000000, 0.000000,
           0.000000, 1.000000, 0.000000, 0.000000,
           0.000000,-0.000000, 1.000000, 0.000000,
           0.000000, 0.000000,-0.000000, 1.000000;;
        }
        Frame Armature_ik_foot_l {
          FrameTransformMatrix {
             0.192232, 0.063187, 0.979313, 0.000000,
            -0.968278,-0.150122, 0.199752, 0.000000,
             0.159638,-0.986646, 0.032324, 0.000000,
             8.213385,48.150425,-12.666864, 1.000000;;
          }
        } // End of Armature_ik_foot_l
        Frame Armature_ik_foot_r {
          FrameTransformMatrix {
             0.062038,-0.936262,-0.345781, 0.000000,
            -0.983023, 0.002622,-0.183467, 0.000000,
             0.172680, 0.351292,-0.920204, 0.000000,
            -4.145745,18.288475,-34.032383, 1.000000;;
          }
        } // End of Armature_ik_foot_r
      } // End of Armature_ik_foot_root
      Frame Armature_ik_hand_root {
        FrameTransformMatrix {
           1.000000, 0.000000, 0.000000, 0.000000,
           0.000000, 1.000000, 0.000000, 0.000000,
           0.000000,-0.000000, 1.000000, 0.000000,
           0.000000, 0.000000,-0.000000, 1.000000;;
        }
        Frame Armature_ik_hand_gun {
          FrameTransformMatrix {
            -0.202216,-0.318148,-0.926224, 0.000000,
             0.469687, 0.798392,-0.376782, 0.000000,
             0.859362,-0.511227,-0.012017, 0.000000,
            -23.610794,105.991440,61.580505, 1.000000;;
          }
          Frame Armature_ik_hand_l {
            FrameTransformMatrix {
               0.173738,-0.667258, 0.724280, 0.000000,
               0.715241, 0.591050, 0.372948, 0.000000,
              -0.676939, 0.453240, 0.579938, 0.000000,
              40.210430,48.418530,51.524235, 1.000000;;
            }
          } // End of Armature_ik_hand_l
          Frame Armature_ik_hand_r {
            FrameTransformMatrix {
               1.000000,-0.000000,-0.000000, 0.000000,
               0.000000, 1.000000, 0.000000, 0.000000,
               0.000000,-0.000000, 1.000000, 0.000000,
              -0.000005,-0.000010,-0.000000, 1.000000;;
            }
          } // End of Armature_ik_hand_r
        } // End of Armature_ik_hand_gun
      } // End of Armature_ik_hand_root
      Frame Armature_pelvis {
        FrameTransformMatrix {
           0.158243, 0.900925, 0.404095, 0.000000,
           0.019103,-0.411968, 0.910998, 0.000000,
           0.987215,-0.136440,-0.082401, 0.000000,
          -0.169810,87.306908, 2.767116, 1.000000;;
        }
        Frame Armature_spine_01 {
          FrameTransformMatrix {
             0.288512,-0.956418,-0.044997, 0.000000,
             0.935226, 0.291569,-0.200847, 0.000000,
             0.205213, 0.015864, 0.978589, 0.000000,
            10.808889, 0.851418, 0.000000, 1.000000;;
          }
          Frame Armature_spine_02 {
            FrameTransformMatrix {
               0.995219,-0.047370,-0.085411, 0.000000,
               0.044921, 0.998528,-0.030378, 0.000000,
               0.086724, 0.026396, 0.995883, 0.000000,
               3.785583,18.846478, 0.328285, 1.000000;;
            }
            Frame Armature_spine_03 {
              FrameTransformMatrix {
                 0.991247, 0.096086,-0.090533, 0.000000,
                -0.096652, 0.995316,-0.001887, 0.000000,
                 0.089928, 0.010621, 0.995892, 0.000000,
                 0.415034,13.412332, 0.068849, 1.000000;;
              }
              Frame Armature_clavicle_l {
                FrameTransformMatrix {
                   0.938315, 0.138752,-0.316723, 0.000000,
                   0.323238,-0.026646, 0.945943, 0.000000,
                   0.122813,-0.989968,-0.069852, 0.000000,
                  -2.732084,11.883680, 3.781986, 1.000000;;
                }
                Frame Armature_upperarm_l {
                  FrameTransformMatrix {
                     0.805408, 0.388909,-0.447289, 0.000000,
                     0.115354, 0.637360, 0.761883, 0.000000,
                     0.581387,-0.665224, 0.468473, 0.000000,
                    -0.000005,15.784864, 0.000005, 1.000000;;
                  }
                  Frame Armature_lowerarm_l {
                    FrameTransformMatrix {
                       0.182820, 0.983146,-0.000003, 0.000000,
                      -0.983146, 0.182820,-0.000000, 0.000000,
                       0.000000, 0.000003, 1.000000, 0.000000,
                      -0.000017,30.339943,-0.000002, 1.000000;;
                    }
                    Frame Armature_hand_l {
                      FrameTransformMatrix {
                         0.011331, 0.128797, 0.991606, 0.000000,
                         0.039594, 0.990835,-0.129149, 0.000000,
                        -0.999152, 0.040725, 0.006127, 0.000000,
                        -0.000000,26.975164, 0.000000, 1.000000;;
                      }
                      Frame Armature_index_01_l {
                        FrameTransformMatrix {
                           0.743788,-0.626016,-0.234273, 0.000000,
                           0.616255, 0.777982,-0.122362, 0.000000,
                           0.258861,-0.053361, 0.964439, 0.000000,
                           1.763464,12.068136, 2.109400, 1.000000;;
                        }
                        Frame Armature_index_02_l {
                          FrameTransformMatrix {
                             0.904650,-0.425646,-0.020836, 0.000000,
                             0.425447, 0.904884,-0.013407, 0.000000,
                             0.024561, 0.003264, 0.999693, 0.000000,
                            -0.000001, 4.287495, 0.000000, 1.000000;;
                          }
                          Frame Armature_index_03_l {
                            FrameTransformMatrix {
                               0.997664,-0.064222,-0.023295, 0.000000,
                               0.064523, 0.997839, 0.012414, 0.000000,
                               0.022448,-0.013888, 0.999652, 0.000000,
                               0.000008, 3.393790,-0.000004, 1.000000;;
                            }
                          } // End of Armature_index_03_l
                        } // End of Armature_index_02_l
                      } // End of Armature_index_01_l
                      Frame Armature_middle_01_l {
                        FrameTransformMatrix {
                           0.699029,-0.714896, 0.016791, 0.000000,
                           0.710786, 0.692053,-0.125877, 0.000000,
                           0.078369, 0.099927, 0.991904, 0.000000,
                           1.293643,12.244299,-0.571162, 1.000000;;
                        }
                        Frame Armature_middle_02_l {
                          FrameTransformMatrix {
                             0.818062,-0.574591, 0.024901, 0.000000,
                             0.573824, 0.818355, 0.031962, 0.000000,
                            -0.038743,-0.011858, 0.999179, 0.000000,
                             0.000001, 4.640372,-0.000002, 1.000000;;
                          }
                          Frame Armature_middle_03_l {
                            FrameTransformMatrix {
                               0.991632,-0.127963, 0.017073, 0.000000,
                               0.128897, 0.988753,-0.075845, 0.000000,
                              -0.007176, 0.077411, 0.996973, 0.000000,
                              -0.000007, 3.648843,-0.000001, 1.000000;;
                            }
                          } // End of Armature_middle_03_l
                        } // End of Armature_middle_02_l
                      } // End of Armature_middle_01_l
                      Frame Armature_pinky_01_l {
                        FrameTransformMatrix {
                           0.582279,-0.687817, 0.433426, 0.000000,
                           0.789192, 0.606254,-0.098143, 0.000000,
                          -0.195262, 0.399202, 0.895829, 0.000000,
                           2.263154,10.140683,-4.643147, 1.000000;;
                        }
                        Frame Armature_pinky_02_l {
                          FrameTransformMatrix {
                             0.702612,-0.711569,-0.002476, 0.000000,
                             0.711212, 0.702362,-0.029422, 0.000000,
                             0.022675, 0.018911, 0.999564, 0.000000,
                            -0.000000, 3.570971, 0.000002, 1.000000;;
                          }
                          Frame Armature_pinky_03_l {
                            FrameTransformMatrix {
                               0.817357,-0.574426,-0.044299, 0.000000,
                               0.576094, 0.815759, 0.051501, 0.000000,
                               0.006554,-0.067615, 0.997690, 0.000000,
                               0.000008, 2.985636,-0.000001, 1.000000;;
                            }
                          } // End of Armature_pinky_03_l
                        } // End of Armature_pinky_02_l
                      } // End of Armature_pinky_01_l
                      Frame Armature_ring_01_l {
                        FrameTransformMatrix {
                           0.627464,-0.722009, 0.291534, 0.000000,
                           0.765719, 0.640104,-0.062774, 0.000000,
                          -0.141289, 0.262622, 0.954499, 0.000000,
                           1.753523,11.497900,-2.846912, 1.000000;;
                        }
                        Frame Armature_ring_02_l {
                          FrameTransformMatrix {
                             0.755888,-0.654642, 0.008831, 0.000000,
                             0.654595, 0.755452,-0.028260, 0.000000,
                             0.011829, 0.027143, 0.999562, 0.000000,
                             0.000001, 4.430163,-0.000002, 1.000000;;
                          }
                          Frame Armature_ring_03_l {
                            FrameTransformMatrix {
                               0.967253,-0.253135,-0.018559, 0.000000,
                               0.253755, 0.966021, 0.049108, 0.000000,
                               0.005498,-0.052210, 0.998621, 0.000000,
                               0.000003, 3.476655,-0.000002, 1.000000;;
                            }
                          } // End of Armature_ring_03_l
                        } // End of Armature_ring_02_l
                      } // End of Armature_ring_01_l
                      Frame Armature_thumb_01_l {
                        FrameTransformMatrix {
                           0.139140, 0.453056,-0.880557, 0.000000,
                           0.347231, 0.810430, 0.471842, 0.000000,
                           0.927400,-0.371409,-0.044552, 0.000000,
                           2.374984, 4.762046, 2.537820, 1.000000;;
                        }
                        Frame Armature_thumb_02_l {
                          FrameTransformMatrix {
                             0.963380,-0.266512,-0.029514, 0.000000,
                             0.267573, 0.948336, 0.170484, 0.000000,
                            -0.017447,-0.172138, 0.984919, 0.000000,
                            -0.000003, 3.869676, 0.000000, 1.000000;;
                          }
                          Frame Armature_thumb_03_l {
                            FrameTransformMatrix {
                               0.988868,-0.142635,-0.042380, 0.000000,
                               0.142467, 0.989775,-0.006992, 0.000000,
                               0.042944, 0.000876, 0.999077, 0.000000,
                               0.000001, 4.062178,-0.000003, 1.000000;;
                            }
                          } // End of Armature_thumb_03_l
                        } // End of Armature_thumb_02_l
                      } // End of Armature_thumb_01_l
                    } // End of Armature_hand_l
                    Frame Armature_lowerarm_twist_01_l {
                      FrameTransformMatrix {
                         0.999996, 0.000000,-0.002935, 0.000000,
                        -0.000000, 1.000000, 0.000000, 0.000000,
                         0.002935,-0.000000, 0.999996, 0.000000,
                         0.000002,14.000017,-0.000004, 1.000000;;
                      }
                    } // End of Armature_lowerarm_twist_01_l
                  } // End of Armature_lowerarm_l
                  Frame Armature_upperarm_twist_01_l {
                    FrameTransformMatrix {
                       0.928114, 0.000001, 0.372296, 0.000000,
                      -0.000001, 1.000000, 0.000000, 0.000000,
                      -0.372296,-0.000001, 0.928114, 0.000000,
                       0.000021, 0.500009,-0.000004, 1.000000;;
                    }
                  } // End of Armature_upperarm_twist_01_l
                } // End of Armature_upperarm_l
              } // End of Armature_clavicle_l
              Frame Armature_clavicle_r {
                FrameTransformMatrix {
                  -0.921231,-0.142091,-0.362137, 0.000000,
                   0.368252,-0.018464,-0.929542, 0.000000,
                   0.125393,-0.989681, 0.069335, 0.000000,
                  -2.732085,11.883793,-3.782003, 1.000000;;
                }
                Frame Armature_upperarm_r {
                  FrameTransformMatrix {
                     0.551657,-0.554658,-0.622920, 0.000000,
                     0.829170, 0.445541, 0.337595, 0.000000,
                     0.090287,-0.702743, 0.705692, 0.000000,
                    -0.000042,15.784750, 0.000082, 1.000000;;
                  }
                  Frame Armature_lowerarm_r {
                    FrameTransformMatrix {
                      -0.123479,-0.992347,-0.000000, 0.000000,
                       0.992347,-0.123479,-0.000000, 0.000000,
                       0.000000,-0.000000, 1.000000, 0.000000,
                      -0.000009,30.340078, 0.000006, 1.000000;;
                    }
                    Frame Armature_hand_r {
                      FrameTransformMatrix {
                        -0.130366,-0.922082, 0.364375, 0.000000,
                        -0.009610, 0.368669, 0.929511, 0.000000,
                        -0.991419, 0.117675,-0.056923, 0.000000,
                        -0.000014,26.975262, 0.000002, 1.000000;;
                      }
                      Frame Armature_index_01_r {
                        FrameTransformMatrix {
                          -0.623694,-0.745622,-0.234636, 0.000000,
                          -0.779845, 0.614036, 0.121662, 0.000000,
                           0.053361, 0.258859,-0.964440, 0.000000,
                          -12.067967, 1.763727,-2.109447, 1.000000;;
                        }
                        Frame Armature_index_02_r {
                          FrameTransformMatrix {
                             0.905916, 0.422943, 0.020875, 0.000000,
                            -0.422745, 0.906150,-0.013344, 0.000000,
                            -0.024560, 0.003263, 0.999693, 0.000000,
                             0.000076, 4.287700,-0.000080, 1.000000;;
                          }
                          Frame Armature_index_03_r {
                            FrameTransformMatrix {
                               0.997852, 0.061246, 0.023258, 0.000000,
                              -0.061548, 0.998026, 0.012482, 0.000000,
                              -0.022448,-0.013886, 0.999651, 0.000000,
                               0.000125, 3.393800,-0.000015, 1.000000;;
                            }
                          } // End of Armature_index_03_r
                        } // End of Armature_index_02_r
                      } // End of Armature_index_01_r
                      Frame Armature_middle_01_r {
                        FrameTransformMatrix {
                          -0.778364,-0.627150, 0.028865, 0.000000,
                          -0.619810, 0.774946, 0.123668, 0.000000,
                          -0.099927, 0.078368,-0.991904, 0.000000,
                          -12.244137, 1.293737, 0.571118, 1.000000;;
                        }
                        Frame Armature_middle_02_r {
                          FrameTransformMatrix {
                             0.758850, 0.650904,-0.021699, 0.000000,
                            -0.650112, 0.759067, 0.034218, 0.000000,
                             0.038744,-0.011860, 0.999179, 0.000000,
                            -0.000133, 4.640575, 0.000012, 1.000000;;
                          }
                          Frame Armature_middle_03_r {
                            FrameTransformMatrix {
                               0.974560, 0.222800,-0.024332, 0.000000,
                              -0.224009, 0.971785,-0.073844, 0.000000,
                               0.007193, 0.077416, 0.996973, 0.000000,
                              -0.000008, 3.648906, 0.000004, 1.000000;;
                            }
                          } // End of Armature_middle_03_r
                        } // End of Armature_middle_02_r
                      } // End of Armature_middle_01_r
                      Frame Armature_pinky_01_r {
                        FrameTransformMatrix {
                          -0.868703,-0.231945, 0.437673, 0.000000,
                          -0.293244, 0.952929,-0.077032, 0.000000,
                          -0.399204,-0.195263,-0.895829, 0.000000,
                          -10.140614, 2.263369, 4.643085, 1.000000;;
                        }
                        Frame Armature_pinky_02_r {
                          FrameTransformMatrix {
                             0.373069, 0.927759,-0.009088, 0.000000,
                            -0.927526, 0.372700,-0.028094, 0.000000,
                            -0.022677, 0.018910, 0.999564, 0.000000,
                            -0.000081, 3.571056,-0.000013, 1.000000;;
                          }
                          Frame Armature_pinky_03_r {
                            FrameTransformMatrix {
                               0.531126, 0.845111, 0.060764, 0.000000,
                              -0.847267, 0.530298, 0.030374, 0.000000,
                              -0.006554,-0.067616, 0.997690, 0.000000,
                               0.000314, 2.985425,-0.000023, 1.000000;;
                            }
                          } // End of Armature_pinky_03_r
                        } // End of Armature_pinky_02_r
                      } // End of Armature_pinky_01_r
                      Frame Armature_ring_01_r {
                        FrameTransformMatrix {
                          -0.861568,-0.411045, 0.297899, 0.000000,
                          -0.434432, 0.900600,-0.013781, 0.000000,
                          -0.262623,-0.141290,-0.954498, 0.000000,
                          -11.497999, 1.753777, 2.846905, 1.000000;;
                        }
                        Frame Armature_ring_02_r {
                          FrameTransformMatrix {
                             0.563593, 0.825902,-0.015758, 0.000000,
                            -0.825968, 0.563159,-0.025068, 0.000000,
                            -0.011829, 0.027144, 0.999562, 0.000000,
                             0.000076, 4.429867,-0.000017, 1.000000;;
                          }
                          Frame Armature_ring_03_r {
                            FrameTransformMatrix {
                               0.870343, 0.491502, 0.030489, 0.000000,
                              -0.492416, 0.869310, 0.042737, 0.000000,
                              -0.005499,-0.052209, 0.998621, 0.000000,
                               0.000070, 3.476659,-0.000002, 1.000000;;
                            }
                          } // End of Armature_ring_03_r
                        } // End of Armature_ring_02_r
                      } // End of Armature_ring_01_r
                      Frame Armature_thumb_01_r {
                        FrameTransformMatrix {
                           0.473478,-0.143499,-0.869038, 0.000000,
                          -0.781747, 0.386119,-0.489677, 0.000000,
                           0.405820, 0.911219, 0.070639, 0.000000,
                          -4.762138, 2.375111,-2.537812, 1.000000;;
                        }
                        Frame Armature_thumb_02_r {
                          FrameTransformMatrix {
                             0.923386, 0.380582, 0.050159, 0.000000,
                            -0.383476, 0.908585, 0.165590, 0.000000,
                             0.017447,-0.172138, 0.984918, 0.000000,
                             0.000123, 3.869573, 0.000052, 1.000000;;
                          }
                          Frame Armature_thumb_03_r {
                            FrameTransformMatrix {
                               0.995617,-0.083118, 0.042871, 0.000000,
                               0.083079, 0.996539, 0.002699, 0.000000,
                              -0.042947, 0.000875, 0.999077, 0.000000,
                              -0.000001, 4.062184,-0.000005, 1.000000;;
                            }
                          } // End of Armature_thumb_03_r
                        } // End of Armature_thumb_02_r
                      } // End of Armature_thumb_01_r
                      Frame Armature_weapon_r {
                        FrameTransformMatrix {
                          -0.005192, 0.815226, 0.579120, 0.000000,
                           0.978448, 0.123692,-0.165348, 0.000000,
                          -0.206428, 0.565780,-0.798299, 0.000000,
                          30.310783,46.078377,-20.929802, 1.000000;;
                        }
                      } // End of Armature_weapon_r
                    } // End of Armature_hand_r
                    Frame Armature_lowerarm_twist_01_r {
                      FrameTransformMatrix {
                         0.972819, 0.000000,-0.231566, 0.000000,
                        -0.000000, 1.000000, 0.000000, 0.000000,
                         0.231566, 0.000000, 0.972819, 0.000000,
                         0.000024,14.000010,-0.000002, 1.000000;;
                      }
                    } // End of Armature_lowerarm_twist_01_r
                  } // End of Armature_lowerarm_r
                  Frame Armature_upperarm_twist_01_r {
                    FrameTransformMatrix {
                       0.952148, 0.000000, 0.305637, 0.000000,
                      -0.000001, 1.000000, 0.000000, 0.000000,
                      -0.305637,-0.000000, 0.952148, 0.000000,
                       0.000004, 0.499997,-0.000008, 1.000000;;
                    }
                  } // End of Armature_upperarm_twist_01_r
                } // End of Armature_upperarm_r
              } // End of Armature_clavicle_r
              Frame Armature_neck_01 {
                FrameTransformMatrix {
                   0.882293, 0.467977, 0.050555, 0.000000,
                  -0.469600, 0.882477, 0.026631, 0.000000,
                  -0.032151,-0.047237, 0.998366, 0.000000,
                  -0.355314,16.558779,-0.000001, 1.000000;;
                }
                Frame Armature_head {
                  FrameTransformMatrix {
                     0.616245,-0.781219, 0.099689, 0.000000,
                     0.779540, 0.623080, 0.063945, 0.000000,
                    -0.112069, 0.038305, 0.992962, 0.000000,
                     0.364154, 9.283626,-0.000001, 1.000000;;
                  }
                } // End of Armature_head
              } // End of Armature_neck_01
            } // End of Armature_spine_03
          } // End of Armature_spine_02
        } // End of Armature_spine_01
        Frame Armature_sword_holder {
          FrameTransformMatrix {
            -0.636400, 0.563938, 0.526279, 0.000000,
            -0.615232,-0.782641, 0.094679, 0.000000,
             0.465280,-0.263530, 0.845025, 0.000000,
            14.130818,19.789572,17.467283, 1.000000;;
          }
        } // End of Armature_sword_holder
        Frame Armature_thigh_l {
          FrameTransformMatrix {
            -0.887533,-0.453032,-0.083944, 0.000000,
            -0.460164, 0.862447, 0.210796, 0.000000,
            -0.023100, 0.225716,-0.973919, 0.000000,
            -1.448824, 0.531425, 9.005812, 1.000000;;
          }
          Frame Armature_calf_l {
            FrameTransformMatrix {
              -0.530553,-0.838032, 0.127339, 0.000000,
               0.831826,-0.543633,-0.111936, 0.000000,
               0.163032, 0.046535, 0.985523, 0.000000,
              -0.318789,42.384701, 0.046954, 1.000000;;
            }
            Frame Armature_calf_twist_01_l {
              FrameTransformMatrix {
                 0.998346,-0.015000, 0.055505, 0.000000,
                 0.015236, 0.999877,-0.003824, 0.000000,
                -0.055441, 0.004663, 0.998451, 0.000000,
                 0.000003,20.476782,-0.000001, 1.000000;;
              }
            } // End of Armature_calf_twist_01_l
            Frame Armature_foot_l {
              FrameTransformMatrix {
                -0.007973,-0.999682,-0.023902, 0.000000,
                -0.999329, 0.008820,-0.035544, 0.000000,
                 0.035744, 0.023603,-0.999082, 0.000000,
                 0.000204,40.196693,-0.000059, 1.000000;;
              }
              Frame Armature_ball_l {
                FrameTransformMatrix {
                  -0.032877, 0.999459, 0.000155, 0.000000,
                  -0.999460,-0.032877, 0.000069, 0.000000,
                   0.000074,-0.000152, 1.000000, 0.000000,
                  -10.453837,16.577854,-0.080144, 1.000000;;
                }
              } // End of Armature_ball_l
            } // End of Armature_foot_l
          } // End of Armature_calf_l
          Frame Armature_thigh_twist_01_l {
            FrameTransformMatrix {
               0.975324,-0.000960,-0.220776, 0.000000,
               0.000983, 1.000000,-0.000004, 0.000000,
               0.220776,-0.000214, 0.975324, 0.000000,
              -0.000010,22.094234,-0.000002, 1.000000;;
            }
          } // End of Armature_thigh_twist_01_l
        } // End of Armature_thigh_l
        Frame Armature_thigh_r {
          FrameTransformMatrix {
             0.189698, 0.953878,-0.232663, 0.000000,
            -0.954458, 0.234731, 0.184153, 0.000000,
             0.230273, 0.187133, 0.954964, 0.000000,
            -1.448642, 0.531427,-9.005805, 1.000000;;
          }
          Frame Armature_calf_r {
            FrameTransformMatrix {
               0.798313, 0.598754, 0.064733, 0.000000,
              -0.596918, 0.800932,-0.046867, 0.000000,
              -0.079909,-0.001226, 0.996802, 0.000000,
               0.018909,42.455284, 0.003981, 1.000000;;
            }
            Frame Armature_calf_twist_01_r {
              FrameTransformMatrix {
                 0.998261, 0.014993,-0.057014, 0.000000,
                -0.015235, 0.999877,-0.003825, 0.000000,
                 0.056950, 0.004687, 0.998366, 0.000000,
                 0.000007,20.476917,-0.000001, 1.000000;;
              }
            } // End of Armature_calf_twist_01_r
            Frame Armature_foot_r {
              FrameTransformMatrix {
                 0.457117, 0.889360, 0.009109, 0.000000,
                 0.886970,-0.455083,-0.078635, 0.000000,
                -0.065790, 0.044025,-0.996862, 0.000000,
                 0.000362,40.196747,-0.000057, 1.000000;;
              }
              Frame Armature_ball_r {
                FrameTransformMatrix {
                   0.470870,-0.882203,-0.000099, 0.000000,
                   0.882203, 0.470870, 0.000137, 0.000000,
                  -0.000074,-0.000151, 1.000000, 0.000000,
                  10.453815,16.577795,-0.080158, 1.000000;;
                }
              } // End of Armature_ball_r
            } // End of Armature_foot_r
          } // End of Armature_calf_r
          Frame Armature_thigh_twist_01_r {
            FrameTransformMatrix {
               0.976927, 0.000961, 0.213570, 0.000000,
              -0.000983, 0.999999,-0.000003, 0.000000,
              -0.213570,-0.000207, 0.976928, 0.000000,
               0.000003,22.094265,-0.000000, 1.000000;;
            }
          } // End of Armature_thigh_twist_01_r
        } // End of Armature_thigh_r
      } // End of Armature_pelvis
    } // End of Armature_root
  } // End of Armature
} // End of Root
AnimationSet Global {
  Animation {
    {Armature}
    AnimationKey { // Rotation
      0;
      41;
      0;4;-0.707107, 0.707107, 0.000000, 0.000000;;,
      1;4;-0.707107, 0.707107, 0.000000, 0.000000;;,
      2;4;-0.707107, 0.707107, 0.000000, 0.000000;;,
      3;4;-0.707107, 0.707107, 0.000000, 0.000000;;,
      4;4;-0.707107, 0.707107, 0.000000, 0.000000;;,
      5;4;-0.707107, 0.707107, 0.000000, 0.000000;;,
      6;4;-0.707107, 0.707107, 0.000000, 0.000000;;,
      7;4;-0.707107, 0.707107, 0.000000, 0.000000;;,
      8;4;-0.707107, 0.707107, 0.000000, 0.000000;;,
      9;4;-0.707107, 0.707107, 0.000000, 0.000000;;,
      10;4;-0.707107, 0.707107, 0.000000, 0.000000;;,
      11;4;-0.707107, 0.707107, 0.000000, 0.000000;;,
      12;4;-0.707107, 0.707107, 0.000000, 0.000000;;,
      13;4;-0.707107, 0.707107, 0.000000, 0.000000;;,
      14;4;-0.707107, 0.707107, 0.000000, 0.000000;;,
      15;4;-0.707107, 0.707107, 0.000000, 0.000000;;,
      16;4;-0.707107, 0.707107, 0.000000, 0.000000;;,
      17;4;-0.707107, 0.707107, 0.000000, 0.000000;;,
      18;4;-0.707107, 0.707107, 0.000000, 0.000000;;,
      19;4;-0.707107, 0.707107, 0.000000, 0.000000;;,
      20;4;-0.707107, 0.707107, 0.000000, 0.000000;;,
      21;4;-0.707107, 0.707107, 0.000000, 0.000000;;,
      22;4;-0.707107, 0.707107, 0.000000, 0.000000;;,
      23;4;-0.707107, 0.707107, 0.000000, 0.000000;;,
      24;4;-0.707107, 0.707107, 0.000000, 0.000000;;,
      25;4;-0.707107, 0.707107, 0.000000, 0.000000;;,
      26;4;-0.707107, 0.707107, 0.000000, 0.000000;;,
      27;4;-0.707107, 0.707107, 0.000000, 0.000000;;,
      28;4;-0.707107, 0.707107, 0.000000, 0.000000;;,
      29;4;-0.707107, 0.707107, 0.000000, 0.000000;;,
      30;4;-0.707107, 0.707107, 0.000000, 0.000000;;,
      31;4;-0.707107, 0.707107, 0.000000, 0.000000;;,
      32;4;-0.707107, 0.707107, 0.000000, 0.000000;;,
      33;4;-0.707107, 0.707107, 0.000000, 0.000000;;,
      34;4;-0.707107, 0.707107, 0.000000, 0.000000;;,
      35;4;-0.707107, 0.707107, 0.000000, 0.000000;;,
      36;4;-0.707107, 0.707107, 0.000000, 0.000000;;,
      37;4;-0.707107, 0.707107, 0.000000, 0.000000;;,
      38;4;-0.707107, 0.707107, 0.000000, 0.000000;;,
      39;4;-0.707107, 0.707107, 0.000000, 0.000000;;,
      40;4;-0.707107, 0.707107, 0.000000, 0.000000;;;
    }
    AnimationKey { // Scale
      1;
      41;
      0;3; 0.010000, 0.010000, 0.010000;;,
      1;3; 0.010000, 0.010000, 0.010000;;,
      2;3; 0.010000, 0.010000, 0.010000;;,
      3;3; 0.010000, 0.010000, 0.010000;;,
      4;3; 0.010000, 0.010000, 0.010000;;,
      5;3; 0.010000, 0.010000, 0.010000;;,
      6;3; 0.010000, 0.010000, 0.010000;;,
      7;3; 0.010000, 0.010000, 0.010000;;,
      8;3; 0.010000, 0.010000, 0.010000;;,
      9;3; 0.010000, 0.010000, 0.010000;;,
      10;3; 0.010000, 0.010000, 0.010000;;,
      11;3; 0.010000, 0.010000, 0.010000;;,
      12;3; 0.010000, 0.010000, 0.010000;;,
      13;3; 0.010000, 0.010000, 0.010000;;,
      14;3; 0.010000, 0.010000, 0.010000;;,
      15;3; 0.010000, 0.010000, 0.010000;;,
      16;3; 0.010000, 0.010000, 0.010000;;,
      17;3; 0.010000, 0.010000, 0.010000;;,
      18;3; 0.010000, 0.010000, 0.010000;;,
      19;3; 0.010000, 0.010000, 0.010000;;,
      20;3; 0.010000, 0.010000, 0.010000;;,
      21;3; 0.010000, 0.010000, 0.010000;;,
      22;3; 0.010000, 0.010000, 0.010000;;,
      23;3; 0.010000, 0.010000, 0.010000;;,
      24;3; 0.010000, 0.010000, 0.010000;;,
      25;3; 0.010000, 0.010000, 0.010000;;,
      26;3; 0.010000, 0.010000, 0.010000;;,
      27;3; 0.010000, 0.010000, 0.010000;;,
      28;3; 0.010000, 0.010000, 0.010000;;,
      29;3; 0.010000, 0.010000, 0.010000;;,
      30;3; 0.010000, 0.010000, 0.010000;;,
      31;3; 0.010000, 0.010000, 0.010000;;,
      32;3; 0.010000, 0.010000, 0.010000;;,
      33;3; 0.010000, 0.010000, 0.010000;;,
      34;3; 0.010000, 0.010000, 0.010000;;,
      35;3; 0.010000, 0.010000, 0.010000;;,
      36;3; 0.010000, 0.010000, 0.010000;;,
      37;3; 0.010000, 0.010000, 0.010000;;,
      38;3; 0.010000, 0.010000, 0.010000;;,
      39;3; 0.010000, 0.010000, 0.010000;;,
      40;3; 0.010000, 0.010000, 0.010000;;;
    }
    AnimationKey { // Position
      2;
      41;
      0;3; 0.000000, 0.000000, 0.000000;;,
      1;3; 0.000000, 0.000000, 0.000000;;,
      2;3; 0.000000, 0.000000, 0.000000;;,
      3;3; 0.000000, 0.000000, 0.000000;;,
      4;3; 0.000000, 0.000000, 0.000000;;,
      5;3; 0.000000, 0.000000, 0.000000;;,
      6;3; 0.000000, 0.000000, 0.000000;;,
      7;3; 0.000000, 0.000000, 0.000000;;,
      8;3; 0.000000, 0.000000, 0.000000;;,
      9;3; 0.000000, 0.000000, 0.000000;;,
      10;3; 0.000000, 0.000000, 0.000000;;,
      11;3; 0.000000, 0.000000, 0.000000;;,
      12;3; 0.000000, 0.000000, 0.000000;;,
      13;3; 0.000000, 0.000000, 0.000000;;,
      14;3; 0.000000, 0.000000, 0.000000;;,
      15;3; 0.000000, 0.000000, 0.000000;;,
      16;3; 0.000000, 0.000000, 0.000000;;,
      17;3; 0.000000, 0.000000, 0.000000;;,
      18;3; 0.000000, 0.000000, 0.000000;;,
      19;3; 0.000000, 0.000000, 0.000000;;,
      20;3; 0.000000, 0.000000, 0.000000;;,
      21;3; 0.000000, 0.000000, 0.000000;;,
      22;3; 0.000000, 0.000000, 0.000000;;,
      23;3; 0.000000, 0.000000, 0.000000;;,
      24;3; 0.000000, 0.000000, 0.000000;;,
      25;3; 0.000000, 0.000000, 0.000000;;,
      26;3; 0.000000, 0.000000, 0.000000;;,
      27;3; 0.000000, 0.000000, 0.000000;;,
      28;3; 0.000000, 0.000000, 0.000000;;,
      29;3; 0.000000, 0.000000, 0.000000;;,
      30;3; 0.000000, 0.000000, 0.000000;;,
      31;3; 0.000000, 0.000000, 0.000000;;,
      32;3; 0.000000, 0.000000, 0.000000;;,
      33;3; 0.000000, 0.000000, 0.000000;;,
      34;3; 0.000000, 0.000000, 0.000000;;,
      35;3; 0.000000, 0.000000, 0.000000;;,
      36;3; 0.000000, 0.000000, 0.000000;;,
      37;3; 0.000000, 0.000000, 0.000000;;,
      38;3; 0.000000, 0.000000, 0.000000;;,
      39;3; 0.000000, 0.000000, 0.000000;;,
      40;3; 0.000000, 0.000000, 0.000000;;;
    }
  }
  Animation {
    {Armature_root}
    AnimationKey { // Rotation
      0;
      41;
      0;4;-1.000000,-0.000000, 0.000000, 0.000000;;,
      1;4;-1.000000,-0.000000, 0.000000, 0.000000;;,
      2;4;-1.000000,-0.000000, 0.000000, 0.000000;;,
      3;4;-1.000000,-0.000000, 0.000000, 0.000000;;,
      4;4;-1.000000,-0.000000, 0.000000, 0.000000;;,
      5;4;-1.000000,-0.000000, 0.000000, 0.000000;;,
      6;4;-1.000000,-0.000000, 0.000000, 0.000000;;,
      7;4;-1.000000,-0.000000, 0.000000, 0.000000;;,
      8;4;-1.000000,-0.000000, 0.000000, 0.000000;;,
      9;4;-1.000000,-0.000000, 0.000000, 0.000000;;,
      10;4;-1.000000,-0.000000, 0.000000, 0.000000;;,
      11;4;-1.000000,-0.000000, 0.000000, 0.000000;;,
      12;4;-1.000000,-0.000000, 0.000000, 0.000000;;,
      13;4;-1.000000,-0.000000, 0.000000, 0.000000;;,
      14;4;-1.000000,-0.000000, 0.000000, 0.000000;;,
      15;4;-1.000000,-0.000000, 0.000000, 0.000000;;,
      16;4;-1.000000,-0.000000, 0.000000, 0.000000;;,
      17;4;-1.000000,-0.000000, 0.000000, 0.000000;;,
      18;4;-1.000000,-0.000000, 0.000000, 0.000000;;,
      19;4;-1.000000,-0.000000, 0.000000, 0.000000;;,
      20;4;-1.000000,-0.000000, 0.000000, 0.000000;;,
      21;4;-1.000000,-0.000000, 0.000000, 0.000000;;,
      22;4;-1.000000,-0.000000, 0.000000, 0.000000;;,
      23;4;-1.000000,-0.000000, 0.000000, 0.000000;;,
      24;4;-1.000000,-0.000000, 0.000000, 0.000000;;,
      25;4;-1.000000,-0.000000, 0.000000, 0.000000;;,
      26;4;-1.000000,-0.000000, 0.000000, 0.000000;;,
      27;4;-1.000000,-0.000000, 0.000000, 0.000000;;,
      28;4;-1.000000,-0.000000, 0.000000, 0.000000;;,
      29;4;-1.000000,-0.000000, 0.000000, 0.000000;;,
      30;4;-1.000000,-0.000000, 0.000000, 0.000000;;,
      31;4;-1.000000,-0.000000, 0.000000, 0.000000;;,
      32;4;-1.000000,-0.000000, 0.000000, 0.000000;;,
      33;4;-1.000000,-0.000000, 0.000000, 0.000000;;,
      34;4;-1.000000,-0.000000, 0.000000, 0.000000;;,
      35;4;-1.000000,-0.000000, 0.000000, 0.000000;;,
      36;4;-1.000000,-0.000000, 0.000000, 0.000000;;,
      37;4;-1.000000,-0.000000, 0.000000, 0.000000;;,
      38;4;-1.000000,-0.000000, 0.000000, 0.000000;;,
      39;4;-1.000000,-0.000000, 0.000000, 0.000000;;,
      40;4;-1.000000,-0.000000, 0.000000, 0.000000;;;
    }
    AnimationKey { // Scale
      1;
      41;
      0;3; 1.000000, 1.000000, 1.000000;;,
      1;3; 1.000000, 1.000000, 1.000000;;,
      2;3; 1.000000, 1.000000, 1.000000;;,
      3;3; 1.000000, 1.000000, 1.000000;;,
      4;3; 1.000000, 1.000000, 1.000000;;,
      5;3; 1.000000, 1.000000, 1.000000;;,
      6;3; 1.000000, 1.000000, 1.000000;;,
      7;3; 1.000000, 1.000000, 1.000000;;,
      8;3; 1.000000, 1.000000, 1.000000;;,
      9;3; 1.000000, 1.000000, 1.000000;;,
      10;3; 1.000000, 1.000000, 1.000000;;,
      11;3; 1.000000, 1.000000, 1.000000;;,
      12;3; 1.000000, 1.000000, 1.000000;;,
      13;3; 1.000000, 1.000000, 1.000000;;,
      14;3; 1.000000, 1.000000, 1.000000;;,
      15;3; 1.000000, 1.000000, 1.000000;;,
      16;3; 1.000000, 1.000000, 1.000000;;,
      17;3; 1.000000, 1.000000, 1.000000;;,
      18;3; 1.000000, 1.000000, 1.000000;;,
      19;3; 1.000000, 1.000000, 1.000000;;,
      20;3; 1.000000, 1.000000, 1.000000;;,
      21;3; 1.000000, 1.000000, 1.000000;;,
      22;3; 1.000000, 1.000000, 1.000000;;,
      23;3; 1.000000, 1.000000, 1.000000;;,
      24;3; 1.000000, 1.000000, 1.000000;;,
      25;3; 1.000000, 1.000000, 1.000000;;,
      26;3; 1.000000, 1.000000, 1.000000;;,
      27;3; 1.000000, 1.000000, 1.000000;;,
      28;3; 1.000000, 1.000000, 1.000000;;,
      29;3; 1.000000, 1.000000, 1.000000;;,
      30;3; 1.000000, 1.000000, 1.000000;;,
      31;3; 1.000000, 1.000000, 1.000000;;,
      32;3; 1.000000, 1.000000, 1.000000;;,
      33;3; 1.000000, 1.000000, 1.000000;;,
      34;3; 1.000000, 1.000000, 1.000000;;,
      35;3; 1.000000, 1.000000, 1.000000;;,
      36;3; 1.000000, 1.000000, 1.000000;;,
      37;3; 1.000000, 1.000000, 1.000000;;,
      38;3; 1.000000, 1.000000, 1.000000;;,
      39;3; 1.000000, 1.000000, 1.000000;;,
      40;3; 1.000000, 1.000000, 1.000000;;;
    }
    AnimationKey { // Position
      2;
      41;
      0;3; 0.000000, 0.000000, 0.000000;;,
      1;3; 0.000000, 0.000000, 0.000000;;,
      2;3; 0.000000, 0.000000, 0.000000;;,
      3;3; 0.000000, 0.000000, 0.000000;;,
      4;3; 0.000000, 0.000000, 0.000000;;,
