xof 0303txt 0032

template XSkinMeshHeader {
  <3cf169ce-ff7c-44ab-93c0-f78f62d172e2>
  WORD nMaxSkinWeightsPerVertex;
  WORD nMaxSkinWeightsPerFace;
  WORD nBones;
}

template SkinWeights {
  <6f0d123b-bad2-4167-a0d0-80224f25fabb>
  STRING transformNodeName;
  DWORD nWeights;
  array DWORD vertexIndices[nWeights];
  array float weights[nWeights];
  Matrix4x4 matrixOffset;
}

Frame Root {
  FrameTransformMatrix {
     1.000000, 0.000000, 0.000000, 0.000000,
     0.000000,-0.000000,-1.000000, 0.000000,
     0.000000, 1.000000,-0.000000, 0.000000,
     0.000000, 0.000000, 0.000000, 1.000000;;
  }
  Frame Armature {
    FrameTransformMatrix {
       1.000000, 0.000000, 0.000000, 0.000000,
       0.000000,-0.000000, 1.000000, 0.000000,
       0.000000,-1.000000,-0.000000, 0.000000,
       0.000000, 0.000000, 0.000000, 1.000000;;
    }
    Frame Armature_Root {
      FrameTransformMatrix {
         0.055051,-0.118785, 0.991393, 0.000000,
         0.995913, 0.077727,-0.045989, 0.000000,
        -0.071595, 0.989873, 0.122578, 0.000000,
         0.000000,288.256592,-177.878830, 1.000000;;
      }
      Frame Armature_Spine01 {
        FrameTransformMatrix {
           0.170972, 0.016808, 0.985132, 0.000000,
           0.984162, 0.044618,-0.171565, 0.000000,
          -0.046839, 0.998863,-0.008913, 0.000000,
          97.524033,-0.000000,-0.000052, 1.000000;;
        }
        Frame Armature_Spine02 {
          FrameTransformMatrix {
            -0.997050, 0.076276,-0.008607, 0.000000,
             0.076655, 0.995274,-0.059619, 0.000000,
             0.004018,-0.060103,-0.998184, 0.000000,
             0.000037,114.438347,-0.000001, 1.000000;;
          }
          Frame Armature_Chest {
            FrameTransformMatrix {
              -0.946159, 0.321778, 0.035230, 0.000000,
               0.312813, 0.880913, 0.355162, 0.000000,
               0.083249, 0.347060,-0.934141, 0.000000,
               9.423223,127.238556,-24.513491, 1.000000;;
            }
            Frame Armature_Neck01 {
              FrameTransformMatrix {
                 0.759272,-0.650773, 0.000000, 0.000000,
                 0.650773, 0.759272,-0.000000, 0.000000,
                -0.000000, 0.000000, 1.000000, 0.000000,
                -0.000007,126.849571,-0.000005, 1.000000;;
              }
              Frame Armature_Neck02 {
                FrameTransformMatrix {
                   0.765587,-0.643333,-0.000000, 0.000000,
                   0.643333, 0.765587,-0.000000, 0.000000,
                   0.000000, 0.000000, 1.000000, 0.000000,
                  -0.000007,122.347450, 0.000002, 1.000000;;
                }
                Frame Armature_Neck03 {
                  FrameTransformMatrix {
                     0.912633,-0.408780, 0.000000, 0.000000,
                     0.408780, 0.912633, 0.000000, 0.000000,
                    -0.000000, 0.000000, 1.000000, 0.000000,
                     0.000020,112.527153, 0.000010, 1.000000;;
                  }
                  Frame Armature_Head {
                    FrameTransformMatrix {
                       0.272581, 0.019970, 0.961926, 0.000000,
                      -0.958700,-0.078741, 0.273302, 0.000000,
                       0.081201,-0.996695,-0.002318, 0.000000,
                       0.000008,105.244110,-0.000004, 1.000000;;
                    }
                    Frame Armature_Eye_L {
                      FrameTransformMatrix {
                         1.000000,-0.000000, 0.000000, 0.000000,
                        -0.000000, 1.000000, 0.000000, 0.000000,
                        -0.000000,-0.000000, 1.000000, 0.000000,
                        34.315445,64.830780,-31.983635, 1.000000;;
                      }
                    } // End of Armature_Eye_L
                    Frame Armature_Eye_R {
                      FrameTransformMatrix {
                         1.000000, 0.000000, 0.000000, 0.000000,
                         0.000000,-1.000000,-0.000000, 0.000000,
                         0.000000, 0.000000,-1.000000, 0.000000,
                        -34.315407,64.831253,-31.984062, 1.000000;;
                      }
                    } // End of Armature_Eye_R
                    Frame Armature_Eye_Under_L {
                      FrameTransformMatrix {
                         1.000000,-0.000000, 0.000000, 0.000000,
                         0.000000, 1.000000, 0.000000, 0.000000,
                        -0.000000,-0.000000, 1.000000, 0.000000,
                        38.478432,70.034828,-12.224463, 1.000000;;
                      }
                    } // End of Armature_Eye_Under_L
                    Frame Armature_Eye_Under_R {
                      FrameTransformMatrix {
                         1.000000, 0.000000, 0.000000, 0.000000,
                         0.000000,-1.000000,-0.000000, 0.000000,
                         0.000000, 0.000000,-1.000000, 0.000000,
                        -38.478397,70.035248,-12.224054, 1.000000;;
                      }
                    } // End of Armature_Eye_Under_R
                    Frame Armature_Jaw01 {
                      FrameTransformMatrix {
                        -0.000000, 0.061030, 0.998136, 0.000000,
                         0.000000, 0.998136,-0.061030, 0.000000,
                        -1.000000, 0.000000,-0.000000, 0.000000,
                        -0.000002,75.704941,45.699814, 1.000000;;
                      }
                      Frame Armature_Jaw02 {
                        FrameTransformMatrix {
                          -0.778932,-0.627109,-0.000001, 0.000000,
                           0.000001, 0.000000,-1.000000, 0.000000,
                           0.627109,-0.778932,-0.000000, 0.000000,
                          -0.000036,131.770584, 0.000002, 1.000000;;
                        }
                      } // End of Armature_Jaw02
                    } // End of Armature_Jaw01
                    Frame Armature_Tongue01 {
                      FrameTransformMatrix {
                        -0.000003,-0.047356, 0.998878, 0.000000,
                         0.000000, 0.998878, 0.047356, 0.000000,
                        -1.000000, 0.000000,-0.000003, 0.000000,
                        -0.000003,31.774965,21.651596, 1.000000;;
                      }
                      Frame Armature_Tongue02 {
                        FrameTransformMatrix {
                           0.999987, 0.005063,-0.000000, 0.000000,
                          -0.005063, 0.999987,-0.000000, 0.000000,
                           0.000000, 0.000000, 1.000000, 0.000000,
                          -0.000010,53.170010,-0.000001, 1.000000;;
                        }
                        Frame Armature_Tongue03 {
                          FrameTransformMatrix {
                             0.999473, 0.032463, 0.000000, 0.000000,
                            -0.032463, 0.999473,-0.000000, 0.000000,
                            -0.000000, 0.000000, 1.000000, 0.000000,
                             0.000016,46.743217, 0.000001, 1.000000;;
                          }
                          Frame Armature_Tongue04 {
                            FrameTransformMatrix {
                              -0.962206,-0.272321,-0.000001, 0.000000,
                              -0.000000, 0.000003,-1.000000, 0.000000,
                               0.272321,-0.962206,-0.000003, 0.000000,
                               0.000024,54.004082,-0.000001, 1.000000;;
                            }
                          } // End of Armature_Tongue04
                        } // End of Armature_Tongue03
                      } // End of Armature_Tongue02
                    } // End of Armature_Tongue01
                    Frame Armature_UpperMouth01 {
                      FrameTransformMatrix {
                        -0.000003, 0.079589,-0.996828, 0.000000,
                         0.000000, 0.996828, 0.079589, 0.000000,
                         1.000000,-0.000000,-0.000003, 0.000000,
                        -0.000005,97.247795,-15.643997, 1.000000;;
                      }
                      Frame Armature_UpperMouth02 {
                        FrameTransformMatrix {
                           0.995693, 0.092716, 0.000000, 0.000000,
                          -0.000000, 0.000002, 1.000000, 0.000000,
                           0.092716,-0.995693, 0.000002, 0.000000,
                           0.000011,97.058975,-0.000004, 1.000000;;
                        }
                      } // End of Armature_UpperMouth02
                    } // End of Armature_UpperMouth01
                  } // End of Armature_Head
                } // End of Armature_Neck03
              } // End of Armature_Neck02
            } // End of Armature_Neck01
            Frame Armature_UpperArm_L {
              FrameTransformMatrix {
                 0.290351, 0.871835, 0.394461, 0.000000,
                 0.105943,-0.438972, 0.892233, 0.000000,
                 0.951038,-0.217270,-0.219821, 0.000000,
                -32.905899,-19.313292,82.735840, 1.000000;;
              }
              Frame Armature_LowerArm_L {
                FrameTransformMatrix {
                   0.982322, 0.180884,-0.048207, 0.000000,
                  -0.009388,-0.209593,-0.977743, 0.000000,
                  -0.186962, 0.960912,-0.204190, 0.000000,
                  -0.000002,176.291107, 0.000011, 1.000000;;
                }
                Frame Armature_Hand_L {
                  FrameTransformMatrix {
                    -0.207253,-0.976159, 0.064495, 0.000000,
                     0.976809,-0.202866, 0.068480, 0.000000,
                    -0.053763, 0.077191, 0.995565, 0.000000,
                     0.000020,171.877777, 0.000006, 1.000000;;
                  }
                  Frame Armature_Index01_L {
                    FrameTransformMatrix {
                       0.999777,-0.020721, 0.004106, 0.000000,
                       0.020953, 0.948051,-0.317428, 0.000000,
                       0.002685, 0.317443, 0.948274, 0.000000,
                      -5.378058,55.339268,-24.943493, 1.000000;;
                    }
                    Frame Armature_Index02_L {
                      FrameTransformMatrix {
                         1.000000,-0.000001,-0.000000, 0.000000,
                         0.000001, 0.999241, 0.038961, 0.000000,
                         0.000000,-0.038961, 0.999241, 0.000000,
                        -2.207208,39.770683,-0.317765, 1.000000;;
                      }
                      Frame Armature_Index03_L {
                        FrameTransformMatrix {
                           1.000000, 0.000000,-0.000000, 0.000000,
                           0.000000, 0.573462, 0.819232, 0.000000,
                           0.000000,-0.819232, 0.573462, 0.000000,
                          -0.282497,27.569679,-1.050677, 1.000000;;
                        }
                      } // End of Armature_Index03_L
                    } // End of Armature_Index02_L
                  } // End of Armature_Index01_L
                  Frame Armature_Middle01_L {
                    FrameTransformMatrix {
                       0.997438, 0.064516,-0.030903, 0.000000,
                      -0.066262, 0.996039,-0.059304, 0.000000,
                       0.026954, 0.061199, 0.997761, 0.000000,
                      -5.274509,61.946590, 2.297105, 1.000000;;
                    }
                    Frame Armature_Middle02_L {
                      FrameTransformMatrix {
                         1.000000,-0.000000,-0.000000, 0.000000,
                         0.000000, 0.999742, 0.022721, 0.000000,
                         0.000000,-0.022721, 0.999742, 0.000000,
                         0.726916,43.116920, 0.768579, 1.000000;;
                      }
                      Frame Armature_Middle3_L {
                        FrameTransformMatrix {
                           1.000000, 0.000000, 0.000000, 0.000000,
                          -0.000000, 0.573462, 0.819232, 0.000000,
                           0.000000,-0.819232, 0.573462, 0.000000,
                          -0.189645,32.270294,-0.938951, 1.000000;;
                        }
                      } // End of Armature_Middle3_L
                    } // End of Armature_Middle02_L
                  } // End of Armature_Middle01_L
                  Frame Armature_Pinky01_L {
                    FrameTransformMatrix {
                       0.999960,-0.006735,-0.005891, 0.000000,
                       0.007900, 0.973667, 0.227837, 0.000000,
                       0.004202,-0.227874, 0.973682, 0.000000,
                      -9.550682,54.729038,28.829348, 1.000000;;
                    }
                    Frame Armature_Pinky02_L {
                      FrameTransformMatrix {
                         1.000000, 0.000001, 0.000000, 0.000000,
                        -0.000001, 0.999742, 0.022722, 0.000000,
                        -0.000000,-0.022722, 0.999742, 0.000000,
                         0.112923,39.613945, 0.563003, 1.000000;;
                      }
                      Frame Armature_Pinky03_L {
                        FrameTransformMatrix {
                           1.000000,-0.000001,-0.000000, 0.000000,
                           0.000001, 0.573463, 0.819232, 0.000000,
                          -0.000000,-0.819232, 0.573463, 0.000000,
                          -0.189620,32.270290,-0.938912, 1.000000;;
                        }
                      } // End of Armature_Pinky03_L
                    } // End of Armature_Pinky02_L
                  } // End of Armature_Pinky01_L
                  Frame Armature_Thumb01_L {
                    FrameTransformMatrix {
                       0.999761,-0.019929, 0.008853, 0.000000,
                      -0.020674,-0.995353, 0.094054, 0.000000,
                       0.006947,-0.094215,-0.995506, 0.000000,
                      -12.599339,-25.391678, 3.054267, 1.000000;;
                    }
                    Frame Armature_Thumb02_L {
                      FrameTransformMatrix {
                         1.000000,-0.000000, 0.000000, 0.000000,
                         0.000000, 0.999742, 0.022722, 0.000000,
                        -0.000000,-0.022722, 0.999742, 0.000000,
                        -1.729815,36.609951, 0.235070, 1.000000;;
                      }
                    } // End of Armature_Thumb02_L
                  } // End of Armature_Thumb01_L
                } // End of Armature_Hand_L
              } // End of Armature_LowerArm_L
            } // End of Armature_UpperArm_L
            Frame Armature_UpperArm_R {
              FrameTransformMatrix {
                 0.784264, 0.620428,-0.000259, 0.000000,
                -0.010406, 0.012737,-0.999865, 0.000000,
                -0.620340, 0.784160, 0.016445, 0.000000,
                -32.906059,-19.313211,-82.735794, 1.000000;;
              }
              Frame Armature_RowerArm_R {
                FrameTransformMatrix {
                   0.986373, 0.164067, 0.012304, 0.000000,
                  -0.020540, 0.048597, 0.998607, 0.000000,
                   0.163240,-0.985251, 0.051305, 0.000000,
                   0.000004,176.291290, 0.000019, 1.000000;;
                }
                Frame Armature_Hand_R {
                  FrameTransformMatrix {
                     0.354122,-0.921122,-0.161650, 0.000000,
                     0.932553, 0.334812, 0.135075, 0.000000,
                    -0.070298,-0.198580, 0.977560, 0.000000,
                     0.000002,171.877380,-0.000018, 1.000000;;
                  }
                  Frame Armature_Index01_R {
                    FrameTransformMatrix {
                       0.993824, 0.075908, 0.080948, 0.000000,
                      -0.096973, 0.948701, 0.300937, 0.000000,
                      -0.053952,-0.306928, 0.950202, 0.000000,
                      -4.365441,56.017784,23.587948, 1.000000;;
                    }
                    Frame Armature_Index02_R {
                      FrameTransformMatrix {
                         0.999699, 0.024342, 0.002832, 0.000000,
                        -0.024173, 0.998490,-0.049322, 0.000000,
                        -0.004028, 0.049239, 0.998779, 0.000000,
                         0.922226,39.822773,-0.089611, 1.000000;;
                      }
                      Frame Armature_Index03_R {
                        FrameTransformMatrix {
                          -0.998719, 0.050615,-0.000001, 0.000000,
                          -0.029027,-0.572728, 0.819231, 0.000000,
                           0.041465, 0.818181, 0.573464, 0.000000,
                           1.113342,27.548431, 1.050547, 1.000000;;
                        }
                      } // End of Armature_Index03_R
                    } // End of Armature_Index02_R
                  } // End of Armature_Index01_R
                  Frame Armature_Middle01_R {
                    FrameTransformMatrix {
                       0.994996, 0.059809, 0.080032, 0.000000,
                      -0.062714, 0.997442, 0.034299, 0.000000,
                      -0.077776,-0.039147, 0.996202, 0.000000,
                      -2.675744,62.042675,-3.734695, 1.000000;;
                    }
                    Frame Armature_Middle02_R {
                      FrameTransformMatrix {
                         0.994018, 0.071546,-0.082515, 0.000000,
                        -0.072789, 0.997273,-0.012151, 0.000000,
                         0.081421, 0.018084, 0.996516, 0.000000,
                        -0.485382,43.120667,-0.768913, 1.000000;;
                      }
                      Frame Armature_Middle3_R {
                        FrameTransformMatrix {
                          -0.996632,-0.004223,-0.081898, 0.000000,
                          -0.065008,-0.568092, 0.820393, 0.000000,
                          -0.049990, 0.822954, 0.565905, 0.000000,
                          -0.384453,32.274971, 0.699819, 1.000000;;
                        }
                      } // End of Armature_Middle3_R
                    } // End of Armature_Middle02_R
                  } // End of Armature_Middle01_R
                  Frame Armature_Pinky01_R {
                    FrameTransformMatrix {
                       0.998127,-0.008220, 0.060621, 0.000000,
                       0.025111, 0.958653,-0.283468, 0.000000,
                      -0.055785, 0.284459, 0.957064, 0.000000,
                      -5.944230,54.442417,-30.303288, 1.000000;;
                    }
                    Frame Armature_Pinky02_R {
                      FrameTransformMatrix {
                         0.998542, 0.053957, 0.001773, 0.000000,
                        -0.053986, 0.998003, 0.032797, 0.000000,
                        -0.000000,-0.032845, 0.999460, 0.000000,
                        -1.077971,39.593845, 0.897155, 1.000000;;
                      }
                      Frame Armature_Pinky03_R {
                        FrameTransformMatrix {
                           1.000000, 0.000000,-0.000001, 0.000000,
                           0.000001,-0.523353, 0.852116, 0.000000,
                          -0.000000,-0.852116,-0.523353, 0.000000,
                          -1.148804,32.262383, 0.339651, 1.000000;;
                        }
                      } // End of Armature_Pinky03_R
                    } // End of Armature_Pinky02_R
                  } // End of Armature_Pinky01_R
                  Frame Armature_Thumb01_R {
                    FrameTransformMatrix {
                       0.981769,-0.187623, 0.030649, 0.000000,
                      -0.184669,-0.979488,-0.080629, 0.000000,
                       0.045154, 0.073498,-0.996275, 0.000000,
                      -13.441581,-24.940056,-3.187964, 1.000000;;
                    }
                    Frame Armature_Thumb02_R {
                      FrameTransformMatrix {
                        -0.996214, 0.086926, 0.000001, 0.000000,
                        -0.086904,-0.995957, 0.022722, 0.000000,
                         0.001975, 0.022636, 0.999742, 0.000000,
                         1.459098,36.621086,-0.234872, 1.000000;;
                      }
                    } // End of Armature_Thumb02_R
                  } // End of Armature_Thumb01_R
                } // End of Armature_Hand_R
              } // End of Armature_RowerArm_R
            } // End of Armature_UpperArm_R
          } // End of Armature_Chest
          Frame Armature_Wing01_L {
            FrameTransformMatrix {
              -0.478599, 0.565142,-0.671981, 0.000000,
              -0.615002,-0.761994,-0.202826, 0.000000,
              -0.626670, 0.316197, 0.712252, 0.000000,
              -56.105717,20.234114,-89.395500, 1.000000;;
            }
            Frame Armature_Wing02_L {
              FrameTransformMatrix {
                -0.665159,-0.746206, 0.027201, 0.000000,
                 0.746000,-0.665671,-0.019110, 0.000000,
                 0.032367, 0.007581, 0.999447, 0.000000,
                 0.000038,299.244049, 0.000023, 1.000000;;
              }
              Frame Armature_Wing03_L {
                FrameTransformMatrix {
                   0.084812, 0.994258, 0.065253, 0.000000,
                  -0.865797, 0.105950,-0.489051, 0.000000,
                  -0.493156,-0.015018, 0.869811, 0.000000,
                   0.000045,468.655151,-0.000107, 1.000000;;
                }
                Frame Armature_WingIndex01_L {
                  FrameTransformMatrix {
                     0.707360, 0.706843, 0.003758, 0.000000,
                    -0.706849, 0.707365, 0.000079, 0.000000,
                    -0.002603,-0.002712, 0.999993, 0.000000,
                    -0.000015,40.398315,-0.000023, 1.000000;;
                  }
                  Frame Armature_WingIndex02_L {
                    FrameTransformMatrix {
                       0.957455, 0.284942,-0.045698, 0.000000,
                      -0.286235, 0.957841,-0.024698, 0.000000,
                       0.036734, 0.036728, 0.998650, 0.000000,
                       0.000023,209.264450, 0.000000, 1.000000;;
                    }
                    Frame Armature_WingIndex03_L {
                      FrameTransformMatrix {
                         0.479600, 0.259208, 0.838329, 0.000000,
                         0.737507, 0.398596,-0.545165, 0.000000,
                        -0.475466, 0.879735,-0.000001, 0.000000,
                        -0.000004,228.365189, 0.000046, 1.000000;;
                      }
                    } // End of Armature_WingIndex03_L
                  } // End of Armature_WingIndex02_L
                } // End of Armature_WingIndex01_L
                Frame Armature_WingMiddle01_L {
                  FrameTransformMatrix {
                     0.526401, 0.850100, 0.015245, 0.000000,
                    -0.850168, 0.526502,-0.003255, 0.000000,
                    -0.010793,-0.011247, 0.999879, 0.000000,
                    -18.335602,37.623638,-3.889145, 1.000000;;
                  }
                  Frame Armature_WingMiddle02_L {
                    FrameTransformMatrix {
                       0.992900, 0.117832,-0.016290, 0.000000,
                      -0.117914, 0.993015,-0.004138, 0.000000,
                       0.015689, 0.006029, 0.999859, 0.000000,
                      -0.000061,205.206192, 0.000046, 1.000000;;
                    }
                    Frame Armature_WingMiddle04_L {
                      FrameTransformMatrix {
                        -0.946809,-0.303649, 0.106535, 0.000000,
                        -0.304713, 0.952421, 0.006532, 0.000000,
                        -0.103449,-0.026278,-0.994287, 0.000000,
                        -7.270245,370.676178,-3.474442, 1.000000;;
                      }
                      Frame Armature_WingMiddle05_L {
                        FrameTransformMatrix {
                          -0.493034,-0.030230,-0.869485, 0.000000,
                          -0.867855,-0.053212, 0.493960, 0.000000,
                          -0.061199, 0.998126, 0.000000, 0.000000,
                          -31.631340,539.507263,-7.139839, 1.000000;;
                        }
                      } // End of Armature_WingMiddle05_L
                    } // End of Armature_WingMiddle04_L
                  } // End of Armature_WingMiddle02_L
                } // End of Armature_WingMiddle01_L
                Frame Armature_WingPinky01_L {
                  FrameTransformMatrix {
                    -0.252965,-0.964142, 0.080242, 0.000000,
                    -0.965387, 0.256996, 0.044509, 0.000000,
                    -0.063534,-0.066205,-0.995781, 0.000000,
                    -61.174385,16.226532,-8.790451, 1.000000;;
                  }
                  Frame Armature_WingPinky02_L {
                    FrameTransformMatrix {
                       0.977515,-0.197933, 0.072713, 0.000000,
                       0.195876, 0.980022, 0.034485, 0.000000,
                      -0.078086,-0.019467, 0.996756, 0.000000,
                       0.000025,195.337494, 0.000027, 1.000000;;
                    }
                    Frame Armature_WingPinky04_L {
                      FrameTransformMatrix {
                         0.969579,-0.244774, 0.001311, 0.000000,
                         0.244772, 0.969580, 0.001082, 0.000000,
                        -0.001536,-0.000728, 0.999999, 0.000000,
                         0.229254,253.069794, 3.635094, 1.000000;;
                      }
                      Frame Armature_WingPinky05_L {
                        FrameTransformMatrix {
                          -0.445038,-0.367400,-0.816675, 0.000000,
                          -0.629791,-0.519924, 0.577098, 0.000000,
                          -0.636635, 0.771165, 0.000000, 0.000000,
                          -10.885773,281.533813,-8.118938, 1.000000;;
                        }
                      } // End of Armature_WingPinky05_L
                    } // End of Armature_WingPinky04_L
                  } // End of Armature_WingPinky02_L
                } // End of Armature_WingPinky01_L
                Frame Armature_WingRing01_L {
                  FrameTransformMatrix {
                     0.413673, 0.907669, 0.070798, 0.000000,
                    -0.908943, 0.416184,-0.024750, 0.000000,
                    -0.051930,-0.054113, 0.997183, 0.000000,
                    -39.982140,25.864681,-5.638321, 1.000000;;
                  }
                  Frame Armature_WingRing02_L {
                    FrameTransformMatrix {
                      -0.972438,-0.142164, 0.184806, 0.000000,
                      -0.143708, 0.989607, 0.005081, 0.000000,
                      -0.183607,-0.021618,-0.982762, 0.000000,
                       0.000085,199.690063, 0.000015, 1.000000;;
                    }
                    Frame Armature_WingRing04_L {
                      FrameTransformMatrix {
                         0.959317,-0.279679, 0.038613, 0.000000,
                         0.279406, 0.960093, 0.012408, 0.000000,
                        -0.040542,-0.001115, 0.999177, 0.000000,
                        14.586142,326.020905, 6.447952, 1.000000;;
                      }
                      Frame Armature_WingRing05_L {
                        FrameTransformMatrix {
                          -0.501265,-0.161077,-0.850169, 0.000000,
                          -0.809406,-0.260096, 0.526509, 0.000000,
                          -0.305934, 0.952052,-0.000000, 0.000000,
                          -34.832092,405.853210,-4.218788, 1.000000;;
                        }
                      } // End of Armature_WingRing05_L
                    } // End of Armature_WingRing04_L
                  } // End of Armature_WingRing02_L
                } // End of Armature_WingRing01_L
              } // End of Armature_Wing03_L
              Frame Armature_WingThumb01_L {
                FrameTransformMatrix {
                   0.009963,-0.000785,-0.000338, 0.000000,
                  -0.000797,-0.009962,-0.000354, 0.000000,
                  -0.000309, 0.000380,-0.009988, 0.000000,
                  22.586107,-147.901932,-4.446529, 1.000000;;
                }
              } // End of Armature_WingThumb01_L
            } // End of Armature_Wing02_L
          } // End of Armature_Wing01_L
          Frame Armature_Wing01_R {
            FrameTransformMatrix {
               0.555868,-0.633105,-0.538692, 0.000000,
              -0.647817,-0.736008, 0.196532, 0.000000,
              -0.520907, 0.239729,-0.819260, 0.000000,
              -56.105942,20.234159,89.395630, 1.000000;;
            }
            Frame Armature_Wing02_R {
              FrameTransformMatrix {
                -0.723206, 0.690105,-0.026984, 0.000000,
                -0.689871,-0.723692,-0.018683, 0.000000,
                -0.032421, 0.005104, 0.999461, 0.000000,
                 0.000000,299.244171, 0.000023, 1.000000;;
              }
              Frame Armature_Wing03_R {
                FrameTransformMatrix {
                   0.063928,-0.991822,-0.110462, 0.000000,
                   0.801513, 0.116973,-0.586425, 0.000000,
                   0.594551,-0.051048, 0.802436, 0.000000,
                   0.000015,468.654877, 0.000008, 1.000000;;
                }
                Frame Armature_WingIndex01_R {
                  FrameTransformMatrix {
                     0.715754,-0.698343,-0.003769, 0.000000,
                     0.698348, 0.715758, 0.000124, 0.000000,
                     0.002611,-0.002721, 0.999993, 0.000000,
                    -0.000067,40.397964, 0.000000, 1.000000;;
                  }
                  Frame Armature_WingIndex02_R {
                    FrameTransformMatrix {
                       0.957453,-0.284947, 0.045705, 0.000000,
                       0.286241, 0.957839,-0.024702, 0.000000,
                      -0.036740, 0.036734, 0.998650, 0.000000,
                       0.000003,209.265198,-0.000050, 1.000000;;
                    }
                    Frame Armature_WingIndex03_R {
                      FrameTransformMatrix {
                         0.479599,-0.259205,-0.838331, 0.000000,
                         0.737510,-0.398595, 0.545162, 0.000000,
                        -0.475463,-0.879736, 0.000000, 0.000000,
                         0.000020,228.364319, 0.000033, 1.000000;;
                      }
                    } // End of Armature_WingIndex03_R
                  } // End of Armature_WingIndex02_R
                } // End of Armature_WingIndex01_R
                Frame Armature_WingMiddle01_R {
                  FrameTransformMatrix {
                     0.518919,-0.854688,-0.015224, 0.000000,
                     0.854755, 0.519020,-0.003390, 0.000000,
                     0.010799,-0.011253, 0.999878, 0.000000,
                    18.335224,37.623688,-3.888824, 1.000000;;
                  }
                  Frame Armature_WingMiddle02_R {
                    FrameTransformMatrix {
                       0.992900,-0.117831, 0.016296, 0.000000,
                       0.117912, 0.993015,-0.004139, 0.000000,
                      -0.015694, 0.006031, 0.999859, 0.000000,
                      -0.000019,205.206116, 0.000069, 1.000000;;
                    }
                    Frame Armature_WingMiddle04_R {
                      FrameTransformMatrix {
                        -0.946811, 0.303651,-0.106511, 0.000000,
                         0.304716, 0.952421, 0.006531, 0.000000,
                         0.103427,-0.026272,-0.994290, 0.000000,
                         4.796555,414.726288,-2.164391, 1.000000;;
                      }
                      Frame Armature_WingMiddle05_R {
                        FrameTransformMatrix {
                          -0.493050, 0.030231, 0.869476, 0.000000,
                          -0.867846, 0.053212,-0.493976, 0.000000,
                          -0.061200,-0.998125,-0.000000, 0.000000,
                          16.053238,498.297516,-4.424095, 1.000000;;
                        }
                      } // End of Armature_WingMiddle05_R
                    } // End of Armature_WingMiddle04_R
                  } // End of Armature_WingMiddle02_R
                } // End of Armature_WingMiddle01_R
                Frame Armature_WingPinky01_R {
                  FrameTransformMatrix {
                    -0.247278, 0.965639,-0.079969, 0.000000,
                     0.966860, 0.251316, 0.044977, 0.000000,
                     0.063529,-0.066197,-0.995782, 0.000000,
                    61.174187,16.226730,-8.790642, 1.000000;;
                  }
                  Frame Armature_WingPinky02_R {
                    FrameTransformMatrix {
                       0.977515, 0.197936,-0.072710, 0.000000,
                      -0.195879, 0.980022, 0.034484, 0.000000,
                       0.078083,-0.019466, 0.996757, 0.000000,
                       0.000006,195.337677,-0.000042, 1.000000;;
                    }
                    Frame Armature_WingPinky04_R {
                      FrameTransformMatrix {
                         0.969580, 0.244773,-0.001311, 0.000000,
                        -0.244772, 0.969580, 0.001081, 0.000000,
                         0.001535,-0.000728, 0.999998, 0.000000,
                        -9.829583,246.306519, 2.711376, 1.000000;;
                      }
                      Frame Armature_WingPinky05_R {
                        FrameTransformMatrix {
                          -0.445037, 0.367399, 0.816676, 0.000000,
                          -0.629793, 0.519924,-0.577096, 0.000000,
                          -0.636634,-0.771166,-0.000001, 0.000000,
                          21.847824,285.742279,-7.185234, 1.000000;;
                        }
                      } // End of Armature_WingPinky05_R
                    } // End of Armature_WingPinky04_R
                  } // End of Armature_WingPinky02_R
                } // End of Armature_WingPinky01_R
                Frame Armature_WingRing01_R {
                  FrameTransformMatrix {
                     0.410745,-0.909003,-0.070730, 0.000000,
                     0.910270, 0.413262,-0.024982, 0.000000,
                     0.051939,-0.054122, 0.997183, 0.000000,
                    39.981972,25.864450,-5.638626, 1.000000;;
                  }
                  Frame Armature_WingRing02_R {
                    FrameTransformMatrix {
                      -0.972431, 0.142168,-0.184844, 0.000000,
                       0.143713, 0.989606, 0.005081, 0.000000,
                       0.183645,-0.021624,-0.982755, 0.000000,
                       0.000027,199.690491,-0.000029, 1.000000;;
                    }
                    Frame Armature_WingRing04_R {
                      FrameTransformMatrix {
                         0.959316, 0.279678,-0.038642, 0.000000,
                        -0.279405, 0.960093, 0.012417, 0.000000,
                         0.040573,-0.001115, 0.999176, 0.000000,
                        -13.789009,362.525879, 6.754204, 1.000000;;
                      }
                      Frame Armature_WingRing05_R {
                        FrameTransformMatrix {
                          -0.501262, 0.161076, 0.850171, 0.000000,
                          -0.809408, 0.260096,-0.526506, 0.000000,
                          -0.305934,-0.952053,-0.000000, 0.000000,
                          23.868937,371.023834,-4.515266, 1.000000;;
                        }
                      } // End of Armature_WingRing05_R
                    } // End of Armature_WingRing04_R
                  } // End of Armature_WingRing02_R
                } // End of Armature_WingRing01_R
              } // End of Armature_Wing03_R
              Frame Armature_WingThumb01_R {
                FrameTransformMatrix {
                   0.009963, 0.000785, 0.000338, 0.000000,
                   0.000797,-0.009962,-0.000354, 0.000000,
                   0.000309, 0.000380,-0.009988, 0.000000,
                  -27.367680,-152.163437,-4.530235, 1.000000;;
                }
              } // End of Armature_WingThumb01_R
            } // End of Armature_Wing02_R
          } // End of Armature_Wing01_R
        } // End of Armature_Spine02
      } // End of Armature_Spine01
      Frame Armature_UpperLeg_L {
        FrameTransformMatrix {
           0.710234, 0.608134,-0.354600, 0.000000,
          -0.518799, 0.111687,-0.847569, 0.000000,
          -0.475831, 0.785939, 0.394823, 0.000000,
           6.620107,85.229713,-42.187740, 1.000000;;
        }
        Frame Armature_LowerLeg_L {
          FrameTransformMatrix {
            -0.148376,-0.971253, 0.186152, 0.000000,
             0.951354,-0.191582,-0.241290, 0.000000,
             0.270017, 0.141295, 0.952432, 0.000000,
             0.000008,179.437622, 0.000027, 1.000000;;
          }
          Frame Armature_Feet_L {
            FrameTransformMatrix {
               0.898874,-0.256069, 0.355604, 0.000000,
               0.271908, 0.962306, 0.005640, 0.000000,
              -0.343644, 0.091622, 0.934619, 0.000000,
               0.000000,155.874420, 0.000006, 1.000000;;
            }
            Frame Armature_IndexToe01_L {
              FrameTransformMatrix {
                 0.999886,-0.015004,-0.001566, 0.000000,
                 0.014004, 0.961815,-0.273343, 0.000000,
                 0.005607, 0.273290, 0.961915, 0.000000,
                -3.430743,25.755114,-25.501040, 1.000000;;
              }
              Frame Armature_IndexToe02_L {
                FrameTransformMatrix {
                   1.000000, 0.000000,-0.000000, 0.000000,
                  -0.000000, 0.999742, 0.022721, 0.000000,
                   0.000000,-0.022721, 0.999742, 0.000000,
                  -2.437460,28.115875,-0.142573, 1.000000;;
                }
                Frame Armature_IndexToe03_L {
                  FrameTransformMatrix {
                     1.000000,-0.000000, 0.000000, 0.000000,
                     0.000000, 0.573462, 0.819232, 0.000000,
                    -0.000000,-0.819232, 0.573462, 0.000000,
                    -0.282474,27.569695,-1.050714, 1.000000;;
                  }
                } // End of Armature_IndexToe03_L
              } // End of Armature_IndexToe02_L
            } // End of Armature_IndexToe01_L
            Frame Armature_MiddleToe01_L {
              FrameTransformMatrix {
                 0.996910, 0.072712,-0.029733, 0.000000,
                -0.068524, 0.989979, 0.123473, 0.000000,
                 0.038413,-0.121054, 0.991903, 0.000000,
                -3.218624,31.106081,-5.303330, 1.000000;;
              }
              Frame Armature_MiddleToe02_L {
                FrameTransformMatrix {
                   1.000000, 0.000000, 0.000000, 0.000000,
                  -0.000000, 0.999742, 0.022721, 0.000000,
                  -0.000000,-0.022721, 0.999742, 0.000000,
                   0.028367,36.646278, 0.243313, 1.000000;;
                }
                Frame Armature_MiddleToe03_L {
                  FrameTransformMatrix {
                     1.000000, 0.000000,-0.000000, 0.000000,
                     0.000000, 0.573462, 0.819232, 0.000000,
                     0.000000,-0.819232, 0.573462, 0.000000,
                    -0.189632,32.270267,-0.938949, 1.000000;;
                  }
                } // End of Armature_MiddleToe03_L
              } // End of Armature_MiddleToe02_L
            } // End of Armature_MiddleToe01_L
            Frame Armature_PinkyToe01_L {
              FrameTransformMatrix {
                 0.999946,-0.000272,-0.010429, 0.000000,
                 0.004597, 0.908855, 0.417088, 0.000000,
                 0.009365,-0.417113, 0.908807, 0.000000,
                -7.263597,23.997831,14.883981, 1.000000;;
              }
              Frame Armature_PinkyToe02_L {
                FrameTransformMatrix {
