xof 0303txt 0032

template XSkinMeshHeader {
  <3cf169ce-ff7c-44ab-93c0-f78f62d172e2>
  WORD nMaxSkinWeightsPerVertex;
  WORD nMaxSkinWeightsPerFace;
  WORD nBones;
}

template SkinWeights {
  <6f0d123b-bad2-4167-a0d0-80224f25fabb>
  STRING transformNodeName;
  DWORD nWeights;
  array DWORD vertexIndices[nWeights];
  array float weights[nWeights];
  Matrix4x4 matrixOffset;
}

Frame Root {
  FrameTransformMatrix {
     1.000000, 0.000000, 0.000000, 0.000000,
     0.000000,-0.000000,-1.000000, 0.000000,
     0.000000, 1.000000,-0.000000, 0.000000,
     0.000000, 0.000000, 0.000000, 1.000000;;
  }
  Frame Armature {
    FrameTransformMatrix {
       1.000000, 0.000000, 0.000000, 0.000000,
       0.000000,-0.000000, 1.000000, 0.000000,
       0.000000,-1.000000,-0.000000, 0.000000,
       0.000000, 0.000000, 0.000000, 1.000000;;
    }
    Frame Armature_Root {
      FrameTransformMatrix {
        -0.000000, 0.626430, 0.779478, 0.000000,
         1.000000,-0.000000, 0.000000, 0.000000,
         0.000000, 0.779478,-0.626430, 0.000000,
        -0.000000,135.889893,-115.898071, 1.000000;;
      }
      Frame Armature_Spine01 {
        FrameTransformMatrix {
           0.323356,-0.000001, 0.946277, 0.000000,
           0.946277, 0.000000,-0.323356, 0.000000,
          -0.000000, 1.000000, 0.000001, 0.000000,
          97.524033,-0.000000, 0.000019, 1.000000;;
        }
        Frame Armature_Spine02 {
          FrameTransformMatrix {
            -0.995142, 0.098446,-0.000002, 0.000000,
             0.098447, 0.995143,-0.000000, 0.000000,
             0.000002,-0.000000,-1.000000, 0.000000,
             0.000046,114.438362,-0.000000, 1.000000;;
          }
          Frame Armature_Chest {
            FrameTransformMatrix {
              -0.675959, 0.736939, 0.000000, 0.000000,
               0.736939, 0.675959,-0.000000, 0.000000,
              -0.000001,-0.000000,-1.000000, 0.000000,
               0.000046,127.459335, 0.000000, 1.000000;;
            }
            Frame Armature_Neck01 {
              FrameTransformMatrix {
                 0.818022,-0.575187,-0.000000, 0.000000,
                 0.575187, 0.818022,-0.000000, 0.000000,
                 0.000000, 0.000000, 1.000000, 0.000000,
                -0.000023,126.849602, 0.000002, 1.000000;;
              }
              Frame Armature_Neck02 {
                FrameTransformMatrix {
                   0.829384,-0.558679,-0.000000, 0.000000,
                   0.558679, 0.829384,-0.000000, 0.000000,
                   0.000000,-0.000000, 1.000000, 0.000000,
                   0.000015,122.347374,-0.000000, 1.000000;;
                }
                Frame Armature_Neck03 {
                  FrameTransformMatrix {
                     0.937217,-0.348747, 0.000000, 0.000000,
                     0.348747, 0.937217, 0.000000, 0.000000,
                    -0.000000, 0.000000, 1.000000, 0.000000,
                    -0.000031,112.527100,-0.000001, 1.000000;;
                  }
                  Frame Armature_Head {
                    FrameTransformMatrix {
                      -0.000000, 0.000000, 1.000000, 0.000000,
                      -0.977419, 0.211310,-0.000000, 0.000000,
                      -0.211310,-0.977419, 0.000000, 0.000000,
                      -0.000015,105.244080, 0.000000, 1.000000;;
                    }
                    Frame Armature_Eye_L {
                      FrameTransformMatrix {
                         1.000000, 0.000000, 0.000000, 0.000000,
                        -0.000000, 1.000000,-0.000000, 0.000000,
                        -0.000000, 0.000000, 1.000000, 0.000000,
                        34.315456,64.830750,-31.983662, 1.000000;;
                      }
                    } // End of Armature_Eye_L
                    Frame Armature_Eye_R {
                      FrameTransformMatrix {
                         1.000000, 0.000000, 0.000000, 0.000000,
                         0.000000,-1.000000, 0.000000, 0.000000,
                         0.000000,-0.000000,-1.000000, 0.000000,
                        -34.315399,64.831253,-31.984104, 1.000000;;
                      }
                    } // End of Armature_Eye_R
                    Frame Armature_Eye_Under_L {
                      FrameTransformMatrix {
                         1.000000,-0.000000, 0.000000, 0.000000,
                         0.000000, 1.000000,-0.000000, 0.000000,
                        -0.000000, 0.000000, 1.000000, 0.000000,
                        38.478436,70.034760,-12.224530, 1.000000;;
                      }
                    } // End of Armature_Eye_Under_L
                    Frame Armature_Eye_Under_R {
                      FrameTransformMatrix {
                         1.000000, 0.000000, 0.000000, 0.000000,
                         0.000000,-1.000000, 0.000000, 0.000000,
                         0.000000,-0.000000,-1.000000, 0.000000,
                        -38.478405,70.035225,-12.224086, 1.000000;;
                      }
                    } // End of Armature_Eye_Under_R
                    Frame Armature_Jaw01 {
                      FrameTransformMatrix {
                        -0.000001, 0.124975, 0.992160, 0.000000,
                         0.000001, 0.992160,-0.124975, 0.000000,
                        -1.000000, 0.000001,-0.000001, 0.000000,
                         0.000023,77.713982,41.943657, 1.000000;;
                      }
                      Frame Armature_Jaw02 {
                        FrameTransformMatrix {
                          -0.778932,-0.627109,-0.000000, 0.000000,
                           0.000000, 0.000000,-1.000000, 0.000000,
                           0.627109,-0.778932,-0.000000, 0.000000,
                           0.000011,131.770645, 0.000000, 1.000000;;
                        }
                      } // End of Armature_Jaw02
                    } // End of Armature_Jaw01
                    Frame Armature_Tongue01 {
                      FrameTransformMatrix {
                        -0.000003,-0.065750, 0.997836, 0.000000,
                         0.000000, 0.997836, 0.065750, 0.000000,
                        -1.000000, 0.000000,-0.000003, 0.000000,
                        -0.000002,31.774994,21.651535, 1.000000;;
                      }
                      Frame Armature_Tongue02 {
                        FrameTransformMatrix {
                           0.999323,-0.036779,-0.000000, 0.000000,
                           0.036779, 0.999323,-0.000000, 0.000000,
                           0.000000, 0.000000, 1.000000, 0.000000,
                          -0.000076,53.170013, 0.000000, 1.000000;;
                        }
                        Frame Armature_Tongue03 {
                          FrameTransformMatrix {
                             0.999072,-0.043064, 0.000000, 0.000000,
                             0.043064, 0.999072,-0.000000, 0.000000,
                            -0.000000, 0.000000, 1.000000, 0.000000,
                             0.000046,46.743317,-0.000000, 1.000000;;
                          }
                          Frame Armature_Tongue04 {
                            FrameTransformMatrix {
                              -0.962206,-0.272321,-0.000001, 0.000000,
                              -0.000000, 0.000003,-1.000000, 0.000000,
                               0.272321,-0.962206,-0.000003, 0.000000,
                              -0.000015,54.004120,-0.000000, 1.000000;;
                            }
                          } // End of Armature_Tongue04
                        } // End of Armature_Tongue03
                      } // End of Armature_Tongue02
                    } // End of Armature_Tongue01
                    Frame Armature_UpperMouth01 {
                      FrameTransformMatrix {
                        -0.000003, 0.094764,-0.995500, 0.000000,
                         0.000001, 0.995500, 0.094764, 0.000000,
                         1.000000,-0.000000,-0.000003, 0.000000,
                         0.000001,97.247780,-15.644058, 1.000000;;
                      }
                      Frame Armature_UpperMouth02 {
                        FrameTransformMatrix {
                           0.995693, 0.092716, 0.000000, 0.000000,
                          -0.000000, 0.000002, 1.000000, 0.000000,
                           0.092716,-0.995693, 0.000002, 0.000000,
                           0.000031,97.058899,-0.000000, 1.000000;;
                        }
                      } // End of Armature_UpperMouth02
                    } // End of Armature_UpperMouth01
                  } // End of Armature_Head
                } // End of Armature_Neck03
              } // End of Armature_Neck02
            } // End of Armature_Neck01
            Frame Armature_UpperArm_L {
              FrameTransformMatrix {
                 0.374840, 0.532573, 0.758855, 0.000000,
                -0.800265,-0.227373, 0.554867, 0.000000,
                 0.468050,-0.815271, 0.340971, 0.000000,
                -32.905910,-19.313269,82.735840, 1.000000;;
              }
              Frame Armature_LowerArm_L {
                FrameTransformMatrix {
                   0.988032, 0.154001, 0.008772, 0.000000,
                  -0.022527, 0.200321,-0.979471, 0.000000,
                  -0.152596, 0.967551, 0.201393, 0.000000,
                  -0.000034,176.291183, 0.000000, 1.000000;;
                }
                Frame Armature_Hand_L {
                  FrameTransformMatrix {
                     0.518370, 0.025004,-0.854791, 0.000000,
                     0.466429, 0.829530, 0.307121, 0.000000,
                     0.716754,-0.557901, 0.418341, 0.000000,
                    -0.000013,171.877716,-0.000003, 1.000000;;
                  }
                  Frame Armature_Index01_L {
                    FrameTransformMatrix {
                       0.915060, 0.379368,-0.136913, 0.000000,
                      -0.403158, 0.869911,-0.284110, 0.000000,
                       0.011320, 0.315175, 0.948966, 0.000000,
                      -5.378016,55.339260,-24.943514, 1.000000;;
                    }
                    Frame Armature_Index02_L {
                      FrameTransformMatrix {
                         0.880996, 0.473123,-0.000172, 0.000000,
                        -0.472540, 0.879927, 0.049342, 0.000000,
                         0.023496,-0.043389, 0.998782, 0.000000,
                        -2.207150,39.770714,-0.317735, 1.000000;;
                      }
                      Frame Armature_Index03_L {
                        FrameTransformMatrix {
                           1.000000,-0.000000,-0.000001, 0.000000,
                           0.000001, 0.573462, 0.819232, 0.000000,
                           0.000000,-0.819232, 0.573462, 0.000000,
                          -0.282524,27.569698,-1.050696, 1.000000;;
                        }
                      } // End of Armature_Index03_L
                    } // End of Armature_Index02_L
                  } // End of Armature_Index01_L
                  Frame Armature_Middle01_L {
                    FrameTransformMatrix {
                       0.870520, 0.491829, 0.017261, 0.000000,
                      -0.490749, 0.870167,-0.044440, 0.000000,
                      -0.036877, 0.030215, 0.998863, 0.000000,
                      -5.274477,61.946583, 2.297035, 1.000000;;
                    }
                    Frame Armature_Middle02_L {
                      FrameTransformMatrix {
                         0.886966, 0.454212,-0.083567, 0.000000,
                        -0.443454, 0.888147, 0.120595, 0.000000,
                         0.128995,-0.069906, 0.989178, 0.000000,
                         0.726874,43.116974, 0.768614, 1.000000;;
                      }
                      Frame Armature_Middle3_L {
                        FrameTransformMatrix {
                           1.000000, 0.000002, 0.000001, 0.000000,
                          -0.000002, 0.573463, 0.819232, 0.000000,
                           0.000002,-0.819232, 0.573463, 0.000000,
                          -0.189625,32.270264,-0.938947, 1.000000;;
                        }
                      } // End of Armature_Middle3_L
                    } // End of Armature_Middle02_L
                  } // End of Armature_Middle01_L
                  Frame Armature_Pinky01_L {
                    FrameTransformMatrix {
                       0.893779, 0.437547, 0.098544, 0.000000,
                      -0.448487, 0.869843, 0.205507, 0.000000,
                       0.004201,-0.227874, 0.973682, 0.000000,
                      -9.550644,54.729023,28.829327, 1.000000;;
                    }
                    Frame Armature_Pinky02_L {
                      FrameTransformMatrix {
                         0.887832, 0.460050, 0.010457, 0.000000,
                        -0.460169, 0.887603, 0.020173, 0.000000,
                        -0.000001,-0.022722, 0.999742, 0.000000,
                         0.112930,39.613949, 0.562969, 1.000000;;
                      }
                      Frame Armature_Pinky03_L {
                        FrameTransformMatrix {
                           1.000000, 0.000001, 0.000000, 0.000000,
                          -0.000001, 0.573463, 0.819231, 0.000000,
                           0.000001,-0.819231, 0.573463, 0.000000,
                          -0.189629,32.270283,-0.938963, 1.000000;;
                        }
                      } // End of Armature_Pinky03_L
                    } // End of Armature_Pinky02_L
                  } // End of Armature_Pinky01_L
                  Frame Armature_Thumb01_L {
                    FrameTransformMatrix {
                       0.854712,-0.516200, 0.054810, 0.000000,
                      -0.519055,-0.851270, 0.076944, 0.000000,
                       0.006947,-0.094215,-0.995511, 0.000000,
                      -12.599392,-25.391628, 3.054212, 1.000000;;
                    }
                    Frame Armature_Thumb02_L {
                      FrameTransformMatrix {
                         1.000000, 0.000001,-0.000000, 0.000000,
                        -0.000001, 0.999742, 0.022722, 0.000000,
                         0.000000,-0.022722, 0.999742, 0.000000,
                        -1.729856,36.609936, 0.235098, 1.000000;;
                      }
                    } // End of Armature_Thumb02_L
                  } // End of Armature_Thumb01_L
                } // End of Armature_Hand_L
              } // End of Armature_LowerArm_L
            } // End of Armature_UpperArm_L
            Frame Armature_UpperArm_R {
              FrameTransformMatrix {
                 0.352922, 0.320683,-0.878981, 0.000000,
                -0.882544,-0.197904,-0.426555, 0.000000,
                -0.310743, 0.926281, 0.213173, 0.000000,
                -32.906036,-19.313234,-82.735794, 1.000000;;
              }
              Frame Armature_RowerArm_R {
                FrameTransformMatrix {
                   0.987936, 0.154685,-0.007437, 0.000000,
                  -0.022464, 0.190658, 0.981400, 0.000000,
                   0.153226,-0.969393, 0.191833, 0.000000,
                  -0.000008,176.291336, 0.000000, 1.000000;;
                }
                Frame Armature_Hand_R {
                  FrameTransformMatrix {
                     0.411299, 0.227733, 0.882593, 0.000000,
                     0.348091, 0.855655,-0.382997, 0.000000,
                    -0.842416, 0.464749, 0.272658, 0.000000,
                    -0.000005,171.877274, 0.000009, 1.000000;;
                  }
                  Frame Armature_Index01_R {
                    FrameTransformMatrix {
                       0.856869, 0.474363, 0.201878, 0.000000,
                      -0.512702, 0.825091, 0.237405, 0.000000,
                      -0.053952,-0.306928, 0.950202, 0.000000,
                      -4.365373,56.017742,23.587971, 1.000000;;
                    }
                    Frame Armature_Index02_R {
                      FrameTransformMatrix {
                         0.904689, 0.425719,-0.017340, 0.000000,
                        -0.426053, 0.903515,-0.046260, 0.000000,
                        -0.004027, 0.049239, 0.998779, 0.000000,
                         0.922251,39.822788,-0.089605, 1.000000;;
                      }
                      Frame Armature_Index03_R {
                        FrameTransformMatrix {
                          -0.998719, 0.050613, 0.000000, 0.000000,
                          -0.029024,-0.572728, 0.819232, 0.000000,
                           0.041464, 0.818182, 0.573463, 0.000000,
                           1.113324,27.548418, 1.050547, 1.000000;;
                        }
                      } // End of Armature_Index03_R
                    } // End of Armature_Index02_R
                  } // End of Armature_Index01_R
                  Frame Armature_Middle01_R {
                    FrameTransformMatrix {
                       0.881347, 0.464379, 0.087058, 0.000000,
                      -0.466024, 0.884771,-0.001616, 0.000000,
                      -0.077776,-0.039147, 0.996202, 0.000000,
                      -2.675697,62.042614,-3.734667, 1.000000;;
                    }
                    Frame Armature_Middle02_R {
                      FrameTransformMatrix {
                         0.888218, 0.452265,-0.080781, 0.000000,
                        -0.452150, 0.891700, 0.020761, 0.000000,
                         0.081421, 0.018085, 0.996516, 0.000000,
                        -0.485403,43.120712,-0.768913, 1.000000;;
                      }
                      Frame Armature_Middle3_R {
                        FrameTransformMatrix {
                          -0.996632,-0.004224,-0.081898, 0.000000,
                          -0.065007,-0.568093, 0.820393, 0.000000,
                          -0.049991, 0.822954, 0.565905, 0.000000,
                          -0.384411,32.274963, 0.699837, 1.000000;;
                        }
                      } // End of Armature_Middle3_R
                    } // End of Armature_Middle02_R
                  } // End of Armature_Middle01_R
                  Frame Armature_Pinky01_R {
                    FrameTransformMatrix {
                       0.906501, 0.416214,-0.070870, 0.000000,
                      -0.418503, 0.863625,-0.281081, 0.000000,
                      -0.055785, 0.284459, 0.957064, 0.000000,
                      -5.944192,54.442390,-30.303268, 1.000000;;
                    }
                    Frame Armature_Pinky02_R {
                      FrameTransformMatrix {
                         0.885132, 0.465089, 0.015284, 0.000000,
                        -0.465340, 0.884654, 0.029072, 0.000000,
                        -0.000000,-0.032845, 0.999460, 0.000000,
                        -1.078021,39.593842, 0.897167, 1.000000;;
                      }
                      Frame Armature_Pinky03_R {
                        FrameTransformMatrix {
                           1.000000, 0.000000, 0.000001, 0.000000,
                          -0.000001,-0.523352, 0.852117, 0.000000,
                           0.000001,-0.852117,-0.523352, 0.000000,
                          -1.148792,32.262363, 0.339645, 1.000000;;
                        }
                      } // End of Armature_Pinky03_R
                    } // End of Armature_Pinky02_R
                  } // End of Armature_Pinky01_R
                  Frame Armature_Thumb01_R {
                    FrameTransformMatrix {
                       0.785931,-0.618244,-0.009997, 0.000000,
                      -0.616676,-0.782543,-0.085676, 0.000000,
                       0.045154, 0.073498,-0.996275, 0.000000,
                      -13.441515,-24.940048,-3.187913, 1.000000;;
                    }
                    Frame Armature_Thumb02_R {
                      FrameTransformMatrix {
                        -0.996212, 0.086926, 0.000002, 0.000000,
                        -0.086904,-0.995957, 0.022722, 0.000000,
                         0.001975, 0.022636, 0.999742, 0.000000,
                         1.459074,36.621082,-0.234877, 1.000000;;
                      }
                    } // End of Armature_Thumb02_R
                  } // End of Armature_Thumb01_R
                } // End of Armature_Hand_R
              } // End of Armature_RowerArm_R
            } // End of Armature_UpperArm_R
          } // End of Armature_Chest
          Frame Armature_Wing01_L {
            FrameTransformMatrix {
               0.118596, 0.956824,-0.265375, 0.000000,
              -0.557055,-0.157127,-0.815476, 0.000000,
              -0.821964, 0.244540, 0.514369, 0.000000,
              -56.105732,20.234116,-89.395500, 1.000000;;
            }
            Frame Armature_Wing02_L {
              FrameTransformMatrix {
                 0.309014,-0.950938, 0.015061, 0.000000,
                 0.950931, 0.308676,-0.021196, 0.000000,
                 0.015507, 0.020872, 0.999662, 0.000000,
                -0.000015,299.243988, 0.000008, 1.000000;;
              }
              Frame Armature_Wing03_L {
                FrameTransformMatrix {
                   0.785645, 0.616559,-0.051158, 0.000000,
                  -0.618066, 0.785857,-0.020582, 0.000000,
                   0.027513, 0.047789, 0.998478, 0.000000,
                  -0.000015,468.655090,-0.000015, 1.000000;;
                }
                Frame Armature_WingIndex01_L {
                  FrameTransformMatrix {
                     0.897438,-0.441140, 0.001139, 0.000000,
                     0.441134, 0.897434, 0.003583, 0.000000,
                    -0.002603,-0.002713, 0.999993, 0.000000,
                     0.000059,40.398289, 0.000078, 1.000000;;
                  }
                  Frame Armature_WingIndex02_L {
                    FrameTransformMatrix {
                       0.957455, 0.284942,-0.045699, 0.000000,
                      -0.286235, 0.957841,-0.024698, 0.000000,
                       0.036734, 0.036728, 0.998650, 0.000000,
                       0.000031,209.264526,-0.000004, 1.000000;;
                    }
                    Frame Armature_WingIndex03_L {
                      FrameTransformMatrix {
                         0.479600, 0.259207, 0.838329, 0.000000,
                         0.737507, 0.398597,-0.545164, 0.000000,
                        -0.475466, 0.879734, 0.000000, 0.000000,
                        -0.000004,228.365021, 0.000031, 1.000000;;
                      }
                    } // End of Armature_WingIndex03_L
                  } // End of Armature_WingIndex02_L
                } // End of Armature_WingIndex01_L
                Frame Armature_WingMiddle01_L {
                  FrameTransformMatrix {
                     0.999165, 0.039273, 0.011227, 0.000000,
                    -0.039395, 0.999165, 0.010814, 0.000000,
                    -0.010793,-0.011247, 0.999879, 0.000000,
                    -18.335512,37.623627,-3.889006, 1.000000;;
                  }
                  Frame Armature_WingMiddle02_L {
                    FrameTransformMatrix {
                       0.992900, 0.117832,-0.016289, 0.000000,
                      -0.117914, 0.993015,-0.004137, 0.000000,
                       0.015688, 0.006029, 0.999859, 0.000000,
                      -0.000018,205.206192,-0.000017, 1.000000;;
                    }
                    Frame Armature_WingMiddle04_L {
                      FrameTransformMatrix {
                        -0.946809,-0.303649, 0.106535, 0.000000,
                        -0.304714, 0.952421, 0.006532, 0.000000,
                        -0.103450,-0.026278,-0.994287, 0.000000,
                        -7.270264,370.676178,-3.474386, 1.000000;;
                      }
                      Frame Armature_WingMiddle05_L {
                        FrameTransformMatrix {
                          -0.493034,-0.030230,-0.869485, 0.000000,
                          -0.867855,-0.053212, 0.493960, 0.000000,
                          -0.061199, 0.998126, 0.000000, 0.000000,
                          -31.631180,539.506958,-7.139688, 1.000000;;
                        }
                      } // End of Armature_WingMiddle05_L
                    } // End of Armature_WingMiddle04_L
                  } // End of Armature_WingMiddle02_L
                } // End of Armature_WingMiddle01_L
                Frame Armature_WingPinky01_L {
                  FrameTransformMatrix {
                    -0.698424,-0.709779, 0.091751, 0.000000,
                    -0.712859, 0.701307,-0.001144, 0.000000,
                    -0.063534,-0.066204,-0.995781, 0.000000,
                    -61.174313,16.226505,-8.790291, 1.000000;;
                  }
                  Frame Armature_WingPinky02_L {
                    FrameTransformMatrix {
                       0.977515,-0.197933, 0.072713, 0.000000,
                       0.195876, 0.980022, 0.034484, 0.000000,
                      -0.078086,-0.019466, 0.996756, 0.000000,
                       0.000008,195.337463,-0.000024, 1.000000;;
                    }
                    Frame Armature_WingPinky04_L {
                      FrameTransformMatrix {
                         0.969579,-0.244774, 0.001312, 0.000000,
                         0.244773, 0.969580, 0.001083, 0.000000,
                        -0.001537,-0.000729, 0.999999, 0.000000,
                         0.229265,253.069794, 3.635027, 1.000000;;
                      }
                      Frame Armature_WingPinky05_L {
                        FrameTransformMatrix {
                          -0.445037,-0.367401,-0.816675, 0.000000,
                          -0.629791,-0.519924, 0.577098, 0.000000,
                          -0.636636, 0.771165,-0.000000, 0.000000,
                          -10.885788,281.533752,-8.118958, 1.000000;;
                        }
                      } // End of Armature_WingPinky05_L
                    } // End of Armature_WingPinky04_L
                  } // End of Armature_WingPinky02_L
                } // End of Armature_WingPinky01_L
                Frame Armature_WingRing01_L {
                  FrameTransformMatrix {
                     0.904509, 0.420682, 0.069933, 0.000000,
                    -0.423281, 0.905593, 0.027101, 0.000000,
                    -0.051930,-0.054114, 0.997183, 0.000000,
                    -39.982109,25.864651,-5.638313, 1.000000;;
                  }
                  Frame Armature_WingRing02_L {
                    FrameTransformMatrix {
                      -0.972438,-0.142164, 0.184806, 0.000000,
                      -0.143709, 0.989607, 0.005080, 0.000000,
                      -0.183607,-0.021618,-0.982762, 0.000000,
                       0.000038,199.690094, 0.000008, 1.000000;;
                    }
                    Frame Armature_WingRing04_L {
                      FrameTransformMatrix {
                         0.959317,-0.279679, 0.038613, 0.000000,
                         0.279406, 0.960093, 0.012408, 0.000000,
                        -0.040543,-0.001115, 0.999177, 0.000000,
                        14.586136,326.020721, 6.447886, 1.000000;;
                      }
                      Frame Armature_WingRing05_L {
                        FrameTransformMatrix {
                          -0.501265,-0.161077,-0.850169, 0.000000,
                          -0.809406,-0.260096, 0.526509, 0.000000,
                          -0.305934, 0.952053,-0.000000, 0.000000,
                          -34.832016,405.853394,-4.218812, 1.000000;;
                        }
                      } // End of Armature_WingRing05_L
                    } // End of Armature_WingRing04_L
                  } // End of Armature_WingRing02_L
                } // End of Armature_WingRing01_L
              } // End of Armature_Wing03_L
              Frame Armature_WingThumb01_L {
                FrameTransformMatrix {
                   0.009963,-0.000785,-0.000338, 0.000000,
                  -0.000797,-0.009962,-0.000354, 0.000000,
                  -0.000309, 0.000380,-0.009988, 0.000000,
                  -95.059128,-148.097900,-4.080162, 1.000000;;
                }
              } // End of Armature_WingThumb01_L
            } // End of Armature_Wing02_L
          } // End of Armature_Wing01_L
          Frame Armature_Wing01_R {
            FrameTransformMatrix {
              -0.065339,-0.969658,-0.235570, 0.000000,
              -0.504446,-0.171591, 0.846222, 0.000000,
              -0.860968, 0.174124,-0.477929, 0.000000,
              -56.105927,20.234161,89.395638, 1.000000;;
            }
            Frame Armature_Wing02_R {
              FrameTransformMatrix {
                 0.309013, 0.950939,-0.015059, 0.000000,
                -0.950932, 0.308675,-0.021182, 0.000000,
                -0.015495, 0.020865, 0.999662, 0.000000,
                -0.000015,299.244141,-0.000048, 1.000000;;
              }
              Frame Armature_Wing03_R {
                FrameTransformMatrix {
                   0.813298,-0.579860, 0.048035, 0.000000,
                   0.579805, 0.814588, 0.016493, 0.000000,
                  -0.048693, 0.014437, 0.998709, 0.000000,
                   0.000061,468.654907,-0.000008, 1.000000;;
                }
                Frame Armature_WingIndex01_R {
                  FrameTransformMatrix {
                     0.897428, 0.441160,-0.001143, 0.000000,
                    -0.441154, 0.897424, 0.003592, 0.000000,
                     0.002611,-0.002719, 0.999993, 0.000000,
                    -0.000010,40.397949,-0.000107, 1.000000;;
                  }
                  Frame Armature_WingIndex02_R {
                    FrameTransformMatrix {
                       0.957453,-0.284947, 0.045705, 0.000000,
                       0.286241, 0.957839,-0.024701, 0.000000,
                      -0.036740, 0.036733, 0.998650, 0.000000,
                      -0.000046,209.265167, 0.000053, 1.000000;;
                    }
                    Frame Armature_WingIndex03_R {
                      FrameTransformMatrix {
                         0.479597,-0.259205,-0.838331, 0.000000,
                         0.737510,-0.398595, 0.545161, 0.000000,
                        -0.475463,-0.879735, 0.000001, 0.000000,
                         0.000011,228.364334, 0.000053, 1.000000;;
                      }
                    } // End of Armature_WingIndex03_R
                  } // End of Armature_WingIndex02_R
                } // End of Armature_WingIndex01_R
                Frame Armature_WingMiddle01_R {
                  FrameTransformMatrix {
                     0.999146,-0.039765,-0.011238, 0.000000,
                     0.039886, 0.999146, 0.010812, 0.000000,
                     0.010799,-0.011251, 0.999878, 0.000000,
                    18.335253,37.623627,-3.888939, 1.000000;;
                  }
                  Frame Armature_WingMiddle02_R {
                    FrameTransformMatrix {
                       0.992900,-0.117831, 0.016295, 0.000000,
                       0.117912, 0.993016,-0.004139, 0.000000,
                      -0.015694, 0.006031, 0.999859, 0.000000,
                       0.000031,205.206238,-0.000053, 1.000000;;
                    }
                    Frame Armature_WingMiddle04_R {
                      FrameTransformMatrix {
                        -0.946811, 0.303651,-0.106511, 0.000000,
                         0.304716, 0.952421, 0.006531, 0.000000,
                         0.103427,-0.026272,-0.994290, 0.000000,
                         4.796455,414.726349,-2.164436, 1.000000;;
                      }
                      Frame Armature_WingMiddle05_R {
                        FrameTransformMatrix {
                          -0.493050, 0.030231, 0.869475, 0.000000,
                          -0.867846, 0.053211,-0.493976, 0.000000,
                          -0.061200,-0.998126,-0.000000, 0.000000,
                          16.053223,498.297485,-4.423878, 1.000000;;
                        }
                      } // End of Armature_WingMiddle05_R
                    } // End of Armature_WingMiddle04_R
                  } // End of Armature_WingMiddle02_R
                } // End of Armature_WingMiddle01_R
                Frame Armature_WingPinky01_R {
                  FrameTransformMatrix {
                    -0.698516, 0.709689,-0.091743, 0.000000,
                     0.712768, 0.701398,-0.001156, 0.000000,
                     0.063528,-0.066199,-0.995782, 0.000000,
                    61.174240,16.226688,-8.790756, 1.000000;;
                  }
                  Frame Armature_WingPinky02_R {
                    FrameTransformMatrix {
                       0.977515, 0.197936,-0.072710, 0.000000,
                      -0.195878, 0.980022, 0.034484, 0.000000,
                       0.078083,-0.019466, 0.996757, 0.000000,
                      -0.000015,195.337677,-0.000085, 1.000000;;
                    }
                    Frame Armature_WingPinky04_R {
                      FrameTransformMatrix {
                         0.969580, 0.244773,-0.001310, 0.000000,
                        -0.244772, 0.969580, 0.001081, 0.000000,
                         0.001535,-0.000728, 0.999998, 0.000000,
                        -9.829550,246.306458, 2.711352, 1.000000;;
                      }
                      Frame Armature_WingPinky05_R {
                        FrameTransformMatrix {
                          -0.445037, 0.367399, 0.816676, 0.000000,
                          -0.629793, 0.519924,-0.577096, 0.000000,
                          -0.636634,-0.771166,-0.000000, 0.000000,
                          21.847977,285.742157,-7.185345, 1.000000;;
                        }
                      } // End of Armature_WingPinky05_R
                    } // End of Armature_WingPinky04_R
                  } // End of Armature_WingPinky02_R
                } // End of Armature_WingPinky01_R
                Frame Armature_WingRing01_R {
                  FrameTransformMatrix {
                     0.903521,-0.422786,-0.070006, 0.000000,
                     0.425383, 0.904612, 0.026940, 0.000000,
                     0.051939,-0.054120, 0.997183, 0.000000,
                    39.981998,25.864487,-5.638622, 1.000000;;
                  }
                  Frame Armature_WingRing02_R {
                    FrameTransformMatrix {
                      -0.972431, 0.142168,-0.184844, 0.000000,
                       0.143713, 0.989606, 0.005081, 0.000000,
                       0.183645,-0.021624,-0.982755, 0.000000,
                      -0.000072,199.690430,-0.000084, 1.000000;;
                    }
                    Frame Armature_WingRing04_R {
                      FrameTransformMatrix {
                         0.959315, 0.279679,-0.038642, 0.000000,
                        -0.279405, 0.960093, 0.012417, 0.000000,
                         0.040573,-0.001115, 0.999176, 0.000000,
                        -13.789047,362.525696, 6.754207, 1.000000;;
                      }
                      Frame Armature_WingRing05_R {
                        FrameTransformMatrix {
                          -0.501262, 0.161076, 0.850171, 0.000000,
                          -0.809408, 0.260096,-0.526506, 0.000000,
                          -0.305933,-0.952053,-0.000000, 0.000000,
                          23.869049,371.023682,-4.515340, 1.000000;;
                        }
                      } // End of Armature_WingRing05_R
                    } // End of Armature_WingRing04_R
                  } // End of Armature_WingRing02_R
                } // End of Armature_WingRing01_R
              } // End of Armature_Wing03_R
              Frame Armature_WingThumb01_R {
                FrameTransformMatrix {
                   0.009964, 0.000785, 0.000338, 0.000000,
                   0.000797,-0.009962,-0.000354, 0.000000,
                   0.000309, 0.000380,-0.009988, 0.000000,
                  92.549797,-148.258453,-3.857513, 1.000000;;
                }
              } // End of Armature_WingThumb01_R
            } // End of Armature_Wing02_R
          } // End of Armature_Wing01_R
        } // End of Armature_Spine02
      } // End of Armature_Spine01
      Frame Armature_UpperLeg_L {
        FrameTransformMatrix {
           0.622311,-0.045470,-0.781448, 0.000000,
          -0.716836, 0.367925,-0.592265, 0.000000,
           0.314445, 0.928743, 0.196369, 0.000000,
           6.620111,85.229698,-42.187706, 1.000000;;
        }
        Frame Armature_LowerLeg_L {
          FrameTransformMatrix {
             0.435230,-0.897341, 0.073165, 0.000000,
             0.884834, 0.411322,-0.218818, 0.000000,
             0.166260, 0.159976, 0.973019, 0.000000,
            -0.000007,179.437546,-0.000010, 1.000000;;
          }
          Frame Armature_Feet_L {
            FrameTransformMatrix {
               0.852796, 0.424198, 0.304622, 0.000000,
              -0.492705, 0.846902, 0.199997, 0.000000,
              -0.173147,-0.320645, 0.931239, 0.000000,
              -0.000031,155.874420, 0.000006, 1.000000;;
            }
            Frame Armature_IndexToe01_L {
              FrameTransformMatrix {
                 0.877419, 0.460093,-0.135832, 0.000000,
                -0.479692, 0.844765,-0.237210, 0.000000,
                 0.005607, 0.273290, 0.961916, 0.000000,
                -3.430797,25.755116,-25.501060, 1.000000;;
              }
              Frame Armature_IndexToe02_L {
                FrameTransformMatrix {
                   0.858028, 0.513470, 0.011670, 0.000000,
                  -0.513603, 0.857807, 0.019495, 0.000000,
                  -0.000000,-0.022721, 0.999742, 0.000000,
                  -2.437462,28.115856,-0.142573, 1.000000;;
                }
                Frame Armature_IndexToe03_L {
                  FrameTransformMatrix {
                     1.000000,-0.000000, 0.000000, 0.000000,
                     0.000000, 0.573462, 0.819232, 0.000000,
                    -0.000001,-0.819232, 0.573462, 0.000000,
                    -0.282446,27.569677,-1.050716, 1.000000;;
                  }
                } // End of Armature_IndexToe03_L
              } // End of Armature_IndexToe02_L
            } // End of Armature_IndexToe01_L
            Frame Armature_MiddleToe01_L {
              FrameTransformMatrix {
                 0.851030, 0.524200, 0.031017, 0.000000,
                -0.523710, 0.842947, 0.123156, 0.000000,
                 0.038413,-0.121054, 0.991903, 0.000000,
                -3.218686,31.106075,-5.303330, 1.000000;;
              }
              Frame Armature_MiddleToe02_L {
                FrameTransformMatrix {
                   0.809187, 0.587399, 0.013350, 0.000000,
                  -0.587551, 0.808978, 0.018386, 0.000000,
                  -0.000000,-0.022721, 0.999742, 0.000000,
                   0.028394,36.646267, 0.243321, 1.000000;;
                }
                Frame Armature_MiddleToe03_L {
                  FrameTransformMatrix {
                     1.000000,-0.000001,-0.000001, 0.000000,
                     0.000002, 0.573462, 0.819232, 0.000000,
                    -0.000001,-0.819232, 0.573462, 0.000000,
                    -0.189609,32.270294,-0.938962, 1.000000;;
                  }
                } // End of Armature_MiddleToe03_L
              } // End of Armature_MiddleToe02_L
            } // End of Armature_MiddleToe01_L
            Frame Armature_PinkyToe01_L {
              FrameTransformMatrix {
                 0.867209, 0.455882, 0.200298, 0.000000,
                -0.497856, 0.786249, 0.365994, 0.000000,
                 0.009366,-0.417113, 0.908807, 0.000000,
                -7.263661,23.997854,14.883985, 1.000000;;
              }
              Frame Armature_PinkyToe02_L {
                FrameTransformMatrix {
