xof 0303txt 0032

template XSkinMeshHeader {
  <3cf169ce-ff7c-44ab-93c0-f78f62d172e2>
  WORD nMaxSkinWeightsPerVertex;
  WORD nMaxSkinWeightsPerFace;
  WORD nBones;
}

template SkinWeights {
  <6f0d123b-bad2-4167-a0d0-80224f25fabb>
  STRING transformNodeName;
  DWORD nWeights;
  array DWORD vertexIndices[nWeights];
  array float weights[nWeights];
  Matrix4x4 matrixOffset;
}

Frame Root {
  FrameTransformMatrix {
     1.000000, 0.000000, 0.000000, 0.000000,
     0.000000,-0.000000,-1.000000, 0.000000,
     0.000000, 1.000000,-0.000000, 0.000000,
     0.000000, 0.000000, 0.000000, 1.000000;;
  }
  Frame Armature {
    FrameTransformMatrix {
       1.000000, 0.000000, 0.000000, 0.000000,
       0.000000,-0.000000, 1.000000, 0.000000,
       0.000000,-1.000000,-0.000000, 0.000000,
       0.000000, 0.000000, 0.000000, 1.000000;;
    }
    Frame Armature_Root {
      FrameTransformMatrix {
        -0.181089,-0.414060, 0.892054, 0.000000,
         0.980011,-0.000000, 0.198944, 0.000000,
        -0.082375, 0.910250, 0.405783, 0.000000,
        -0.000000,311.541840,-86.504265, 1.000000;;
      }
      Frame Armature_Spine01 {
        FrameTransformMatrix {
          -0.249225,-0.001453, 0.968445, 0.000000,
           0.967614, 0.041053, 0.249073, 0.000000,
          -0.040120, 0.999156,-0.008826, 0.000000,
          97.524040, 0.000000,-0.000043, 1.000000;;
        }
        Frame Armature_Spine02 {
          FrameTransformMatrix {
            -0.991188, 0.132403,-0.004062, 0.000000,
             0.132048, 0.990034, 0.048952, 0.000000,
             0.010503, 0.047984,-0.998793, 0.000000,
             0.000031,114.438347,-0.000000, 1.000000;;
          }
          Frame Armature_Chest {
            FrameTransformMatrix {
              -0.863274, 0.494146,-0.102847, 0.000000,
               0.504532, 0.839049,-0.203579, 0.000000,
              -0.014304,-0.227635,-0.973642, 0.000000,
               0.000048,127.459366, 0.000005, 1.000000;;
            }
            Frame Armature_Neck01 {
              FrameTransformMatrix {
                 0.895138,-0.445788,-0.000000, 0.000000,
                 0.445788, 0.895139,-0.000000, 0.000000,
                 0.000000, 0.000000, 1.000000, 0.000000,
                 0.000060,126.849586,-0.000007, 1.000000;;
              }
              Frame Armature_Neck02 {
                FrameTransformMatrix {
                   0.910699,-0.413070,-0.000000, 0.000000,
                   0.413070, 0.910699,-0.000000, 0.000000,
                   0.000000,-0.000000, 1.000000, 0.000000,
                  -0.000006,122.347336,-0.000001, 1.000000;;
                }
                Frame Armature_Neck03 {
                  FrameTransformMatrix {
                     0.967895,-0.251356, 0.000000, 0.000000,
                     0.251356, 0.967895, 0.000000, 0.000000,
                    -0.000000, 0.000000, 1.000000, 0.000000,
                     0.000027,112.527138,-0.000004, 1.000000;;
                  }
                  Frame Armature_Head {
                    FrameTransformMatrix {
                      -0.050996, 0.043297, 0.997760, 0.000000,
                      -0.694831, 0.716084,-0.066587, 0.000000,
                      -0.717363,-0.696670,-0.006433, 0.000000,
                       0.000008,105.244041, 0.000004, 1.000000;;
                    }
                    Frame Armature_Eye_L {
                      FrameTransformMatrix {
                         1.000000,-0.000000, 0.000000, 0.000000,
                         0.000000, 1.000000, 0.000000, 0.000000,
                        -0.000000,-0.000000, 1.000000, 0.000000,
                        34.315453,64.830818,-31.983608, 1.000000;;
                      }
                    } // End of Armature_Eye_L
                    Frame Armature_Eye_R {
                      FrameTransformMatrix {
                         1.000000, 0.000000, 0.000000, 0.000000,
                        -0.000000,-1.000000,-0.000000, 0.000000,
                         0.000000, 0.000000,-1.000000, 0.000000,
                        -34.315407,64.831291,-31.984030, 1.000000;;
                      }
                    } // End of Armature_Eye_R
                    Frame Armature_Eye_Under_L {
                      FrameTransformMatrix {
                         1.000000,-0.000000, 0.000000, 0.000000,
                         0.000000, 1.000000, 0.000000, 0.000000,
                        -0.000000,-0.000000, 1.000000, 0.000000,
                        38.478436,70.034859,-12.224484, 1.000000;;
                      }
                    } // End of Armature_Eye_Under_L
                    Frame Armature_Eye_Under_R {
                      FrameTransformMatrix {
                         1.000000, 0.000000, 0.000000, 0.000000,
                        -0.000000,-1.000000,-0.000000, 0.000000,
                         0.000000, 0.000000,-1.000000, 0.000000,
                        -38.478405,70.035255,-12.224051, 1.000000;;
                      }
                    } // End of Armature_Eye_Under_R
                    Frame Armature_Jaw01 {
                      FrameTransformMatrix {
                        -0.000000, 0.124975, 0.992160, 0.000000,
                         0.000000, 0.992160,-0.124975, 0.000000,
                        -1.000000, 0.000000,-0.000000, 0.000000,
                         0.000002,77.713936,41.943695, 1.000000;;
                      }
                      Frame Armature_Jaw02 {
                        FrameTransformMatrix {
                          -0.778932,-0.627109,-0.000001, 0.000000,
                           0.000001, 0.000000,-1.000000, 0.000000,
                           0.627109,-0.778932, 0.000000, 0.000000,
                           0.000014,131.770676, 0.000000, 1.000000;;
                        }
                      } // End of Armature_Jaw02
                    } // End of Armature_Jaw01
                    Frame Armature_Tongue01 {
                      FrameTransformMatrix {
                        -0.000003,-0.065750, 0.997836, 0.000000,
                         0.000000, 0.997836, 0.065750, 0.000000,
                        -1.000000, 0.000000,-0.000003, 0.000000,
                        -0.000001,31.774965,21.651581, 1.000000;;
                      }
                      Frame Armature_Tongue02 {
                        FrameTransformMatrix {
                           0.999323,-0.036778,-0.000000, 0.000000,
                           0.036778, 0.999323,-0.000000, 0.000000,
                           0.000000, 0.000000, 1.000000, 0.000000,
                           0.000010,53.170059, 0.000005, 1.000000;;
                        }
                        Frame Armature_Tongue03 {
                          FrameTransformMatrix {
                             0.999072,-0.043065, 0.000000, 0.000000,
                             0.043065, 0.999072,-0.000000, 0.000000,
                            -0.000000, 0.000000, 1.000000, 0.000000,
                            -0.000004,46.743275,-0.000010, 1.000000;;
                          }
                          Frame Armature_Tongue04 {
                            FrameTransformMatrix {
                              -0.962206,-0.272321,-0.000001, 0.000000,
                              -0.000000, 0.000003,-1.000000, 0.000000,
                               0.272321,-0.962206,-0.000003, 0.000000,
                              -0.000004,54.004051,-0.000001, 1.000000;;
                            }
                          } // End of Armature_Tongue04
                        } // End of Armature_Tongue03
                      } // End of Armature_Tongue02
                    } // End of Armature_Tongue01
                    Frame Armature_UpperMouth01 {
                      FrameTransformMatrix {
                        -0.000003, 0.094765,-0.995500, 0.000000,
                         0.000001, 0.995500, 0.094765, 0.000000,
                         1.000000,-0.000000,-0.000003, 0.000000,
                        -0.000003,97.247856,-15.644060, 1.000000;;
                      }
                      Frame Armature_UpperMouth02 {
                        FrameTransformMatrix {
                           0.995693, 0.092716, 0.000000, 0.000000,
                          -0.000000, 0.000002, 1.000000, 0.000000,
                           0.092716,-0.995693, 0.000002, 0.000000,
                          -0.000005,97.058884, 0.000000, 1.000000;;
                        }
                      } // End of Armature_UpperMouth02
                    } // End of Armature_UpperMouth01
                  } // End of Armature_Head
                } // End of Armature_Neck03
              } // End of Armature_Neck02
            } // End of Armature_Neck01
            Frame Armature_UpperArm_L {
              FrameTransformMatrix {
                 0.594459, 0.757393, 0.270137, 0.000000,
                -0.187523,-0.196105, 0.962485, 0.000000,
                 0.781954,-0.622816, 0.025452, 0.000000,
                -32.905895,-19.313221,82.735825, 1.000000;;
              }
              Frame Armature_LowerArm_L {
                FrameTransformMatrix {
                   0.989140, 0.143924, 0.029785, 0.000000,
                  -0.022249, 0.346947,-0.937621, 0.000000,
                  -0.145280, 0.926776, 0.346382, 0.000000,
                   0.000002,176.291107, 0.000020, 1.000000;;
                }
                Frame Armature_Hand_L {
                  FrameTransformMatrix {
                     0.707927,-0.702665, 0.071431, 0.000000,
                     0.687882, 0.663008,-0.295360, 0.000000,
                     0.160180, 0.258230, 0.952712, 0.000000,
                    -0.000009,171.877777, 0.000038, 1.000000;;
                  }
                  Frame Armature_Index01_L {
                    FrameTransformMatrix {
                       0.954940,-0.280278, 0.097640, 0.000000,
                       0.296780, 0.905458,-0.303427, 0.000000,
                      -0.003365, 0.318732, 0.947839, 0.000000,
                      -5.378057,55.339264,-24.943493, 1.000000;;
                    }
                    Frame Armature_Index02_L {
                      FrameTransformMatrix {
                         0.960527,-0.278165, 0.003496, 0.000000,
                         0.277820, 0.959828, 0.039319, 0.000000,
                        -0.014293,-0.036795, 0.999221, 0.000000,
                        -2.207215,39.770687,-0.317754, 1.000000;;
                      }
                      Frame Armature_Index03_L {
                        FrameTransformMatrix {
                           1.000000, 0.000000,-0.000000, 0.000000,
                          -0.000000, 0.573462, 0.819232, 0.000000,
                           0.000000,-0.819232, 0.573462, 0.000000,
                          -0.282490,27.569689,-1.050699, 1.000000;;
                        }
                      } // End of Armature_Index03_L
                    } // End of Armature_Index02_L
                  } // End of Armature_Index01_L
                  Frame Armature_Middle01_L {
                    FrameTransformMatrix {
                       0.974380,-0.224909,-0.000037, 0.000000,
                       0.224358, 0.972001,-0.069842, 0.000000,
                       0.015744, 0.068044, 0.997558, 0.000000,
                      -5.274519,61.946564, 2.297058, 1.000000;;
                    }
                    Frame Armature_Middle02_L {
                      FrameTransformMatrix {
                         0.955209,-0.293399, 0.038641, 0.000000,
                         0.294062, 0.955703,-0.012638, 0.000000,
                        -0.033222, 0.023434, 0.999173, 0.000000,
                         0.726910,43.116920, 0.768630, 1.000000;;
                      }
                      Frame Armature_Middle3_L {
                        FrameTransformMatrix {
                           1.000000,-0.000000,-0.000000, 0.000000,
                           0.000000, 0.573463, 0.819232, 0.000000,
                           0.000000,-0.819232, 0.573463, 0.000000,
                          -0.189643,32.270283,-0.938958, 1.000000;;
                        }
                      } // End of Armature_Middle3_L
                    } // End of Armature_Middle02_L
                  } // End of Armature_Middle01_L
                  Frame Armature_Pinky01_L {
                    FrameTransformMatrix {
                       0.952770,-0.294766,-0.073096, 0.000000,
                       0.303665, 0.928001, 0.215873, 0.000000,
                       0.004201,-0.227874, 0.973682, 0.000000,
                      -9.550697,54.729015,28.829321, 1.000000;;
                    }
                    Frame Armature_Pinky02_L {
                      FrameTransformMatrix {
                         0.960697,-0.277529,-0.006307, 0.000000,
                         0.277601, 0.960449, 0.021829, 0.000000,
                        -0.000000,-0.022722, 0.999742, 0.000000,
                         0.112915,39.613960, 0.562964, 1.000000;;
                      }
                      Frame Armature_Pinky03_L {
                        FrameTransformMatrix {
                           1.000000,-0.000001,-0.000000, 0.000000,
                           0.000001, 0.573463, 0.819231, 0.000000,
                          -0.000000,-0.819231, 0.573463, 0.000000,
                          -0.189610,32.270306,-0.938922, 1.000000;;
                        }
                      } // End of Armature_Pinky03_L
                    } // End of Armature_Pinky02_L
                  } // End of Armature_Pinky01_L
                  Frame Armature_Thumb01_L {
                    FrameTransformMatrix {
                       0.999762,-0.019929, 0.008857, 0.000000,
                      -0.020674,-0.995352, 0.094054, 0.000000,
                       0.006948,-0.094215,-0.995513, 0.000000,
                      -12.599354,-25.391659, 3.054236, 1.000000;;
                    }
                    Frame Armature_Thumb02_L {
                      FrameTransformMatrix {
                         1.000000,-0.000000, 0.000000, 0.000000,
                         0.000000, 0.999742, 0.022722, 0.000000,
                        -0.000000,-0.022722, 0.999742, 0.000000,
                        -1.729813,36.609970, 0.235084, 1.000000;;
                      }
                    } // End of Armature_Thumb02_L
                  } // End of Armature_Thumb01_L
                } // End of Armature_Hand_L
              } // End of Armature_LowerArm_L
            } // End of Armature_UpperArm_L
            Frame Armature_UpperArm_R {
              FrameTransformMatrix {
                 0.942122, 0.159640,-0.294824, 0.000000,
                -0.334007, 0.370655,-0.866634, 0.000000,
                -0.029071, 0.914948, 0.402523, 0.000000,
                -32.906075,-19.313160,-82.735809, 1.000000;;
              }
              Frame Armature_RowerArm_R {
                FrameTransformMatrix {
                   0.989626, 0.136025,-0.046237, 0.000000,
                  -0.019704, 0.447294, 0.894170, 0.000000,
                   0.142311,-0.883982, 0.445334, 0.000000,
                   0.000000,176.291260, 0.000017, 1.000000;;
                }
                Frame Armature_Hand_R {
                  FrameTransformMatrix {
                     0.705756,-0.655451, 0.268872, 0.000000,
                     0.700854, 0.701393,-0.129814, 0.000000,
                    -0.103498, 0.280057, 0.954388, 0.000000,
                     0.000001,171.877350, 0.000013, 1.000000;;
                  }
                  Frame Armature_Index01_R {
                    FrameTransformMatrix {
                       0.997908, 0.017385, 0.062277, 0.000000,
                      -0.035634, 0.951574, 0.305348, 0.000000,
                      -0.053953,-0.306928, 0.950202, 0.000000,
                      -4.365430,56.017799,23.587967, 1.000000;;
                    }
                    Frame Armature_Index02_R {
                      FrameTransformMatrix {
                         0.999593,-0.027995, 0.005412, 0.000000,
                         0.028227, 0.998395,-0.049106, 0.000000,
                        -0.004028, 0.049239, 0.998779, 0.000000,
                         0.922225,39.822746,-0.089576, 1.000000;;
                      }
                      Frame Armature_Index03_R {
                        FrameTransformMatrix {
                          -0.998719, 0.050615,-0.000000, 0.000000,
                          -0.029026,-0.572728, 0.819231, 0.000000,
                           0.041465, 0.818181, 0.573463, 0.000000,
                           1.113335,27.548450, 1.050509, 1.000000;;
                        }
                      } // End of Armature_Index03_R
                    } // End of Armature_Index02_R
                  } // End of Armature_Index01_R
                  Frame Armature_Middle01_R {
                    FrameTransformMatrix {
                       0.996970,-0.001895, 0.077762, 0.000000,
                      -0.001156, 0.999232, 0.039175, 0.000000,
                      -0.077777,-0.039147, 0.996202, 0.000000,
                      -2.675735,62.042645,-3.734694, 1.000000;;
                    }
                    Frame Armature_Middle02_R {
                      FrameTransformMatrix {
                         0.996393, 0.022485,-0.081820, 0.000000,
                        -0.023886, 0.999584,-0.016189, 0.000000,
                         0.081422, 0.018085, 0.996516, 0.000000,
                        -0.485394,43.120617,-0.768972, 1.000000;;
                      }
                      Frame Armature_Middle3_R {
                        FrameTransformMatrix {
                          -0.996632,-0.004223,-0.081897, 0.000000,
                          -0.065008,-0.568093, 0.820393, 0.000000,
                          -0.049990, 0.822954, 0.565905, 0.000000,
                          -0.384448,32.275028, 0.699829, 1.000000;;
                        }
                      } // End of Armature_Middle3_R
                    } // End of Armature_Middle02_R
                  } // End of Armature_Middle01_R
                  Frame Armature_Pinky01_R {
                    FrameTransformMatrix {
                       0.994406,-0.070278, 0.078849, 0.000000,
                       0.089690, 0.956109,-0.278948, 0.000000,
                      -0.055785, 0.284459, 0.957064, 0.000000,
                      -5.944221,54.442402,-30.303261, 1.000000;;
                    }
                    Frame Armature_Pinky02_R {
                      FrameTransformMatrix {
                         1.000000,-0.000000, 0.000000, 0.000000,
                         0.000000, 0.999460, 0.032845, 0.000000,
                        -0.000000,-0.032845, 0.999460, 0.000000,
                        -1.077971,39.593712, 0.897207, 1.000000;;
                      }
                      Frame Armature_Pinky03_R {
                        FrameTransformMatrix {
                           1.000000, 0.000000,-0.000001, 0.000000,
                           0.000001,-0.523352, 0.852117, 0.000000,
                          -0.000000,-0.852117,-0.523352, 0.000000,
                          -1.148801,32.262341, 0.339616, 1.000000;;
                        }
                      } // End of Armature_Pinky03_R
                    } // End of Armature_Pinky02_R
                  } // End of Armature_Pinky01_R
                  Frame Armature_Thumb01_R {
                    FrameTransformMatrix {
                       0.988791,-0.145407, 0.034081, 0.000000,
                      -0.142358,-0.986638,-0.079240, 0.000000,
                       0.045154, 0.073498,-0.996275, 0.000000,
                      -13.441564,-24.940035,-3.187927, 1.000000;;
                    }
                    Frame Armature_Thumb02_R {
                      FrameTransformMatrix {
                        -0.996214, 0.086926, 0.000000, 0.000000,
                        -0.086904,-0.995957, 0.022722, 0.000000,
                         0.001975, 0.022636, 0.999742, 0.000000,
                         1.459098,36.621071,-0.234857, 1.000000;;
                      }
                    } // End of Armature_Thumb02_R
                  } // End of Armature_Thumb01_R
                } // End of Armature_Hand_R
              } // End of Armature_RowerArm_R
            } // End of Armature_UpperArm_R
          } // End of Armature_Chest
          Frame Armature_Wing01_L {
            FrameTransformMatrix {
              -0.418462, 0.714809,-0.560301, 0.000000,
              -0.842560,-0.535853,-0.054350, 0.000000,
              -0.339089, 0.449344, 0.826504, 0.000000,
              -56.105679,20.234100,-89.395523, 1.000000;;
            }
            Frame Armature_Wing02_L {
              FrameTransformMatrix {
                -0.660681,-0.750173, 0.027210, 0.000000,
                 0.749969,-0.661196,-0.019142, 0.000000,
                 0.032351, 0.007760, 0.999446, 0.000000,
                -0.000014,299.244049, 0.000001, 1.000000;;
              }
              Frame Armature_Wing03_L {
                FrameTransformMatrix {
                   0.048102, 0.984124, 0.170840, 0.000000,
                  -0.709573, 0.154045,-0.687587, 0.000000,
                  -0.702988,-0.088149, 0.705718, 0.000000,
                  -0.000061,468.655090,-0.000038, 1.000000;;
                }
                Frame Armature_WingIndex01_L {
                  FrameTransformMatrix {
                     0.707361, 0.706843, 0.003759, 0.000000,
                    -0.706848, 0.707365, 0.000079, 0.000000,
                    -0.002603,-0.002713, 0.999993, 0.000000,
                     0.000099,40.398365, 0.000023, 1.000000;;
                  }
                  Frame Armature_WingIndex02_L {
                    FrameTransformMatrix {
                       0.957455, 0.284941,-0.045698, 0.000000,
                      -0.286235, 0.957841,-0.024698, 0.000000,
                       0.036734, 0.036728, 0.998650, 0.000000,
                       0.000034,209.264481,-0.000023, 1.000000;;
                    }
                    Frame Armature_WingIndex03_L {
                      FrameTransformMatrix {
                         0.479600, 0.259207, 0.838329, 0.000000,
                         0.737507, 0.398596,-0.545165, 0.000000,
                        -0.475466, 0.879735,-0.000000, 0.000000,
                         0.000034,228.365143, 0.000000, 1.000000;;
                      }
                    } // End of Armature_WingIndex03_L
                  } // End of Armature_WingIndex02_L
                } // End of Armature_WingIndex01_L
                Frame Armature_WingMiddle01_L {
                  FrameTransformMatrix {
                     0.526401, 0.850099, 0.015245, 0.000000,
                    -0.850168, 0.526502,-0.003255, 0.000000,
                    -0.010793,-0.011248, 0.999878, 0.000000,
                    -18.335510,37.623703,-3.889084, 1.000000;;
                  }
                  Frame Armature_WingMiddle02_L {
                    FrameTransformMatrix {
                       0.992900, 0.117832,-0.016289, 0.000000,
                      -0.117913, 0.993015,-0.004137, 0.000000,
                       0.015688, 0.006029, 0.999859, 0.000000,
                       0.000038,205.206177, 0.000031, 1.000000;;
                    }
                    Frame Armature_WingMiddle04_L {
                      FrameTransformMatrix {
                        -0.946809,-0.303649, 0.106535, 0.000000,
                        -0.304713, 0.952421, 0.006532, 0.000000,
                        -0.103450,-0.026278,-0.994287, 0.000000,
                        -7.270264,370.676239,-3.474407, 1.000000;;
                      }
                      Frame Armature_WingMiddle05_L {
                        FrameTransformMatrix {
                          -0.493034,-0.030230,-0.869485, 0.000000,
                          -0.867855,-0.053211, 0.493960, 0.000000,
                          -0.061199, 0.998126,-0.000000, 0.000000,
                          -31.631256,539.507202,-7.139763, 1.000000;;
                        }
                      } // End of Armature_WingMiddle05_L
                    } // End of Armature_WingMiddle04_L
                  } // End of Armature_WingMiddle02_L
                } // End of Armature_WingMiddle01_L
                Frame Armature_WingPinky01_L {
                  FrameTransformMatrix {
                    -0.252966,-0.964142, 0.080241, 0.000000,
                    -0.965387, 0.256997, 0.044508, 0.000000,
                    -0.063534,-0.066204,-0.995781, 0.000000,
                    -61.174286,16.226593,-8.790405, 1.000000;;
                  }
                  Frame Armature_WingPinky02_L {
                    FrameTransformMatrix {
                       0.977515,-0.197933, 0.072713, 0.000000,
                       0.195876, 0.980022, 0.034484, 0.000000,
                      -0.078086,-0.019466, 0.996756, 0.000000,
                       0.000011,195.337524,-0.000061, 1.000000;;
                    }
                    Frame Armature_WingPinky04_L {
                      FrameTransformMatrix {
                         0.969579,-0.244774, 0.001311, 0.000000,
                         0.244773, 0.969580, 0.001083, 0.000000,
                        -0.001536,-0.000729, 0.999999, 0.000000,
                         0.229212,253.069778, 3.634983, 1.000000;;
                      }
                      Frame Armature_WingPinky05_L {
                        FrameTransformMatrix {
                          -0.445037,-0.367401,-0.816675, 0.000000,
                          -0.629791,-0.519924, 0.577098, 0.000000,
                          -0.636636, 0.771165,-0.000000, 0.000000,
                          -10.885761,281.533722,-8.118938, 1.000000;;
                        }
                      } // End of Armature_WingPinky05_L
                    } // End of Armature_WingPinky04_L
                  } // End of Armature_WingPinky02_L
                } // End of Armature_WingPinky01_L
                Frame Armature_WingRing01_L {
                  FrameTransformMatrix {
                     0.413674, 0.907668, 0.070799, 0.000000,
                    -0.908943, 0.416185,-0.024750, 0.000000,
                    -0.051930,-0.054114, 0.997183, 0.000000,
                    -39.982132,25.864681,-5.638412, 1.000000;;
                  }
                  Frame Armature_WingRing02_L {
                    FrameTransformMatrix {
                      -0.972438,-0.142164, 0.184806, 0.000000,
                      -0.143709, 0.989607, 0.005080, 0.000000,
                      -0.183607,-0.021618,-0.982762, 0.000000,
                      -0.000031,199.690048, 0.000034, 1.000000;;
                    }
                    Frame Armature_WingRing04_L {
                      FrameTransformMatrix {
                         0.959317,-0.279679, 0.038613, 0.000000,
                         0.279406, 0.960093, 0.012408, 0.000000,
                        -0.040543,-0.001115, 0.999177, 0.000000,
                        14.586132,326.020844, 6.447916, 1.000000;;
                      }
                      Frame Armature_WingRing05_L {
                        FrameTransformMatrix {
                          -0.501265,-0.161077,-0.850169, 0.000000,
                          -0.809405,-0.260096, 0.526510, 0.000000,
                          -0.305934, 0.952053,-0.000000, 0.000000,
                          -34.832092,405.853333,-4.218704, 1.000000;;
                        }
                      } // End of Armature_WingRing05_L
                    } // End of Armature_WingRing04_L
                  } // End of Armature_WingRing02_L
                } // End of Armature_WingRing01_L
              } // End of Armature_Wing03_L
              Frame Armature_WingThumb01_L {
                FrameTransformMatrix {
                   0.009963,-0.000785,-0.000337, 0.000000,
                  -0.000797,-0.009962,-0.000354, 0.000000,
                  -0.000308, 0.000380,-0.009988, 0.000000,
                  22.584648,-147.901794,-4.445192, 1.000000;;
                }
              } // End of Armature_WingThumb01_L
            } // End of Armature_Wing02_L
          } // End of Armature_Wing01_L
          Frame Armature_Wing01_R {
            FrameTransformMatrix {
               0.407247,-0.712465,-0.571439, 0.000000,
              -0.814932,-0.565951, 0.124846, 0.000000,
              -0.412355, 0.414842,-0.811092, 0.000000,
              -56.105980,20.234144,89.395615, 1.000000;;
            }
            Frame Armature_Wing02_R {
              FrameTransformMatrix {
                -0.652809, 0.757033,-0.027220, 0.000000,
                -0.756833,-0.653327,-0.019195, 0.000000,
                -0.032315, 0.008070, 0.999445, 0.000000,
                 0.000002,299.244202, 0.000011, 1.000000;;
              }
              Frame Armature_Wing03_R {
                FrameTransformMatrix {
                   0.093381,-0.978169,-0.185647, 0.000000,
                   0.768713, 0.189333,-0.610928, 0.000000,
                   0.632740,-0.085660, 0.769612, 0.000000,
                   0.000051,468.654907, 0.000084, 1.000000;;
                }
                Frame Armature_WingIndex01_R {
                  FrameTransformMatrix {
                     0.715753,-0.698343,-0.003767, 0.000000,
                     0.698349, 0.715758, 0.000123, 0.000000,
                     0.002611,-0.002719, 0.999993, 0.000000,
                    -0.000069,40.397964,-0.000038, 1.000000;;
                  }
                  Frame Armature_WingIndex02_R {
                    FrameTransformMatrix {
                       0.957453,-0.284947, 0.045705, 0.000000,
                       0.286241, 0.957839,-0.024701, 0.000000,
                      -0.036740, 0.036733, 0.998650, 0.000000,
                       0.000034,209.265167, 0.000031, 1.000000;;
                    }
                    Frame Armature_WingIndex03_R {
                      FrameTransformMatrix {
                         0.479597,-0.259205,-0.838331, 0.000000,
                         0.737510,-0.398595, 0.545161, 0.000000,
                        -0.475463,-0.879736, 0.000001, 0.000000,
                         0.000004,228.364273,-0.000040, 1.000000;;
                      }
                    } // End of Armature_WingIndex03_R
                  } // End of Armature_WingIndex02_R
                } // End of Armature_WingIndex01_R
                Frame Armature_WingMiddle01_R {
                  FrameTransformMatrix {
                     0.518918,-0.854689,-0.015222, 0.000000,
                     0.854756, 0.519019,-0.003391, 0.000000,
                     0.010799,-0.011251, 0.999878, 0.000000,
                    18.335236,37.623634,-3.888931, 1.000000;;
                  }
                  Frame Armature_WingMiddle02_R {
                    FrameTransformMatrix {
                       0.992900,-0.117831, 0.016295, 0.000000,
                       0.117912, 0.993015,-0.004139, 0.000000,
                      -0.015694, 0.006031, 0.999859, 0.000000,
                       0.000019,205.206039, 0.000072, 1.000000;;
                    }
                    Frame Armature_WingMiddle04_R {
                      FrameTransformMatrix {
                        -0.946811, 0.303651,-0.106511, 0.000000,
                         0.304716, 0.952421, 0.006531, 0.000000,
                         0.103426,-0.026272,-0.994290, 0.000000,
                         4.796406,414.726257,-2.164391, 1.000000;;
                      }
                      Frame Armature_WingMiddle05_R {
                        FrameTransformMatrix {
                          -0.493050, 0.030231, 0.869476, 0.000000,
                          -0.867846, 0.053212,-0.493976, 0.000000,
                          -0.061200,-0.998125,-0.000000, 0.000000,
                          16.053165,498.297607,-4.424026, 1.000000;;
                        }
                      } // End of Armature_WingMiddle05_R
                    } // End of Armature_WingMiddle04_R
                  } // End of Armature_WingMiddle02_R
                } // End of Armature_WingMiddle01_R
                Frame Armature_WingPinky01_R {
                  FrameTransformMatrix {
                    -0.247277, 0.965639,-0.079971, 0.000000,
                     0.966860, 0.251314, 0.044976, 0.000000,
                     0.063528,-0.066199,-0.995782, 0.000000,
                    61.174202,16.226627,-8.790688, 1.000000;;
                  }
                  Frame Armature_WingPinky02_R {
                    FrameTransformMatrix {
                       0.977515, 0.197936,-0.072710, 0.000000,
                      -0.195878, 0.980022, 0.034484, 0.000000,
                       0.078083,-0.019466, 0.996757, 0.000000,
                      -0.000015,195.337708, 0.000000, 1.000000;;
                    }
                    Frame Armature_WingPinky04_R {
                      FrameTransformMatrix {
                         0.969580, 0.244773,-0.001310, 0.000000,
                        -0.244772, 0.969580, 0.001081, 0.000000,
                         0.001535,-0.000728, 0.999999, 0.000000,
                        -9.829532,246.306595, 2.711372, 1.000000;;
                      }
                      Frame Armature_WingPinky05_R {
                        FrameTransformMatrix {
                          -0.445037, 0.367399, 0.816676, 0.000000,
                          -0.629793, 0.519924,-0.577096, 0.000000,
                          -0.636634,-0.771166,-0.000000, 0.000000,
                          21.847824,285.742310,-7.185192, 1.000000;;
                        }
                      } // End of Armature_WingPinky05_R
                    } // End of Armature_WingPinky04_R
                  } // End of Armature_WingPinky02_R
                } // End of Armature_WingPinky01_R
                Frame Armature_WingRing01_R {
                  FrameTransformMatrix {
                     0.410744,-0.909003,-0.070728, 0.000000,
                     0.910270, 0.413260,-0.024983, 0.000000,
                     0.051939,-0.054120, 0.997183, 0.000000,
                    39.981949,25.864441,-5.638580, 1.000000;;
                  }
                  Frame Armature_WingRing02_R {
                    FrameTransformMatrix {
                      -0.972430, 0.142168,-0.184844, 0.000000,
                       0.143713, 0.989606, 0.005081, 0.000000,
                       0.183645,-0.021624,-0.982755, 0.000000,
                       0.000015,199.690491,-0.000019, 1.000000;;
                    }
                    Frame Armature_WingRing04_R {
                      FrameTransformMatrix {
                         0.959316, 0.279678,-0.038642, 0.000000,
                        -0.279405, 0.960093, 0.012417, 0.000000,
                         0.040573,-0.001115, 0.999176, 0.000000,
                        -13.789024,362.525970, 6.754227, 1.000000;;
                      }
                      Frame Armature_WingRing05_R {
                        FrameTransformMatrix {
                          -0.501261, 0.161076, 0.850172, 0.000000,
                          -0.809408, 0.260096,-0.526506, 0.000000,
                          -0.305934,-0.952053,-0.000000, 0.000000,
                          23.869034,371.023804,-4.515366, 1.000000;;
                        }
                      } // End of Armature_WingRing05_R
                    } // End of Armature_WingRing04_R
                  } // End of Armature_WingRing02_R
                } // End of Armature_WingRing01_R
              } // End of Armature_Wing03_R
              Frame Armature_WingThumb01_R {
                FrameTransformMatrix {
                   0.009964, 0.000785, 0.000338, 0.000000,
                   0.000797,-0.009962,-0.000354, 0.000000,
                   0.000309, 0.000380,-0.009988, 0.000000,
                  -27.368231,-152.163498,-4.530743, 1.000000;;
                }
              } // End of Armature_WingThumb01_R
            } // End of Armature_Wing02_R
          } // End of Armature_Wing01_R
        } // End of Armature_Spine02
      } // End of Armature_Spine01
      Frame Armature_UpperLeg_L {
        FrameTransformMatrix {
           0.871631, 0.488772, 0.036908, 0.000000,
           0.014522, 0.049513,-0.998668, 0.000000,
          -0.489948, 0.871006, 0.036060, 0.000000,
           6.620104,85.229698,-42.187759, 1.000000;;
        }
        Frame Armature_LowerLeg_L {
          FrameTransformMatrix {
             0.298550,-0.948574, 0.105234, 0.000000,
             0.935160, 0.268725,-0.230788, 0.000000,
             0.190641, 0.167312, 0.967296, 0.000000,
            -0.000011,179.437576, 0.000002, 1.000000;;
          }
          Frame Armature_Feet_L {
            FrameTransformMatrix {
               0.816816,-0.576589, 0.018891, 0.000000,
               0.570823, 0.812520, 0.118209, 0.000000,
              -0.083507,-0.085771, 0.992809, 0.000000,
               0.000011,155.874405, 0.000004, 1.000000;;
            }
            Frame Armature_IndexToe01_L {
              FrameTransformMatrix {
                 0.999886,-0.015004,-0.001566, 0.000000,
                 0.014004, 0.961815,-0.273343, 0.000000,
                 0.005607, 0.273290, 0.961916, 0.000000,
                -3.430751,25.755129,-25.501055, 1.000000;;
              }
              Frame Armature_IndexToe02_L {
                FrameTransformMatrix {
                   1.000000, 0.000000,-0.000000, 0.000000,
                  -0.000000, 0.999742, 0.022721, 0.000000,
                   0.000000,-0.022721, 0.999742, 0.000000,
                  -2.437460,28.115870,-0.142584, 1.000000;;
                }
                Frame Armature_IndexToe03_L {
                  FrameTransformMatrix {
                     1.000000,-0.000000, 0.000000, 0.000000,
                     0.000000, 0.573462, 0.819232, 0.000000,
                    -0.000000,-0.819232, 0.573462, 0.000000,
                    -0.282480,27.569693,-1.050730, 1.000000;;
                  }
                } // End of Armature_IndexToe03_L
              } // End of Armature_IndexToe02_L
            } // End of Armature_IndexToe01_L
            Frame Armature_MiddleToe01_L {
              FrameTransformMatrix {
                 0.996910, 0.072713,-0.029733, 0.000000,
                -0.068525, 0.989979, 0.123473, 0.000000,
                 0.038413,-0.121054, 0.991903, 0.000000,
                -3.218630,31.106085,-5.303329, 1.000000;;
              }
              Frame Armature_MiddleToe02_L {
                FrameTransformMatrix {
                   1.000000,-0.000000,-0.000000, 0.000000,
                   0.000000, 0.999742, 0.022722, 0.000000,
                   0.000000,-0.022721, 0.999742, 0.000000,
                   0.028370,36.646294, 0.243331, 1.000000;;
                }
                Frame Armature_MiddleToe03_L {
                  FrameTransformMatrix {
                     1.000000, 0.000000,-0.000000, 0.000000,
                     0.000000, 0.573463, 0.819232, 0.000000,
                     0.000000,-0.819232, 0.573462, 0.000000,
                    -0.189628,32.270279,-0.938964, 1.000000;;
                  }
                } // End of Armature_MiddleToe03_L
              } // End of Armature_MiddleToe02_L
            } // End of Armature_MiddleToe01_L
            Frame Armature_PinkyToe01_L {
              FrameTransformMatrix {
                 0.999946,-0.000272,-0.010429, 0.000000,
                 0.004597, 0.908855, 0.417088, 0.000000,
                 0.009365,-0.417113, 0.908807, 0.000000,
                -7.263606,23.997850,14.883985, 1.000000;;
              }
              Frame Armature_PinkyToe02_L {
                FrameTransformMatrix {
