xof 0303txt 0032

template XSkinMeshHeader {
  <3cf169ce-ff7c-44ab-93c0-f78f62d172e2>
  WORD nMaxSkinWeightsPerVertex;
  WORD nMaxSkinWeightsPerFace;
  WORD nBones;
}

template SkinWeights {
  <6f0d123b-bad2-4167-a0d0-80224f25fabb>
  STRING transformNodeName;
  DWORD nWeights;
  array DWORD vertexIndices[nWeights];
  array float weights[nWeights];
  Matrix4x4 matrixOffset;
}

Frame Root {
  FrameTransformMatrix {
     1.000000, 0.000000, 0.000000, 0.000000,
     0.000000,-0.000000,-1.000000, 0.000000,
     0.000000, 1.000000,-0.000000, 0.000000,
     0.000000, 0.000000, 0.000000, 1.000000;;
  }
  Frame Armature {
    FrameTransformMatrix {
       1.000000, 0.000000, 0.000000, 0.000000,
       0.000000,-0.000000, 1.000000, 0.000000,
       0.000000,-1.000000,-0.000000, 0.000000,
       0.000000, 0.000000, 0.000000, 1.000000;;
    }
    Frame Armature_Root {
      FrameTransformMatrix {
        -0.947032,-0.175480,-0.268956, 0.000000,
        -0.275148, 0.011496, 0.961333, 0.000000,
        -0.165603, 0.984416,-0.059171, 0.000000,
         0.000000,107.913132,-151.617706, 1.000000;;
      }
      Frame Armature_Spine01 {
        FrameTransformMatrix {
          -0.278675,-0.018861, 0.960200, 0.000000,
           0.921975, 0.274676, 0.272976, 0.000000,
          -0.268892, 0.961352,-0.059156, 0.000000,
          97.524033, 0.000006,-0.000020, 1.000000;;
        }
        Frame Armature_Spine02 {
          FrameTransformMatrix {
            -0.990883, 0.132259, 0.025666, 0.000000,
             0.130485, 0.894693, 0.427199, 0.000000,
             0.033537, 0.426653,-0.903793, 0.000000,
             0.000031,114.438339,-0.000013, 1.000000;;
          }
          Frame Armature_Chest {
            FrameTransformMatrix {
              -0.749980, 0.533032,-0.391672, 0.000000,
               0.654954, 0.681269,-0.326968, 0.000000,
               0.092549,-0.501746,-0.860049, 0.000000,
              18.667700,123.069145,-1.544932, 1.000000;;
            }
            Frame Armature_Neck01 {
              FrameTransformMatrix {
                 0.875126,-0.483896,-0.000000, 0.000000,
                 0.483896, 0.875126,-0.000000, 0.000000,
                 0.000000,-0.000000, 1.000000, 0.000000,
                 0.000032,126.849594,-0.000052, 1.000000;;
              }
              Frame Armature_Neck02 {
                FrameTransformMatrix {
                   0.889982,-0.455996,-0.000000, 0.000000,
                   0.455996, 0.889982,-0.000000, 0.000000,
                   0.000000,-0.000000, 1.000000, 0.000000,
                   0.000002,122.347343,-0.000046, 1.000000;;
                }
                Frame Armature_Neck03 {
                  FrameTransformMatrix {
                     0.960154,-0.279472, 0.000000, 0.000000,
                     0.279472, 0.960154,-0.000000, 0.000000,
                    -0.000000, 0.000000, 1.000000, 0.000000,
                     0.000034,112.527145,-0.000017, 1.000000;;
                  }
                  Frame Armature_Head {
                    FrameTransformMatrix {
                       0.768944,-0.261677, 0.583310, 0.000000,
                      -0.596831, 0.033235, 0.801678, 0.000000,
                      -0.229167,-0.964583,-0.130621, 0.000000,
                      -0.000008,105.244049,-0.000034, 1.000000;;
                    }
                    Frame Armature_Eye_L {
                      FrameTransformMatrix {
                         1.000000, 0.000000, 0.000000, 0.000000,
                         0.000000, 1.000000, 0.000000, 0.000000,
                        -0.000000,-0.000000, 1.000000, 0.000000,
                        38.383659,65.654785,-19.017376, 1.000000;;
                      }
                    } // End of Armature_Eye_L
                    Frame Armature_Eye_R {
                      FrameTransformMatrix {
                         1.000000, 0.000000, 0.000000, 0.000000,
                        -0.000000,-1.000000,-0.000000, 0.000000,
                         0.000000, 0.000000,-1.000000, 0.000000,
                        -37.633789,65.697052,-18.222519, 1.000000;;
                      }
                    } // End of Armature_Eye_R
                    Frame Armature_Eye_Under_L {
                      FrameTransformMatrix {
                         1.000000,-0.000000, 0.000000, 0.000000,
                         0.000000, 0.994467, 0.105049, 0.000000,
                        -0.000000,-0.105049, 0.994467, 0.000000,
                        27.910309,68.547104,-30.137592, 1.000000;;
                      }
                    } // End of Armature_Eye_Under_L
                    Frame Armature_Eye_Under_R {
                      FrameTransformMatrix {
                         0.983791,-0.179317, 0.000000, 0.000000,
                        -0.179317,-0.983791,-0.000000, 0.000000,
                         0.000000, 0.000000,-1.000000, 0.000000,
                        -31.522394,68.775047,-23.932659, 1.000000;;
                      }
                    } // End of Armature_Eye_Under_R
                    Frame Armature_Jaw01 {
                      FrameTransformMatrix {
                        -0.000000, 0.124975, 0.992160, 0.000000,
                         0.000000, 0.992160,-0.124975, 0.000000,
                        -1.000000, 0.000000,-0.000000, 0.000000,
                        -0.000025,77.713936,41.943714, 1.000000;;
                      }
                      Frame Armature_Jaw02 {
                        FrameTransformMatrix {
                          -0.778932,-0.627109,-0.000001, 0.000000,
                           0.000001, 0.000000,-1.000000, 0.000000,
                           0.627109,-0.778932, 0.000000, 0.000000,
                           0.000000,131.770645,-0.000002, 1.000000;;
                        }
                      } // End of Armature_Jaw02
                    } // End of Armature_Jaw01
                    Frame Armature_Tongue01 {
                      FrameTransformMatrix {
                        -0.000003,-0.065750, 0.997836, 0.000000,
                         0.000000, 0.997836, 0.065750, 0.000000,
                        -1.000000, 0.000000,-0.000003, 0.000000,
                         0.000021,31.774940,21.651588, 1.000000;;
                      }
                      Frame Armature_Tongue02 {
                        FrameTransformMatrix {
                           0.999323,-0.036778,-0.000000, 0.000000,
                           0.036778, 0.999323,-0.000000, 0.000000,
                           0.000000, 0.000000, 1.000000, 0.000000,
                          -0.000002,53.169994, 0.000080, 1.000000;;
                        }
                        Frame Armature_Tongue03 {
                          FrameTransformMatrix {
                             0.999072,-0.043065, 0.000000, 0.000000,
                             0.043065, 0.999072,-0.000000, 0.000000,
                            -0.000000, 0.000000, 1.000000, 0.000000,
                             0.000000,46.743282, 0.000032, 1.000000;;
                          }
                          Frame Armature_Tongue04 {
                            FrameTransformMatrix {
                              -0.962206,-0.272321,-0.000001, 0.000000,
                              -0.000000, 0.000003,-1.000000, 0.000000,
                               0.272321,-0.962206,-0.000003, 0.000000,
                               0.000015,54.004082,-0.000003, 1.000000;;
                            }
                          } // End of Armature_Tongue04
                        } // End of Armature_Tongue03
                      } // End of Armature_Tongue02
                    } // End of Armature_Tongue01
                    Frame Armature_UpperMouth01 {
                      FrameTransformMatrix {
                        -0.000003, 0.094765,-0.995500, 0.000000,
                         0.000001, 0.995499, 0.094765, 0.000000,
                         1.000000,-0.000000,-0.000003, 0.000000,
                         0.000002,97.247765,-15.644043, 1.000000;;
                      }
                      Frame Armature_UpperMouth02 {
                        FrameTransformMatrix {
                           0.995693, 0.092716, 0.000000, 0.000000,
                          -0.000000, 0.000002, 1.000000, 0.000000,
                           0.092716,-0.995693, 0.000003, 0.000000,
                           0.000004,97.058876, 0.000041, 1.000000;;
                        }
                      } // End of Armature_UpperMouth02
                    } // End of Armature_UpperMouth01
                  } // End of Armature_Head
                } // End of Armature_Neck03
              } // End of Armature_Neck02
            } // End of Armature_Neck01
            Frame Armature_UpperArm_L {
              FrameTransformMatrix {
                 0.926297,-0.362426,-0.103058, 0.000000,
                 0.343755, 0.700849, 0.625014, 0.000000,
                -0.154294,-0.614376, 0.773780, 0.000000,
                -32.905884,-19.313206,82.735786, 1.000000;;
              }
              Frame Armature_LowerArm_L {
                FrameTransformMatrix {
                   0.988921, 0.146376, 0.024688, 0.000000,
                  -0.022466, 0.311981,-0.949823, 0.000000,
                  -0.146733, 0.938745, 0.311813, 0.000000,
                   0.000008,176.291138,-0.000019, 1.000000;;
                }
                Frame Armature_Hand_L {
                  FrameTransformMatrix {
                     0.927442,-0.038956,-0.371932, 0.000000,
                     0.158311, 0.941945, 0.296102, 0.000000,
                     0.338805,-0.333499, 0.879767, 0.000000,
                     0.000000,171.877777, 0.000001, 1.000000;;
                  }
                  Frame Armature_Index01_L {
                    FrameTransformMatrix {
                       0.999777,-0.020721, 0.004106, 0.000000,
                       0.020953, 0.948051,-0.317428, 0.000000,
                       0.002685, 0.317443, 0.948274, 0.000000,
                      -5.378061,55.339233,-24.943485, 1.000000;;
                    }
                    Frame Armature_Index02_L {
                      FrameTransformMatrix {
                         1.000000,-0.000001,-0.000000, 0.000000,
                         0.000001, 0.999241, 0.038961, 0.000000,
                         0.000000,-0.038961, 0.999241, 0.000000,
                        -2.207212,39.770691,-0.317727, 1.000000;;
                      }
                      Frame Armature_Index03_L {
                        FrameTransformMatrix {
                           1.000000, 0.000000,-0.000000, 0.000000,
                          -0.000000, 0.573462, 0.819232, 0.000000,
                           0.000000,-0.819232, 0.573462, 0.000000,
                          -0.282494,27.569633,-1.050745, 1.000000;;
                        }
                      } // End of Armature_Index03_L
                    } // End of Armature_Index02_L
                  } // End of Armature_Index01_L
                  Frame Armature_Middle01_L {
                    FrameTransformMatrix {
                       0.997438, 0.064516,-0.030903, 0.000000,
                      -0.066262, 0.996038,-0.059304, 0.000000,
                       0.026954, 0.061200, 0.997761, 0.000000,
                      -5.274517,61.946541, 2.297078, 1.000000;;
                    }
                    Frame Armature_Middle02_L {
                      FrameTransformMatrix {
                         1.000000,-0.000000,-0.000000, 0.000000,
                         0.000000, 0.999742, 0.022722, 0.000000,
                         0.000000,-0.022722, 0.999742, 0.000000,
                         0.726907,43.116943, 0.768667, 1.000000;;
                      }
                      Frame Armature_Middle3_L {
                        FrameTransformMatrix {
                           1.000000,-0.000000,-0.000000, 0.000000,
                           0.000000, 0.573463, 0.819232, 0.000000,
                           0.000000,-0.819232, 0.573463, 0.000000,
                          -0.189637,32.270264,-0.938908, 1.000000;;
                        }
                      } // End of Armature_Middle3_L
                    } // End of Armature_Middle02_L
                  } // End of Armature_Middle01_L
                  Frame Armature_Pinky01_L {
                    FrameTransformMatrix {
                       0.999960,-0.006735,-0.005891, 0.000000,
                       0.007900, 0.973667, 0.227837, 0.000000,
                       0.004201,-0.227874, 0.973682, 0.000000,
                      -9.550694,54.729000,28.829340, 1.000000;;
                    }
                    Frame Armature_Pinky02_L {
                      FrameTransformMatrix {
                         1.000000, 0.000001, 0.000000, 0.000000,
                        -0.000001, 0.999742, 0.022722, 0.000000,
                        -0.000000,-0.022722, 0.999742, 0.000000,
                         0.112926,39.613941, 0.562996, 1.000000;;
                      }
                      Frame Armature_Pinky03_L {
                        FrameTransformMatrix {
                           1.000000,-0.000001,-0.000000, 0.000000,
                           0.000001, 0.573463, 0.819231, 0.000000,
                          -0.000000,-0.819231, 0.573463, 0.000000,
                          -0.189615,32.270256,-0.938935, 1.000000;;
                        }
                      } // End of Armature_Pinky03_L
                    } // End of Armature_Pinky02_L
                  } // End of Armature_Pinky01_L
                  Frame Armature_Thumb01_L {
                    FrameTransformMatrix {
                       0.999762,-0.019929, 0.008857, 0.000000,
                      -0.020674,-0.995352, 0.094054, 0.000000,
                       0.006948,-0.094215,-0.995513, 0.000000,
                      -12.599346,-25.391655, 3.054245, 1.000000;;
                    }
                    Frame Armature_Thumb02_L {
                      FrameTransformMatrix {
                         1.000000,-0.000000, 0.000000, 0.000000,
                         0.000000, 0.999742, 0.022722, 0.000000,
                        -0.000000,-0.022722, 0.999742, 0.000000,
                        -1.729817,36.609959, 0.235082, 1.000000;;
                      }
                    } // End of Armature_Thumb02_L
                  } // End of Armature_Thumb01_L
                } // End of Armature_Hand_L
              } // End of Armature_LowerArm_L
            } // End of Armature_UpperArm_L
            Frame Armature_UpperArm_R {
              FrameTransformMatrix {
                 0.785781,-0.114193,-0.607871, 0.000000,
                -0.252772, 0.837695,-0.484121, 0.000000,
                 0.564494, 0.534066, 0.629381, 0.000000,
                -32.906082,-19.313137,-82.735840, 1.000000;;
              }
              Frame Armature_RowerArm_R {
                FrameTransformMatrix {
                   0.987543, 0.157336,-0.001874, 0.000000,
                  -0.022163, 0.150878, 0.988304, 0.000000,
                   0.155779,-0.975952, 0.152485, 0.000000,
                  -0.000002,176.291275, 0.000008, 1.000000;;
                }
                Frame Armature_Hand_R {
                  FrameTransformMatrix {
                     0.825433,-0.033532, 0.563503, 0.000000,
                     0.295383, 0.876321,-0.380539, 0.000000,
                    -0.481049, 0.480559, 0.733249, 0.000000,
                    -0.000003,171.877319, 0.000032, 1.000000;;
                  }
                  Frame Armature_Index01_R {
                    FrameTransformMatrix {
                       0.997907, 0.017385, 0.062277, 0.000000,
                      -0.035634, 0.951574, 0.305348, 0.000000,
                      -0.053953,-0.306928, 0.950202, 0.000000,
                      -4.365430,56.017746,23.587963, 1.000000;;
                    }
                    Frame Armature_Index02_R {
                      FrameTransformMatrix {
                         0.999593,-0.027995, 0.005412, 0.000000,
                         0.028227, 0.998395,-0.049106, 0.000000,
                        -0.004028, 0.049239, 0.998779, 0.000000,
                         0.922232,39.822773,-0.089582, 1.000000;;
                      }
                      Frame Armature_Index03_R {
                        FrameTransformMatrix {
                          -0.998719, 0.050615,-0.000000, 0.000000,
                          -0.029026,-0.572727, 0.819231, 0.000000,
                           0.041465, 0.818181, 0.573463, 0.000000,
                           1.113338,27.548401, 1.050600, 1.000000;;
                        }
                      } // End of Armature_Index03_R
                    } // End of Armature_Index02_R
                  } // End of Armature_Index01_R
                  Frame Armature_Middle01_R {
                    FrameTransformMatrix {
                       0.996970,-0.001895, 0.077762, 0.000000,
                      -0.001156, 0.999232, 0.039175, 0.000000,
                      -0.077777,-0.039147, 0.996202, 0.000000,
                      -2.675736,62.042629,-3.734691, 1.000000;;
                    }
                    Frame Armature_Middle02_R {
                      FrameTransformMatrix {
                         0.996393, 0.022485,-0.081820, 0.000000,
                        -0.023886, 0.999584,-0.016189, 0.000000,
                         0.081422, 0.018085, 0.996516, 0.000000,
                        -0.485392,43.120640,-0.768888, 1.000000;;
                      }
                      Frame Armature_Middle3_R {
                        FrameTransformMatrix {
                          -0.996632,-0.004223,-0.081897, 0.000000,
                          -0.065008,-0.568093, 0.820393, 0.000000,
                          -0.049990, 0.822954, 0.565905, 0.000000,
                          -0.384454,32.274967, 0.699898, 1.000000;;
                        }
                      } // End of Armature_Middle3_R
                    } // End of Armature_Middle02_R
                  } // End of Armature_Middle01_R
                  Frame Armature_Pinky01_R {
                    FrameTransformMatrix {
                       0.994406,-0.070278, 0.078849, 0.000000,
                       0.089690, 0.956109,-0.278948, 0.000000,
                      -0.055785, 0.284459, 0.957064, 0.000000,
                      -5.944221,54.442364,-30.303280, 1.000000;;
                    }
                    Frame Armature_Pinky02_R {
                      FrameTransformMatrix {
                         1.000000,-0.000000, 0.000000, 0.000000,
                         0.000000, 0.999460, 0.032845, 0.000000,
                        -0.000000,-0.032845, 0.999460, 0.000000,
                        -1.077972,39.593868, 0.897142, 1.000000;;
                      }
                      Frame Armature_Pinky03_R {
                        FrameTransformMatrix {
                           1.000000, 0.000000,-0.000001, 0.000000,
                           0.000001,-0.523352, 0.852117, 0.000000,
                          -0.000000,-0.852117,-0.523352, 0.000000,
                          -1.148799,32.262295, 0.339658, 1.000000;;
                        }
                      } // End of Armature_Pinky03_R
                    } // End of Armature_Pinky02_R
                  } // End of Armature_Pinky01_R
                  Frame Armature_Thumb01_R {
                    FrameTransformMatrix {
                       0.988791,-0.145407, 0.034081, 0.000000,
                      -0.142358,-0.986638,-0.079240, 0.000000,
                       0.045154, 0.073498,-0.996275, 0.000000,
                      -13.441562,-24.940029,-3.187937, 1.000000;;
                    }
                    Frame Armature_Thumb02_R {
                      FrameTransformMatrix {
                        -0.996214, 0.086926, 0.000000, 0.000000,
                        -0.086904,-0.995957, 0.022722, 0.000000,
                         0.001975, 0.022636, 0.999742, 0.000000,
                         1.459100,36.621044,-0.234828, 1.000000;;
                      }
                    } // End of Armature_Thumb02_R
                  } // End of Armature_Thumb01_R
                } // End of Armature_Hand_R
              } // End of Armature_RowerArm_R
            } // End of Armature_UpperArm_R
          } // End of Armature_Chest
          Frame Armature_Wing01_L {
            FrameTransformMatrix {
              -0.569731, 0.574820,-0.587357, 0.000000,
              -0.601678,-0.778576,-0.178335, 0.000000,
              -0.559812, 0.251796, 0.789435, 0.000000,
              -56.105659,20.234085,-89.395538, 1.000000;;
            }
            Frame Armature_Wing02_L {
              FrameTransformMatrix {
                -0.921760,-0.387025, 0.023883, 0.000000,
                 0.386697,-0.922045,-0.017277, 0.000000,
                 0.028708,-0.006689, 0.999565, 0.000000,
                 0.000006,299.244049,-0.000019, 1.000000;;
              }
              Frame Armature_Wing03_L {
                FrameTransformMatrix {
                   0.187522, 0.982222,-0.008652, 0.000000,
                   0.268835,-0.059792,-0.961328, 0.000000,
                  -0.944755, 0.177945,-0.275269, 0.000000,
                   0.000027,468.655090,-0.000034, 1.000000;;
                }
                Frame Armature_WingIndex01_L {
                  FrameTransformMatrix {
                     0.707361, 0.706843, 0.003759, 0.000000,
                    -0.706848, 0.707365, 0.000079, 0.000000,
                    -0.002603,-0.002713, 0.999993, 0.000000,
                     0.000015,40.398350, 0.000038, 1.000000;;
                  }
                  Frame Armature_WingIndex02_L {
                    FrameTransformMatrix {
                       0.957455, 0.284941,-0.045698, 0.000000,
                      -0.286235, 0.957841,-0.024698, 0.000000,
                       0.036734, 0.036728, 0.998650, 0.000000,
                       0.000001,209.264511, 0.000023, 1.000000;;
                    }
                    Frame Armature_WingIndex03_L {
                      FrameTransformMatrix {
                         0.479600, 0.259207, 0.838329, 0.000000,
                         0.737507, 0.398596,-0.545165, 0.000000,
                        -0.475465, 0.879735,-0.000000, 0.000000,
                         0.000001,228.365143, 0.000002, 1.000000;;
                      }
                    } // End of Armature_WingIndex03_L
                  } // End of Armature_WingIndex02_L
                } // End of Armature_WingIndex01_L
                Frame Armature_WingMiddle01_L {
                  FrameTransformMatrix {
                     0.526401, 0.850099, 0.015245, 0.000000,
                    -0.850168, 0.526502,-0.003255, 0.000000,
                    -0.010793,-0.011248, 0.999879, 0.000000,
                    -18.335566,37.623722,-3.889057, 1.000000;;
                  }
                  Frame Armature_WingMiddle02_L {
                    FrameTransformMatrix {
                       0.992900, 0.117832,-0.016289, 0.000000,
                      -0.117913, 0.993015,-0.004137, 0.000000,
                       0.015688, 0.006029, 0.999859, 0.000000,
                       0.000000,205.206207, 0.000013, 1.000000;;
                    }
                    Frame Armature_WingMiddle04_L {
                      FrameTransformMatrix {
                        -0.946809,-0.303649, 0.106535, 0.000000,
                        -0.304713, 0.952421, 0.006532, 0.000000,
                        -0.103450,-0.026278,-0.994287, 0.000000,
                        -7.270270,370.676208,-3.474422, 1.000000;;
                      }
                      Frame Armature_WingMiddle05_L {
                        FrameTransformMatrix {
                          -0.493034,-0.030230,-0.869485, 0.000000,
                          -0.867855,-0.053211, 0.493960, 0.000000,
                          -0.061199, 0.998126,-0.000000, 0.000000,
                          -31.631226,539.507141,-7.139721, 1.000000;;
                        }
                      } // End of Armature_WingMiddle05_L
                    } // End of Armature_WingMiddle04_L
                  } // End of Armature_WingMiddle02_L
                } // End of Armature_WingMiddle01_L
                Frame Armature_WingPinky01_L {
                  FrameTransformMatrix {
                    -0.252966,-0.964142, 0.080241, 0.000000,
                    -0.965387, 0.256997, 0.044508, 0.000000,
                    -0.063534,-0.066204,-0.995781, 0.000000,
                    -61.174335,16.226593,-8.790386, 1.000000;;
                  }
                  Frame Armature_WingPinky02_L {
                    FrameTransformMatrix {
                       0.977515,-0.197933, 0.072713, 0.000000,
                       0.195876, 0.980022, 0.034484, 0.000000,
                      -0.078086,-0.019466, 0.996756, 0.000000,
                       0.000009,195.337509,-0.000005, 1.000000;;
                    }
                    Frame Armature_WingPinky04_L {
                      FrameTransformMatrix {
                         0.969579,-0.244774, 0.001311, 0.000000,
                         0.244773, 0.969580, 0.001083, 0.000000,
                        -0.001536,-0.000729, 0.999999, 0.000000,
                         0.229246,253.069763, 3.635029, 1.000000;;
                      }
                      Frame Armature_WingPinky05_L {
                        FrameTransformMatrix {
                          -0.445037,-0.367401,-0.816675, 0.000000,
                          -0.629791,-0.519924, 0.577098, 0.000000,
                          -0.636635, 0.771165,-0.000000, 0.000000,
                          -10.885807,281.533661,-8.118965, 1.000000;;
                        }
                      } // End of Armature_WingPinky05_L
                    } // End of Armature_WingPinky04_L
                  } // End of Armature_WingPinky02_L
                } // End of Armature_WingPinky01_L
                Frame Armature_WingRing01_L {
                  FrameTransformMatrix {
                     0.413674, 0.907668, 0.070799, 0.000000,
                    -0.908943, 0.416186,-0.024750, 0.000000,
                    -0.051930,-0.054114, 0.997184, 0.000000,
                    -39.982140,25.864689,-5.638382, 1.000000;;
                  }
                  Frame Armature_WingRing02_L {
                    FrameTransformMatrix {
                      -0.972438,-0.142164, 0.184806, 0.000000,
                      -0.143709, 0.989607, 0.005080, 0.000000,
                      -0.183607,-0.021618,-0.982762, 0.000000,
                       0.000010,199.690094, 0.000001, 1.000000;;
                    }
                    Frame Armature_WingRing04_L {
                      FrameTransformMatrix {
                         0.959317,-0.279679, 0.038613, 0.000000,
                         0.279406, 0.960093, 0.012408, 0.000000,
                        -0.040543,-0.001115, 0.999177, 0.000000,
                        14.586178,326.020874, 6.447906, 1.000000;;
                      }
                      Frame Armature_WingRing05_L {
                        FrameTransformMatrix {
                          -0.501265,-0.161077,-0.850169, 0.000000,
                          -0.809405,-0.260096, 0.526510, 0.000000,
                          -0.305934, 0.952053,-0.000000, 0.000000,
                          -34.832035,405.853333,-4.218796, 1.000000;;
                        }
                      } // End of Armature_WingRing05_L
                    } // End of Armature_WingRing04_L
                  } // End of Armature_WingRing02_L
                } // End of Armature_WingRing01_L
              } // End of Armature_Wing03_L
              Frame Armature_WingThumb01_L {
                FrameTransformMatrix {
                   0.009963,-0.000785,-0.000337, 0.000000,
                  -0.000797,-0.009962,-0.000354, 0.000000,
                  -0.000308, 0.000380,-0.009988, 0.000000,
                  22.584702,-147.901794,-4.445168, 1.000000;;
                }
              } // End of Armature_WingThumb01_L
            } // End of Armature_Wing02_L
          } // End of Armature_Wing01_L
          Frame Armature_Wing01_R {
            FrameTransformMatrix {
               0.583986,-0.523539,-0.620377, 0.000000,
              -0.715008,-0.693589,-0.087742, 0.000000,
              -0.384350, 0.494815,-0.779380, 0.000000,
              -56.106003,20.234127,89.395592, 1.000000;;
            }
            Frame Armature_Wing02_R {
              FrameTransformMatrix {
                -0.935632, 0.352203,-0.023372, 0.000000,
                -0.351871,-0.935891,-0.017208, 0.000000,
                -0.027935,-0.007876, 0.999579, 0.000000,
                -0.000017,299.244110,-0.000001, 1.000000;;
              }
              Frame Armature_Wing03_R {
                FrameTransformMatrix {
                  -0.024802,-0.966828,-0.254222, 0.000000,
                  -0.374914, 0.244735,-0.894172, 0.000000,
                   0.926728, 0.073134,-0.368547, 0.000000,
                   0.000008,468.654938, 0.000036, 1.000000;;
                }
                Frame Armature_WingIndex01_R {
                  FrameTransformMatrix {
                     0.715753,-0.698343,-0.003767, 0.000000,
                     0.698349, 0.715758, 0.000123, 0.000000,
                     0.002611,-0.002719, 0.999993, 0.000000,
                    -0.000029,40.398037, 0.000000, 1.000000;;
                  }
                  Frame Armature_WingIndex02_R {
                    FrameTransformMatrix {
                       0.957453,-0.284947, 0.045705, 0.000000,
                       0.286241, 0.957839,-0.024701, 0.000000,
                      -0.036740, 0.036733, 0.998650, 0.000000,
                       0.000034,209.265167,-0.000031, 1.000000;;
                    }
                    Frame Armature_WingIndex03_R {
                      FrameTransformMatrix {
                         0.479598,-0.259205,-0.838331, 0.000000,
                         0.737510,-0.398595, 0.545161, 0.000000,
                        -0.475463,-0.879736, 0.000001, 0.000000,
                         0.000008,228.364349, 0.000053, 1.000000;;
                      }
                    } // End of Armature_WingIndex03_R
                  } // End of Armature_WingIndex02_R
                } // End of Armature_WingIndex01_R
                Frame Armature_WingMiddle01_R {
                  FrameTransformMatrix {
                     0.518918,-0.854689,-0.015222, 0.000000,
                     0.854756, 0.519019,-0.003391, 0.000000,
                     0.010799,-0.011251, 0.999878, 0.000000,
                    18.335289,37.623695,-3.888870, 1.000000;;
                  }
                  Frame Armature_WingMiddle02_R {
                    FrameTransformMatrix {
                       0.992900,-0.117830, 0.016295, 0.000000,
                       0.117912, 0.993015,-0.004139, 0.000000,
                      -0.015694, 0.006031, 0.999859, 0.000000,
                       0.000023,205.206055,-0.000031, 1.000000;;
                    }
                    Frame Armature_WingMiddle04_R {
                      FrameTransformMatrix {
                        -0.946811, 0.303651,-0.106511, 0.000000,
                         0.304716, 0.952421, 0.006531, 0.000000,
                         0.103427,-0.026272,-0.994290, 0.000000,
                         4.796471,414.726227,-2.164331, 1.000000;;
                      }
                      Frame Armature_WingMiddle05_R {
                        FrameTransformMatrix {
                          -0.493050, 0.030231, 0.869476, 0.000000,
                          -0.867846, 0.053212,-0.493976, 0.000000,
                          -0.061200,-0.998126,-0.000000, 0.000000,
                          16.053211,498.297638,-4.424029, 1.000000;;
                        }
                      } // End of Armature_WingMiddle05_R
                    } // End of Armature_WingMiddle04_R
                  } // End of Armature_WingMiddle02_R
                } // End of Armature_WingMiddle01_R
                Frame Armature_WingPinky01_R {
                  FrameTransformMatrix {
                    -0.247277, 0.965639,-0.079971, 0.000000,
                     0.966860, 0.251314, 0.044976, 0.000000,
                     0.063528,-0.066199,-0.995782, 0.000000,
                    61.174248,16.226658,-8.790611, 1.000000;;
                  }
                  Frame Armature_WingPinky02_R {
                    FrameTransformMatrix {
                       0.977515, 0.197936,-0.072710, 0.000000,
                      -0.195878, 0.980022, 0.034484, 0.000000,
                       0.078083,-0.019466, 0.996757, 0.000000,
                       0.000008,195.337708,-0.000015, 1.000000;;
                    }
                    Frame Armature_WingPinky04_R {
                      FrameTransformMatrix {
                         0.969580, 0.244773,-0.001310, 0.000000,
                        -0.244772, 0.969580, 0.001081, 0.000000,
                         0.001535,-0.000728, 0.999998, 0.000000,
                        -9.829587,246.306580, 2.711332, 1.000000;;
                      }
                      Frame Armature_WingPinky05_R {
                        FrameTransformMatrix {
                          -0.445037, 0.367399, 0.816676, 0.000000,
                          -0.629793, 0.519924,-0.577096, 0.000000,
                          -0.636634,-0.771166,-0.000000, 0.000000,
                          21.847836,285.742310,-7.185257, 1.000000;;
                        }
                      } // End of Armature_WingPinky05_R
                    } // End of Armature_WingPinky04_R
                  } // End of Armature_WingPinky02_R
                } // End of Armature_WingPinky01_R
                Frame Armature_WingRing01_R {
                  FrameTransformMatrix {
                     0.410744,-0.909003,-0.070728, 0.000000,
                     0.910270, 0.413260,-0.024983, 0.000000,
                     0.051939,-0.054120, 0.997183, 0.000000,
                    39.982002,25.864464,-5.638542, 1.000000;;
                  }
                  Frame Armature_WingRing02_R {
                    FrameTransformMatrix {
                      -0.972430, 0.142168,-0.184844, 0.000000,
                       0.143713, 0.989606, 0.005081, 0.000000,
                       0.183645,-0.021624,-0.982755, 0.000000,
                      -0.000015,199.690475,-0.000019, 1.000000;;
                    }
                    Frame Armature_WingRing04_R {
                      FrameTransformMatrix {
                         0.959316, 0.279678,-0.038642, 0.000000,
                        -0.279405, 0.960093, 0.012417, 0.000000,
                         0.040573,-0.001115, 0.999176, 0.000000,
                        -13.788990,362.525970, 6.754232, 1.000000;;
                      }
                      Frame Armature_WingRing05_R {
                        FrameTransformMatrix {
                          -0.501261, 0.161076, 0.850172, 0.000000,
                          -0.809408, 0.260096,-0.526506, 0.000000,
                          -0.305934,-0.952053,-0.000000, 0.000000,
                          23.868977,371.023804,-4.515388, 1.000000;;
                        }
                      } // End of Armature_WingRing05_R
                    } // End of Armature_WingRing04_R
                  } // End of Armature_WingRing02_R
                } // End of Armature_WingRing01_R
              } // End of Armature_Wing03_R
              Frame Armature_WingThumb01_R {
                FrameTransformMatrix {
                   0.009964, 0.000785, 0.000338, 0.000000,
                   0.000797,-0.009962,-0.000354, 0.000000,
                   0.000309, 0.000380,-0.009988, 0.000000,
                  -27.368271,-152.163483,-4.530755, 1.000000;;
                }
              } // End of Armature_WingThumb01_R
            } // End of Armature_Wing02_R
          } // End of Armature_Wing01_R
        } // End of Armature_Spine02
      } // End of Armature_Spine01
      Frame Armature_UpperLeg_L {
        FrameTransformMatrix {
           0.077377, 0.913974,-0.398327, 0.000000,
          -0.990954, 0.114442, 0.070094, 0.000000,
           0.109650, 0.389300, 0.914561, 0.000000,
           6.620111,85.229713,-42.187744, 1.000000;;
        }
        Frame Armature_LowerLeg_L {
          FrameTransformMatrix {
            -0.662023,-0.712640, 0.232098, 0.000000,
             0.679336,-0.701374,-0.215817, 0.000000,
             0.316587, 0.014797, 0.948448, 0.000000,
            -0.000001,179.437576,-0.000007, 1.000000;;
          }
          Frame Armature_Feet_L {
            FrameTransformMatrix {
               0.311404,-0.602606, 0.734775, 0.000000,
               0.525451, 0.753453, 0.395233, 0.000000,
              -0.791788, 0.263011, 0.551269, 0.000000,
               0.000001,155.874390, 0.000001, 1.000000;;
            }
            Frame Armature_IndexToe01_L {
              FrameTransformMatrix {
                 0.999886,-0.015004,-0.001566, 0.000000,
                 0.014004, 0.961815,-0.273343, 0.000000,
                 0.005607, 0.273290, 0.961916, 0.000000,
                -3.430750,25.755127,-25.501066, 1.000000;;
              }
              Frame Armature_IndexToe02_L {
                FrameTransformMatrix {
                   1.000000, 0.000000,-0.000000, 0.000000,
                  -0.000000, 0.999742, 0.022721, 0.000000,
                   0.000000,-0.022721, 0.999742, 0.000000,
                  -2.437461,28.115870,-0.142580, 1.000000;;
                }
                Frame Armature_IndexToe03_L {
                  FrameTransformMatrix {
                     1.000000,-0.000000, 0.000000, 0.000000,
                     0.000000, 0.573462, 0.819232, 0.000000,
                    -0.000000,-0.819232, 0.573462, 0.000000,
                    -0.282480,27.569700,-1.050721, 1.000000;;
                  }
                } // End of Armature_IndexToe03_L
              } // End of Armature_IndexToe02_L
            } // End of Armature_IndexToe01_L
            Frame Armature_MiddleToe01_L {
              FrameTransformMatrix {
                 0.996910, 0.072713,-0.029733, 0.000000,
                -0.068525, 0.989979, 0.123473, 0.000000,
                 0.038413,-0.121054, 0.991903, 0.000000,
                -3.218630,31.106081,-5.303353, 1.000000;;
              }
              Frame Armature_MiddleToe02_L {
                FrameTransformMatrix {
                   1.000000,-0.000000,-0.000000, 0.000000,
                   0.000000, 0.999742, 0.022721, 0.000000,
                   0.000000,-0.022721, 0.999742, 0.000000,
                   0.028369,36.646286, 0.243324, 1.000000;;
                }
                Frame Armature_MiddleToe03_L {
                  FrameTransformMatrix {
                     1.000000, 0.000000,-0.000000, 0.000000,
                     0.000000, 0.573463, 0.819232, 0.000000,
                     0.000000,-0.819232, 0.573462, 0.000000,
                    -0.189627,32.270290,-0.938962, 1.000000;;
                  }
                } // End of Armature_MiddleToe03_L
              } // End of Armature_MiddleToe02_L
            } // End of Armature_MiddleToe01_L
            Frame Armature_PinkyToe01_L {
              FrameTransformMatrix {
                 0.999946,-0.000272,-0.010429, 0.000000,
                 0.004597, 0.908855, 0.417088, 0.000000,
                 0.009365,-0.417113, 0.908807, 0.000000,
                -7.263604,23.997852,14.883971, 1.000000;;
              }
              Frame Armature_PinkyToe02_L {
                FrameTransformMatrix {
