xof 0303txt 0032

template XSkinMeshHeader {
  <3cf169ce-ff7c-44ab-93c0-f78f62d172e2>
  WORD nMaxSkinWeightsPerVertex;
  WORD nMaxSkinWeightsPerFace;
  WORD nBones;
}

template SkinWeights {
  <6f0d123b-bad2-4167-a0d0-80224f25fabb>
  STRING transformNodeName;
  DWORD nWeights;
  array DWORD vertexIndices[nWeights];
  array float weights[nWeights];
  Matrix4x4 matrixOffset;
}

Frame Root {
  FrameTransformMatrix {
     1.000000, 0.000000, 0.000000, 0.000000,
     0.000000,-0.000000, 1.000000, 0.000000,
     0.000000, 1.000000, 0.000000, 0.000000,
     0.000000, 0.000000, 0.000000, 1.000000;;
  }
  Frame Armature {
    FrameTransformMatrix {
       0.010000, 0.000000, 0.000000, 0.000000,
       0.000000,-0.000000, 0.010000, 0.000000,
       0.000000,-0.010000,-0.000000, 0.000000,
       0.000000, 0.000000, 0.000000, 1.000000;;
    }
    Frame Armature_root {
      FrameTransformMatrix {
         1.000000, 0.000000, 0.000000, 0.000000,
         0.000000, 1.000000, 0.000000, 0.000000,
         0.000000, 0.000000, 1.000000, 0.000000,
         0.000000, 0.000009, 0.000000, 1.000000;;
      }
      Frame Armature_ik_foot_root {
        FrameTransformMatrix {
           0.000000,-0.000000,-1.000000, 0.000000,
           1.000000, 0.000000, 0.000000, 0.000000,
           0.000000,-1.000000, 0.000000, 0.000000,
           0.000000, 0.000000, 0.000000, 1.000000;;
        }
        Frame Armature_ik_foot_l {
          FrameTransformMatrix {
             0.999695, 0.021555,-0.012043, 0.000000,
            -0.011666,-0.017528,-0.999778, 0.000000,
            -0.021762, 0.999614,-0.017271, 0.000000,
            -13.964249,27.508148,-13.551298, 1.000000;;
          }
        } // End of Armature_ik_foot_l
        Frame Armature_ik_foot_r {
          FrameTransformMatrix {
            -0.262604,-0.964829, 0.012022, 0.000000,
             0.011742, 0.009263, 0.999889, 0.000000,
            -0.964833, 0.262715, 0.008896, 0.000000,
            30.855328,-11.096511,-13.472943, 1.000000;;
          }
        } // End of Armature_ik_foot_r
      } // End of Armature_ik_foot_root
      Frame Armature_ik_hand_root {
        FrameTransformMatrix {
           1.000000, 0.000000, 0.000000, 0.000000,
           0.000000, 1.000000, 0.000000, 0.000000,
           0.000000, 0.000000, 1.000000, 0.000000,
           0.000000, 0.000000, 0.000000, 1.000000;;
        }
        Frame Armature_ik_hand_gun {
          FrameTransformMatrix {
            -0.126620, 0.779956, 0.612891, 0.000000,
             0.609639,-0.426215, 0.668342, 0.000000,
             0.782501, 0.458268,-0.421524, 0.000000,
            -6.648133,92.632187,-44.700100, 1.000000;;
          }
          Frame Armature_ik_hand_l {
            FrameTransformMatrix {
              -0.124006, 0.582037,-0.803652, 0.000000,
               0.911411, 0.387060, 0.139691, 0.000000,
               0.392367,-0.715135,-0.578473, 0.000000,
              35.921642,63.014484,-1.309035, 1.000000;;
            }
          } // End of Armature_ik_hand_l
          Frame Armature_ik_hand_r {
            FrameTransformMatrix {
               1.000000, 0.000000, 0.000000, 0.000000,
              -0.000000, 1.000000,-0.000000, 0.000000,
               0.000000, 0.000000, 1.000000, 0.000000,
               0.000009, 0.000004,-0.000000, 1.000000;;
            }
          } // End of Armature_ik_hand_r
        } // End of Armature_ik_hand_gun
      } // End of Armature_ik_hand_root
      Frame Armature_pelvis {
        FrameTransformMatrix {
           0.218265, 0.968111,-0.122969, 0.000000,
          -0.805956, 0.249872, 0.536655, 0.000000,
           0.550269,-0.018025, 0.834793, 0.000000,
           0.266242,93.183037,-2.139817, 1.000000;;
        }
        Frame Armature_spine_01 {
          FrameTransformMatrix {
             0.099224,-0.994259, 0.040057, 0.000000,
             0.993059, 0.096388,-0.067406, 0.000000,
             0.063158, 0.046467, 0.996921, 0.000000,
            10.808885, 0.851421, 0.000005, 1.000000;;
          }
          Frame Armature_spine_02 {
            FrameTransformMatrix {
               0.969008, 0.243146,-0.043638, 0.000000,
              -0.243327, 0.969944, 0.001190, 0.000000,
               0.042616, 0.009465, 0.999047, 0.000000,
               3.799585,18.803806, 0.197467, 1.000000;;
            }
            Frame Armature_spine_03 {
              FrameTransformMatrix {
                 0.996788, 0.064105,-0.047993, 0.000000,
                -0.060915, 0.996009, 0.065226, 0.000000,
                 0.051983,-0.062094, 0.996716, 0.000000,
                 0.418754,13.412369, 0.040534, 1.000000;;
              }
              Frame Armature_clavicle_l {
                FrameTransformMatrix {
                   0.889723, 0.146061,-0.432503, 0.000000,
                   0.445145,-0.067587, 0.892905, 0.000000,
                   0.101187,-0.986964,-0.125152, 0.000000,
                  -2.732093,11.883695, 3.781989, 1.000000;;
                }
                Frame Armature_upperarm_l {
                  FrameTransformMatrix {
                     0.923156, 0.362570, 0.127775, 0.000000,
                    -0.255817, 0.331290, 0.908188, 0.000000,
                     0.286951,-0.871086, 0.398584, 0.000000,
                     0.000003,15.784868,-0.000005, 1.000000;;
                  }
                  Frame Armature_lowerarm_l {
                    FrameTransformMatrix {
                       0.897359, 0.441156,-0.011339, 0.000000,
                      -0.440408, 0.896880, 0.040581, 0.000000,
                       0.028073,-0.031422, 0.999112, 0.000000,
                      -0.000003,30.339952, 0.000002, 1.000000;;
                    }
                    Frame Armature_hand_l {
                      FrameTransformMatrix {
                         0.402300, 0.280194, 0.871577, 0.000000,
                        -0.344580, 0.928350,-0.139395, 0.000000,
                        -0.848186,-0.244249, 0.470024, 0.000000,
                        -0.000002,26.975157,-0.000001, 1.000000;;
                      }
                      Frame Armature_index_01_l {
                        FrameTransformMatrix {
                           0.800539,-0.532902,-0.274142, 0.000000,
                           0.545004, 0.837627,-0.036756, 0.000000,
                           0.249216,-0.119984, 0.960987, 0.000000,
                           1.763468,12.068119, 2.109398, 1.000000;;
                        }
                        Frame Armature_index_02_l {
                          FrameTransformMatrix {
                             0.760097,-0.645652,-0.073391, 0.000000,
                             0.649750, 0.756701, 0.072316, 0.000000,
                             0.008844,-0.102653, 0.994678, 0.000000,
                            -0.000001, 4.287507,-0.000003, 1.000000;;
                          }
                          Frame Armature_index_03_l {
                            FrameTransformMatrix {
                               0.905370,-0.424184,-0.019284, 0.000000,
                               0.424088, 0.905576,-0.009033, 0.000000,
                               0.021294, 0.000000, 0.999773, 0.000000,
                               0.000006, 3.393804,-0.000002, 1.000000;;
                            }
                          } // End of Armature_index_03_l
                        } // End of Armature_index_02_l
                      } // End of Armature_index_01_l
                      Frame Armature_middle_01_l {
                        FrameTransformMatrix {
                           0.656225,-0.752828, 0.051170, 0.000000,
                           0.747305, 0.639031,-0.182137, 0.000000,
                           0.104419, 0.157762, 0.981941, 0.000000,
                           1.293649,12.244284,-0.571164, 1.000000;;
                        }
                        Frame Armature_middle_02_l {
                          FrameTransformMatrix {
                             0.660069,-0.750856,-0.022896, 0.000000,
                             0.749195, 0.655770, 0.093122, 0.000000,
                            -0.054907,-0.078621, 0.995391, 0.000000,
                             0.000001, 4.640372, 0.000000, 1.000000;;
                          }
                          Frame Armature_middle_03_l {
                            FrameTransformMatrix {
                               0.887975,-0.459883,-0.002909, 0.000000,
                               0.459881, 0.887980,-0.001506, 0.000000,
                               0.003275,-0.000000, 0.999995, 0.000000,
                               0.000012, 3.648837,-0.000001, 1.000000;;
                            }
                          } // End of Armature_middle_03_l
                        } // End of Armature_middle_02_l
                      } // End of Armature_middle_01_l
                      Frame Armature_pinky_01_l {
                        FrameTransformMatrix {
                           0.461878,-0.758251, 0.460136, 0.000000,
                           0.878028, 0.464266,-0.116296, 0.000000,
                          -0.125444, 0.457726, 0.880199, 0.000000,
                           2.263155,10.140673,-4.643153, 1.000000;;
                        }
                        Frame Armature_pinky_02_l {
                          FrameTransformMatrix {
                             0.497021,-0.867225,-0.029843, 0.000000,
                             0.866787, 0.497792,-0.029735, 0.000000,
                             0.040642,-0.011088, 0.999112, 0.000000,
                            -0.000001, 3.570989, 0.000000, 1.000000;;
                          }
                          Frame Armature_pinky_03_l {
                            FrameTransformMatrix {
                               0.712794,-0.701355,-0.005108, 0.000000,
                               0.701337, 0.712812,-0.005027, 0.000000,
                               0.007167, 0.000001, 0.999974, 0.000000,
                              -0.000005, 2.985627,-0.000003, 1.000000;;
                            }
                          } // End of Armature_pinky_03_l
                        } // End of Armature_pinky_02_l
                      } // End of Armature_pinky_01_l
                      Frame Armature_ring_01_l {
                        FrameTransformMatrix {
                           0.459577,-0.812321, 0.359058, 0.000000,
                           0.882274, 0.463950,-0.079644, 0.000000,
                          -0.101888, 0.353391, 0.929911, 0.000000,
                           1.753521,11.497894,-2.846915, 1.000000;;
                        }
                        Frame Armature_ring_02_l {
                          FrameTransformMatrix {
                             0.846938,-0.531539,-0.012767, 0.000000,
                             0.531603, 0.846991, 0.002061, 0.000000,
                             0.009718,-0.008532, 0.999916, 0.000000,
                            -0.000002, 4.430186, 0.000000, 1.000000;;
                          }
                          Frame Armature_ring_03_l {
                            FrameTransformMatrix {
                               0.912722,-0.408581, 0.000365, 0.000000,
                               0.408581, 0.912722, 0.000162, 0.000000,
                              -0.000399, 0.000001, 1.000000, 0.000000,
                              -0.000004, 3.476660,-0.000001, 1.000000;;
                            }
                          } // End of Armature_ring_03_l
                        } // End of Armature_ring_02_l
                      } // End of Armature_ring_01_l
                      Frame Armature_thumb_01_l {
                        FrameTransformMatrix {
                          -0.049893, 0.340793,-0.938814, 0.000000,
                           0.696401, 0.685660, 0.211887, 0.000000,
                           0.715917,-0.643219,-0.271538, 0.000000,
                           2.374982, 4.762039, 2.537819, 1.000000;;
                        }
                        Frame Armature_thumb_02_l {
                          FrameTransformMatrix {
                             0.994918,-0.094576,-0.034550, 0.000000,
                             0.097444, 0.990808, 0.093830, 0.000000,
                             0.025358,-0.096720, 0.994989, 0.000000,
                            -0.000008, 3.869684, 0.000000, 1.000000;;
                          }
                          Frame Armature_thumb_03_l {
                            FrameTransformMatrix {
                               0.993103,-0.092365,-0.072210, 0.000000,
                               0.099652, 0.989482, 0.104859, 0.000000,
                               0.061765,-0.111332, 0.991862, 0.000000,
                              -0.000003, 4.062174, 0.000002, 1.000000;;
                            }
                          } // End of Armature_thumb_03_l
                        } // End of Armature_thumb_02_l
                      } // End of Armature_thumb_01_l
                    } // End of Armature_hand_l
                    Frame Armature_lowerarm_twist_01_l {
                      FrameTransformMatrix {
                         0.976179,-0.000000,-0.216966, 0.000000,
                         0.000000, 1.000000,-0.000000, 0.000000,
                         0.216966, 0.000000, 0.976179, 0.000000,
                         0.000000,14.000007,-0.000001, 1.000000;;
                      }
                    } // End of Armature_lowerarm_twist_01_l
                  } // End of Armature_lowerarm_l
                  Frame Armature_upperarm_twist_01_l {
                    FrameTransformMatrix {
                       0.970777, 0.000000,-0.239984, 0.000000,
                      -0.000000, 1.000000,-0.000000, 0.000000,
                       0.239984, 0.000000, 0.970777, 0.000000,
                       0.000009, 0.500011, 0.000003, 1.000000;;
                    }
                  } // End of Armature_upperarm_twist_01_l
                } // End of Armature_upperarm_l
              } // End of Armature_clavicle_l
              Frame Armature_clavicle_r {
                FrameTransformMatrix {
                  -0.945834,-0.129491,-0.297709, 0.000000,
                   0.313345,-0.124215,-0.941480, 0.000000,
                   0.084934,-0.983769, 0.158063, 0.000000,
                  -2.732110,11.883779,-3.782000, 1.000000;;
                }
                Frame Armature_upperarm_r {
                  FrameTransformMatrix {
                     0.994114,-0.013151,-0.107534, 0.000000,
                     0.101722, 0.454798, 0.884766, 0.000000,
                     0.037271,-0.890498, 0.453459, 0.000000,
                    -0.000045,15.784746, 0.000048, 1.000000;;
                  }
                  Frame Armature_lowerarm_r {
                    FrameTransformMatrix {
                       0.984122,-0.111448,-0.138143, 0.000000,
                       0.114541, 0.993311, 0.014622, 0.000000,
                       0.135590,-0.030213, 0.990304, 0.000000,
                      -0.000003,30.340080,-0.000007, 1.000000;;
                    }
                    Frame Armature_hand_r {
                      FrameTransformMatrix {
                         0.414125,-0.103334,-0.904336, 0.000000,
                        -0.273844, 0.933360,-0.232053, 0.000000,
                         0.868050, 0.343746, 0.358230, 0.000000,
                        -0.000005,26.975264,-0.000017, 1.000000;;
                      }
                      Frame Armature_index_01_r {
                        FrameTransformMatrix {
                           0.680580, 0.711086, 0.176545, 0.000000,
                          -0.685835, 0.703072,-0.187937, 0.000000,
                          -0.257763, 0.006826, 0.966184, 0.000000,
                          -1.763755,12.067952, 2.109448, 1.000000;;
                        }
                        Frame Armature_index_02_r {
                          FrameTransformMatrix {
                            -0.096425, 0.990317, 0.099871, 0.000000,
                            -0.995295,-0.094973,-0.019196, 0.000000,
                            -0.009526,-0.101252, 0.994815, 0.000000,
                            -0.000001, 4.287695,-0.000009, 1.000000;;
                          }
                          Frame Armature_index_03_r {
                            FrameTransformMatrix {
                               0.666919, 0.744995, 0.014214, 0.000000,
                              -0.744826, 0.667071,-0.015845, 0.000000,
                              -0.021286,-0.000020, 0.999773, 0.000000,
                               0.000124, 3.393709,-0.000017, 1.000000;;
                            }
                          } // End of Armature_index_03_r
                        } // End of Armature_index_02_r
                      } // End of Armature_index_01_r
                      Frame Armature_middle_01_r {
                        FrameTransformMatrix {
                           0.441929, 0.896672,-0.026036, 0.000000,
                          -0.895749, 0.439540,-0.066611, 0.000000,
                          -0.048285, 0.052759, 0.997439, 0.000000,
                          -1.293756,12.244120,-0.571114, 1.000000;;
                        }
                        Frame Armature_middle_02_r {
                          FrameTransformMatrix {
                             0.178865, 0.979905, 0.088287, 0.000000,
                            -0.981563, 0.171578, 0.084230, 0.000000,
                             0.067389,-0.101725, 0.992527, 0.000000,
                            -0.000142, 4.640560, 0.000009, 1.000000;;
                          }
                          Frame Armature_middle_03_r {
                            FrameTransformMatrix {
                               0.131040, 0.991377, 0.000430, 0.000000,
                              -0.991372, 0.131040,-0.003243, 0.000000,
                              -0.003271,-0.000001, 0.999995, 0.000000,
                               0.000038, 3.648913, 0.000003, 1.000000;;
                            }
                          } // End of Armature_middle_03_r
                        } // End of Armature_middle_02_r
                      } // End of Armature_middle_01_r
                      Frame Armature_pinky_01_r {
                        FrameTransformMatrix {
                           0.827082, 0.473668,-0.302614, 0.000000,
                          -0.535493, 0.827640,-0.168105, 0.000000,
                           0.170829, 0.301084, 0.938172, 0.000000,
                          -2.263376,10.140593,-4.643090, 1.000000;;
                        }
                        Frame Armature_pinky_02_r {
                          FrameTransformMatrix {
                             0.135758, 0.989591, 0.047734, 0.000000,
                            -0.990283, 0.137004,-0.023853, 0.000000,
                            -0.030144,-0.044031, 0.998575, 0.000000,
                            -0.000077, 3.571057,-0.000016, 1.000000;;
                          }
                          Frame Armature_pinky_03_r {
                            FrameTransformMatrix {
                              -0.138522, 0.990359,-0.000993, 0.000000,
                              -0.990334,-0.138526,-0.007093, 0.000000,
                              -0.007163, 0.000001, 0.999974, 0.000000,
                               0.000322, 2.985418,-0.000030, 1.000000;;
                            }
                          } // End of Armature_pinky_03_r
                        } // End of Armature_pinky_02_r
                      } // End of Armature_pinky_01_r
                      Frame Armature_ring_01_r {
                        FrameTransformMatrix {
                           0.488693, 0.835028,-0.252800, 0.000000,
                          -0.863051, 0.505116, 0.000075, 0.000000,
                           0.127756, 0.218143, 0.967518, 0.000000,
                          -1.753792,11.497972,-2.846911, 1.000000;;
                        }
                        Frame Armature_ring_02_r {
                          FrameTransformMatrix {
                            -0.098077, 0.994968, 0.020464, 0.000000,
                            -0.995158,-0.097921,-0.008487, 0.000000,
                            -0.006441,-0.021198, 0.999755, 0.000000,
                             0.000077, 4.429877,-0.000023, 1.000000;;
                          }
                          Frame Armature_ring_03_r {
                            FrameTransformMatrix {
                               0.264060, 0.964506,-0.000106, 0.000000,
                              -0.964506, 0.264060, 0.000387, 0.000000,
                               0.000401,-0.000000, 1.000000, 0.000000,
                               0.000075, 3.476657,-0.000007, 1.000000;;
                            }
                          } // End of Armature_ring_03_r
                        } // End of Armature_ring_02_r
                      } // End of Armature_ring_01_r
                      Frame Armature_thumb_01_r {
                        FrameTransformMatrix {
                           0.166773,-0.399669, 0.901361, 0.000000,
                          -0.684861, 0.610701, 0.397504, 0.000000,
                          -0.709332,-0.683600,-0.171869, 0.000000,
                          -2.375122, 4.762135, 2.537811, 1.000000;;
                        }
                        Frame Armature_thumb_02_r {
                          FrameTransformMatrix {
                             0.809495, 0.587038, 0.010220, 0.000000,
                            -0.587124, 0.809316, 0.017115, 0.000000,
                             0.001776,-0.019855, 0.999801, 0.000000,
                             0.000108, 3.869569, 0.000045, 1.000000;;
                          }
                          Frame Armature_thumb_03_r {
                            FrameTransformMatrix {
                               0.696233, 0.717189, 0.029995, 0.000000,
                              -0.716525, 0.696879,-0.030869, 0.000000,
                              -0.043042, 0.000000, 0.999073, 0.000000,
                              -0.000007, 4.062187, 0.000003, 1.000000;;
                            }
                          } // End of Armature_thumb_03_r
                        } // End of Armature_thumb_02_r
                      } // End of Armature_thumb_01_r
                      Frame Armature_weapon_r {
                        FrameTransformMatrix {
                          -0.005470,-0.000001,-0.999985, 0.000000,
                          -0.000001,-1.000000, 0.000001, 0.000000,
                          -0.999985, 0.000001, 0.005470, 0.000000,
                          -4.667002,11.309012,-1.092999, 1.000000;;
                        }
                      } // End of Armature_weapon_r
                    } // End of Armature_hand_r
                    Frame Armature_lowerarm_twist_01_r {
                      FrameTransformMatrix {
                         0.999873,-0.000000,-0.015963, 0.000000,
                         0.000000, 1.000000, 0.000000, 0.000000,
                         0.015963,-0.000000, 0.999873, 0.000000,
                         0.000025,14.000013,-0.000009, 1.000000;;
                      }
                    } // End of Armature_lowerarm_twist_01_r
                  } // End of Armature_lowerarm_r
                  Frame Armature_upperarm_twist_01_r {
                    FrameTransformMatrix {
                       0.998770,-0.000000, 0.049582, 0.000000,
                       0.000000, 1.000000,-0.000000, 0.000000,
                      -0.049582, 0.000000, 0.998770, 0.000000,
                      -0.000004, 0.500018, 0.000001, 1.000000;;
                    }
                  } // End of Armature_upperarm_twist_01_r
                } // End of Armature_upperarm_r
              } // End of Armature_clavicle_r
              Frame Armature_neck_01 {
                FrameTransformMatrix {
                   0.669684, 0.417750,-0.614009, 0.000000,
                  -0.406392, 0.898153, 0.167830, 0.000000,
                   0.621585, 0.137135, 0.771249, 0.000000,
                  -0.355322,16.558779, 0.000002, 1.000000;;
                }
                Frame Armature_head {
                  FrameTransformMatrix {
                     0.990519,-0.137100,-0.008721, 0.000000,
                     0.135011, 0.959771, 0.246193, 0.000000,
                    -0.025383,-0.245037, 0.969182, 0.000000,
                     0.364159, 9.283616, 0.000004, 1.000000;;
                  }
                } // End of Armature_head
              } // End of Armature_neck_01
            } // End of Armature_spine_03
          } // End of Armature_spine_02
        } // End of Armature_spine_01
        Frame Armature_sword_holder {
          FrameTransformMatrix {
            -0.909315, 0.370363, 0.189679, 0.000000,
            -0.355306,-0.928335, 0.109324, 0.000000,
             0.216575, 0.032016, 0.975741, 0.000000,
            13.979997,19.493004,16.301014, 1.000000;;
          }
        } // End of Armature_sword_holder
        Frame Armature_thigh_l {
          FrameTransformMatrix {
            -0.159040,-0.513038,-0.843504, 0.000000,
            -0.859693,-0.348114, 0.373823, 0.000000,
            -0.485421, 0.784607,-0.385691, 0.000000,
            -1.448821, 0.531423, 9.005810, 1.000000;;
          }
          Frame Armature_calf_l {
            FrameTransformMatrix {
               0.957042,-0.274610,-0.093062, 0.000000,
               0.276409, 0.961016, 0.006770, 0.000000,
               0.087575,-0.032202, 0.995637, 0.000000,
               0.001576,42.536957, 0.000147, 1.000000;;
            }
            Frame Armature_calf_twist_01_l {
              FrameTransformMatrix {
                 0.999841,-0.015271,-0.009270, 0.000000,
                 0.015236, 0.999877,-0.003824, 0.000000,
                 0.009327, 0.003682, 0.999950, 0.000000,
                -0.000001,20.476772,-0.000001, 1.000000;;
              }
            } // End of Armature_calf_twist_01_l
            Frame Armature_foot_l {
              FrameTransformMatrix {
                 0.013326,-0.970282,-0.241611, 0.000000,
                -0.995242,-0.036194, 0.090459, 0.000000,
                -0.096516, 0.239256,-0.966147, 0.000000,
                 0.000167,40.196678, 0.000188, 1.000000;;
              }
              Frame Armature_ball_l {
                FrameTransformMatrix {
                   0.024621, 0.999697, 0.000197, 0.000000,
                  -0.999697, 0.024621, 0.000077, 0.000000,
                   0.000072,-0.000199, 1.000000, 0.000000,
                  -10.453843,16.577856,-0.080154, 1.000000;;
                }
              } // End of Armature_ball_l
            } // End of Armature_foot_l
          } // End of Armature_calf_l
          Frame Armature_thigh_twist_01_l {
            FrameTransformMatrix {
               0.502483,-0.000497,-0.864587, 0.000000,
               0.000983, 0.999999,-0.000004, 0.000000,
               0.864587,-0.000848, 0.502483, 0.000000,
               0.000002,22.094240, 0.000000, 1.000000;;
            }
          } // End of Armature_thigh_twist_01_l
        } // End of Armature_thigh_l
        Frame Armature_thigh_r {
          FrameTransformMatrix {
            -0.096000, 0.949809,-0.297736, 0.000000,
            -0.938464,-0.186065,-0.290973, 0.000000,
            -0.331767, 0.251481, 0.909224, 0.000000,
            -1.448639, 0.531432,-9.005799, 1.000000;;
          }
          Frame Armature_calf_r {
            FrameTransformMatrix {
               0.948095, 0.304614, 0.091251, 0.000000,
              -0.306045, 0.952015, 0.001775, 0.000000,
              -0.086331,-0.029610, 0.995826, 0.000000,
              -0.001148,42.529812, 0.000307, 1.000000;;
            }
            Frame Armature_calf_twist_01_r {
              FrameTransformMatrix {
                 0.997999, 0.014972,-0.061438, 0.000000,
                -0.015235, 0.999876,-0.003824, 0.000000,
                 0.061373, 0.004752, 0.998104, 0.000000,
                -0.000004,20.476938,-0.000006, 1.000000;;
              }
            } // End of Armature_calf_twist_01_r
            Frame Armature_foot_r {
              FrameTransformMatrix {
                 0.160394, 0.954729, 0.250532, 0.000000,
                 0.986894,-0.150562,-0.058062, 0.000000,
                -0.017713, 0.256562,-0.966366, 0.000000,
                 0.000006,40.196838, 0.000240, 1.000000;;
              }
              Frame Armature_ball_r {
                FrameTransformMatrix {
                  -0.002068,-0.999998, 0.000626, 0.000000,
                   0.999998,-0.002068, 0.000072, 0.000000,
                  -0.000071, 0.000627, 1.000000, 0.000000,
                  10.453815,16.577793,-0.080169, 1.000000;;
                }
              } // End of Armature_ball_r
            } // End of Armature_foot_r
          } // End of Armature_calf_r
          Frame Armature_thigh_twist_01_r {
            FrameTransformMatrix {
               0.971316, 0.000955, 0.237789, 0.000000,
              -0.000983, 0.999999,-0.000002, 0.000000,
              -0.237789,-0.000232, 0.971317, 0.000000,
               0.000000,22.094242,-0.000003, 1.000000;;
            }
          } // End of Armature_thigh_twist_01_r
        } // End of Armature_thigh_r
      } // End of Armature_pelvis
    } // End of Armature_root
  } // End of Armature
} // End of Root
AnimationSet Global {
  Animation {
    {Armature}
    AnimationKey { // Rotation
      0;
      32;
      0;4;-0.707107, 0.707107, 0.000000, 0.000000;;,
      1;4;-0.707107, 0.707107, 0.000000, 0.000000;;,
      2;4;-0.707107, 0.707107, 0.000000, 0.000000;;,
      3;4;-0.707107, 0.707107, 0.000000, 0.000000;;,
      4;4;-0.707107, 0.707107, 0.000000, 0.000000;;,
      5;4;-0.707107, 0.707107, 0.000000, 0.000000;;,
      6;4;-0.707107, 0.707107, 0.000000, 0.000000;;,
      7;4;-0.707107, 0.707107, 0.000000, 0.000000;;,
      8;4;-0.707107, 0.707107, 0.000000, 0.000000;;,
      9;4;-0.707107, 0.707107, 0.000000, 0.000000;;,
      10;4;-0.707107, 0.707107, 0.000000, 0.000000;;,
      11;4;-0.707107, 0.707107, 0.000000, 0.000000;;,
      12;4;-0.707107, 0.707107, 0.000000, 0.000000;;,
      13;4;-0.707107, 0.707107, 0.000000, 0.000000;;,
      14;4;-0.707107, 0.707107, 0.000000, 0.000000;;,
      15;4;-0.707107, 0.707107, 0.000000, 0.000000;;,
      16;4;-0.707107, 0.707107, 0.000000, 0.000000;;,
      17;4;-0.707107, 0.707107, 0.000000, 0.000000;;,
      18;4;-0.707107, 0.707107, 0.000000, 0.000000;;,
      19;4;-0.707107, 0.707107, 0.000000, 0.000000;;,
      20;4;-0.707107, 0.707107, 0.000000, 0.000000;;,
      21;4;-0.707107, 0.707107, 0.000000, 0.000000;;,
      22;4;-0.707107, 0.707107, 0.000000, 0.000000;;,
      23;4;-0.707107, 0.707107, 0.000000, 0.000000;;,
      24;4;-0.707107, 0.707107, 0.000000, 0.000000;;,
      25;4;-0.707107, 0.707107, 0.000000, 0.000000;;,
      26;4;-0.707107, 0.707107, 0.000000, 0.000000;;,
      27;4;-0.707107, 0.707107, 0.000000, 0.000000;;,
      28;4;-0.707107, 0.707107, 0.000000, 0.000000;;,
      29;4;-0.707107, 0.707107, 0.000000, 0.000000;;,
      30;4;-0.707107, 0.707107, 0.000000, 0.000000;;,
      31;4;-0.707107, 0.707107, 0.000000, 0.000000;;;
    }
    AnimationKey { // Scale
      1;
      32;
      0;3; 0.010000, 0.010000, 0.010000;;,
      1;3; 0.010000, 0.010000, 0.010000;;,
      2;3; 0.010000, 0.010000, 0.010000;;,
      3;3; 0.010000, 0.010000, 0.010000;;,
      4;3; 0.010000, 0.010000, 0.010000;;,
      5;3; 0.010000, 0.010000, 0.010000;;,
      6;3; 0.010000, 0.010000, 0.010000;;,
      7;3; 0.010000, 0.010000, 0.010000;;,
      8;3; 0.010000, 0.010000, 0.010000;;,
      9;3; 0.010000, 0.010000, 0.010000;;,
      10;3; 0.010000, 0.010000, 0.010000;;,
      11;3; 0.010000, 0.010000, 0.010000;;,
      12;3; 0.010000, 0.010000, 0.010000;;,
      13;3; 0.010000, 0.010000, 0.010000;;,
      14;3; 0.010000, 0.010000, 0.010000;;,
      15;3; 0.010000, 0.010000, 0.010000;;,
      16;3; 0.010000, 0.010000, 0.010000;;,
      17;3; 0.010000, 0.010000, 0.010000;;,
      18;3; 0.010000, 0.010000, 0.010000;;,
      19;3; 0.010000, 0.010000, 0.010000;;,
      20;3; 0.010000, 0.010000, 0.010000;;,
      21;3; 0.010000, 0.010000, 0.010000;;,
      22;3; 0.010000, 0.010000, 0.010000;;,
      23;3; 0.010000, 0.010000, 0.010000;;,
      24;3; 0.010000, 0.010000, 0.010000;;,
      25;3; 0.010000, 0.010000, 0.010000;;,
      26;3; 0.010000, 0.010000, 0.010000;;,
      27;3; 0.010000, 0.010000, 0.010000;;,
      28;3; 0.010000, 0.010000, 0.010000;;,
      29;3; 0.010000, 0.010000, 0.010000;;,
      30;3; 0.010000, 0.010000, 0.010000;;,
      31;3; 0.010000, 0.010000, 0.010000;;;
    }
    AnimationKey { // Position
      2;
      32;
      0;3; 0.000000, 0.000000, 0.000000;;,
      1;3; 0.000000, 0.000000, 0.000000;;,
      2;3; 0.000000, 0.000000, 0.000000;;,
      3;3; 0.000000, 0.000000, 0.000000;;,
      4;3; 0.000000, 0.000000, 0.000000;;,
      5;3; 0.000000, 0.000000, 0.000000;;,
      6;3; 0.000000, 0.000000, 0.000000;;,
      7;3; 0.000000, 0.000000, 0.000000;;,
      8;3; 0.000000, 0.000000, 0.000000;;,
      9;3; 0.000000, 0.000000, 0.000000;;,
      10;3; 0.000000, 0.000000, 0.000000;;,
      11;3; 0.000000, 0.000000, 0.000000;;,
      12;3; 0.000000, 0.000000, 0.000000;;,
      13;3; 0.000000, 0.000000, 0.000000;;,
      14;3; 0.000000, 0.000000, 0.000000;;,
      15;3; 0.000000, 0.000000, 0.000000;;,
      16;3; 0.000000, 0.000000, 0.000000;;,
      17;3; 0.000000, 0.000000, 0.000000;;,
      18;3; 0.000000, 0.000000, 0.000000;;,
      19;3; 0.000000, 0.000000, 0.000000;;,
      20;3; 0.000000, 0.000000, 0.000000;;,
      21;3; 0.000000, 0.000000, 0.000000;;,
      22;3; 0.000000, 0.000000, 0.000000;;,
      23;3; 0.000000, 0.000000, 0.000000;;,
      24;3; 0.000000, 0.000000, 0.000000;;,
      25;3; 0.000000, 0.000000, 0.000000;;,
      26;3; 0.000000, 0.000000, 0.000000;;,
      27;3; 0.000000, 0.000000, 0.000000;;,
      28;3; 0.000000, 0.000000, 0.000000;;,
      29;3; 0.000000, 0.000000, 0.000000;;,
      30;3; 0.000000, 0.000000, 0.000000;;,
      31;3; 0.000000, 0.000000, 0.000000;;;
    }
  }
  Animation {
    {Armature_root}
    AnimationKey { // Rotation
      0;
      32;
      0;4;-1.000000, 0.000000, 0.000000, 0.000000;;,
      1;4;-1.000000, 0.000000, 0.000000, 0.000000;;,
      2;4;-1.000000, 0.000000, 0.000000, 0.000000;;,
      3;4;-1.000000, 0.000000, 0.000000, 0.000000;;,
      4;4;-1.000000, 0.000000, 0.000000, 0.000000;;,
      5;4;-1.000000, 0.000000, 0.000000, 0.000000;;,
      6;4;-1.000000, 0.000000, 0.000000, 0.000000;;,
      7;4;-1.000000, 0.000000, 0.000000, 0.000000;;,
      8;4;-1.000000, 0.000000, 0.000000, 0.000000;;,
      9;4;-1.000000, 0.000000, 0.000000, 0.000000;;,
      10;4;-1.000000, 0.000000, 0.000000, 0.000000;;,
      11;4;-1.000000, 0.000000, 0.000000, 0.000000;;,
      12;4;-1.000000, 0.000000, 0.000000, 0.000000;;,
      13;4;-1.000000, 0.000000, 0.000000, 0.000000;;,
      14;4;-1.000000, 0.000000, 0.000000, 0.000000;;,
      15;4;-1.000000, 0.000000, 0.000000, 0.000000;;,
      16;4;-1.000000, 0.000000, 0.000000, 0.000000;;,
      17;4;-1.000000, 0.000000, 0.000000, 0.000000;;,
      18;4;-1.000000, 0.000000, 0.000000, 0.000000;;,
      19;4;-1.000000, 0.000000, 0.000000, 0.000000;;,
      20;4;-1.000000, 0.000000, 0.000000, 0.000000;;,
      21;4;-1.000000, 0.000000, 0.000000, 0.000000;;,
      22;4;-1.000000, 0.000000, 0.000000, 0.000000;;,
      23;4;-1.000000, 0.000000, 0.000000, 0.000000;;,
      24;4;-1.000000, 0.000000, 0.000000, 0.000000;;,
      25;4;-1.000000, 0.000000, 0.000000, 0.000000;;,
      26;4;-1.000000, 0.000000, 0.000000, 0.000000;;,
      27;4;-1.000000, 0.000000, 0.000000, 0.000000;;,
      28;4;-1.000000, 0.000000, 0.000000, 0.000000;;,
      29;4;-1.000000, 0.000000, 0.000000, 0.000000;;,
      30;4;-1.000000, 0.000000, 0.000000, 0.000000;;,
      31;4;-1.000000, 0.000000, 0.000000, 0.000000;;;
    }
    AnimationKey { // Scale
      1;
      32;
      0;3; 1.000000, 1.000000, 1.000000;;,
      1;3; 1.000000, 1.000000, 1.000000;;,
      2;3; 1.000000, 1.000000, 1.000000;;,
      3;3; 1.000000, 1.000000, 1.000000;;,
      4;3; 1.000000, 1.000000, 1.000000;;,
      5;3; 1.000000, 1.000000, 1.000000;;,
      6;3; 1.000000, 1.000000, 1.000000;;,
      7;3; 1.000000, 1.000000, 1.000000;;,
      8;3; 1.000000, 1.000000, 1.000000;;,
      9;3; 1.000000, 1.000000, 1.000000;;,
      10;3; 1.000000, 1.000000, 1.000000;;,
      11;3; 1.000000, 1.000000, 1.000000;;,
      12;3; 1.000000, 1.000000, 1.000000;;,
      13;3; 1.000000, 1.000000, 1.000000;;,
      14;3; 1.000000, 1.000000, 1.000000;;,
      15;3; 1.000000, 1.000000, 1.000000;;,
      16;3; 1.000000, 1.000000, 1.000000;;,
      17;3; 1.000000, 1.000000, 1.000000;;,
      18;3; 1.000000, 1.000000, 1.000000;;,
      19;3; 1.000000, 1.000000, 1.000000;;,
      20;3; 1.000000, 1.000000, 1.000000;;,
      21;3; 1.000000, 1.000000, 1.000000;;,
      22;3; 1.000000, 1.000000, 1.000000;;,
      23;3; 1.000000, 1.000000, 1.000000;;,
      24;3; 1.000000, 1.000000, 1.000000;;,
      25;3; 1.000000, 1.000000, 1.000000;;,
      26;3; 1.000000, 1.000000, 1.000000;;,
      27;3; 1.000000, 1.000000, 1.000000;;,
      28;3; 1.000000, 1.000000, 1.000000;;,
      29;3; 1.000000, 1.000000, 1.000000;;,
      30;3; 1.000000, 1.000000, 1.000000;;,
      31;3; 1.000000, 1.000000, 1.000000;;;
    }
    AnimationKey { // Position
      2;
      32;
      0;3; 0.000000, 0.000009, 0.000000;;,
      1;3; 0.000000, 0.000009, 0.000000;;,
      2;3; 0.000000, 0.000009, 0.000000;;,
      3;3; 0.000000, 0.000009, 0.000000;;,
      4;3; 0.000000, 0.000009, 0.000000;;,
      5;3; 0.000000, 0.000009, 0.000000;;,
      6;3; 0.000000, 0.000009, 0.000000;;,
      7;3; 0.000000, 0.000009, 0.000000;;,
      8;3; 0.000000, 0.000009, 0.000000;;,
      9;3; 0.000000, 0.000009, 0.000000;;,
      10;3; 0.000000, 0.000009, 0.000000;;,
      11;3; 0.000000, 0.000009, 0.000000;;,
      12;3; 0.000000, 0.000009, 0.000000;;,
      13;3; 0.000000, 0.000009, 0.000000;;,
      14;3; 0.000000, 0.000009, 0.000000;;,
      15;3; 0.000000, 0.000009, 0.000000;;,
      16;3; 0.000000, 0.000009, 0.000000;;,
      17;3; 0.000000, 0.000009, 0.000000;;,
      18;3; 0.000000, 0.000009, 0.000000;;,
      19;3; 0.000000, 0.000009, 0.000000;;,
      20;3; 0.000000, 0.000009, 0.000000;;,
      21;3; 0.000000, 0.000009, 0.000000;;,
      22;3; 0.000000, 0.000009, 0.000000;;,
      23;3; 0.000000, 0.000009, 0.000000;;,
      24;3; 0.000000, 0.000009, 0.000000;;,
      25;3; 0.000000, 0.000009, 0.000000;;,
      26;3; 0.000000, 0.000009, 0.000000;;,
      27;3; 0.000000, 0.000009, 0.000000;;,
      28;3; 0.000000, 0.000009, 0.000000;;,
      29;3; 0.000000, 0.000009, 0.000000;;,
      30;3; 0.000000, 0.000009, 0.000000;;,
      31;3; 0.000000, 0.000009, 0.000000;;;
    }
  }
  Animation {
    {Armature_pelvis}
    AnimationKey { // Rotation
      0;
      32;
      0;4;-0.769243, 0.152728, 0.309301, 0.537841;;,
      1;4;-0.769525, 0.149813, 0.292451, 0.547595;;,
      2;4;-0.769545, 0.147930, 0.276153, 0.556468;;,
      3;4;-0.769346, 0.147037, 0.260670, 0.564391;;,
      4;4;-0.768975, 0.147083, 0.246258, 0.571315;;,
      5;4;-0.768477, 0.148009, 0.233175, 0.577205;;,
      6;4;-0.767894, 0.149751, 0.221673, 0.582043;;,
      7;4;-0.767301, 0.151844, 0.212257, 0.585781;;,
      8;4;-0.766774, 0.153773, 0.205434, 0.588394;;,
      9;4;-0.766347, 0.155396, 0.201454, 0.589899;;,
      10;4;-0.766041, 0.156576, 0.200570, 0.590286;;,
      11;4;-0.765777, 0.157570, 0.201379, 0.590089;;,
      12;4;-0.765476, 0.158698, 0.202296, 0.589862;;,
      13;4;-0.765147, 0.159929, 0.203297, 0.589613;;,
      14;4;-0.764797, 0.161230, 0.204354, 0.589347;;,
      15;4;-0.764435, 0.162570, 0.205444, 0.589070;;,
      16;4;-0.764069, 0.163917, 0.206539, 0.588788;;,
