xof 0303txt 0032

template XSkinMeshHeader {
  <3cf169ce-ff7c-44ab-93c0-f78f62d172e2>
  WORD nMaxSkinWeightsPerVertex;
  WORD nMaxSkinWeightsPerFace;
  WORD nBones;
}

template SkinWeights {
  <6f0d123b-bad2-4167-a0d0-80224f25fabb>
  STRING transformNodeName;
  DWORD nWeights;
  array DWORD vertexIndices[nWeights];
  array float weights[nWeights];
  Matrix4x4 matrixOffset;
}

Frame Root {
  FrameTransformMatrix {
     1.000000, 0.000000, 0.000000, 0.000000,
     0.000000,-0.000000, 1.000000, 0.000000,
     0.000000, 1.000000, 0.000000, 0.000000,
     0.000000, 0.000000, 0.000000, 1.000000;;
  }
  Frame Armature {
    FrameTransformMatrix {
       0.010000, 0.000000, 0.000000, 0.000000,
       0.000000,-0.000000, 0.010000, 0.000000,
       0.000000,-0.010000,-0.000000, 0.000000,
       0.000000, 0.000000, 0.000000, 1.000000;;
    }
    Frame Armature_root {
      FrameTransformMatrix {
         1.000000, 0.000000, 0.000000, 0.000000,
         0.000000, 1.000000,-0.000000, 0.000000,
         0.000000, 0.000000, 1.000000, 0.000000,
         0.000000, 0.000000, 0.000000, 1.000000;;
      }
      Frame Armature_ik_foot_root {
        FrameTransformMatrix {
           1.000000, 0.000000, 0.000000, 0.000000,
           0.000000, 1.000000, 0.000000, 0.000000,
           0.000000, 0.000000, 1.000000, 0.000000,
           0.000000, 0.000000, 0.000000, 1.000000;;
        }
        Frame Armature_ik_foot_l {
          FrameTransformMatrix {
             0.571447,-0.067982, 0.817818, 0.000000,
            -0.810410,-0.203601, 0.549346, 0.000000,
             0.129163,-0.976691,-0.171441, 0.000000,
            15.338219,65.477364,-8.722366, 1.000000;;
          }
        } // End of Armature_ik_foot_l
        Frame Armature_ik_foot_r {
          FrameTransformMatrix {
             0.120844, 0.484875,-0.866195, 0.000000,
            -0.992338, 0.081617,-0.092755, 0.000000,
             0.025722, 0.870767, 0.491023, 0.000000,
            -15.335641,45.834244,-35.785141, 1.000000;;
          }
        } // End of Armature_ik_foot_r
      } // End of Armature_ik_foot_root
      Frame Armature_ik_hand_root {
        FrameTransformMatrix {
           1.000000, 0.000000, 0.000000, 0.000000,
           0.000000, 1.000000,-0.000000, 0.000000,
           0.000000, 0.000000, 1.000000, 0.000000,
           0.000000, 0.000000, 0.000000, 1.000000;;
        }
        Frame Armature_ik_hand_gun {
          FrameTransformMatrix {
            -0.839642, 0.457012, 0.293499, 0.000000,
            -0.313780, 0.032923,-0.948925, 0.000000,
            -0.443333,-0.888851, 0.115757, 0.000000,
            38.014572,102.435959,22.789436, 1.000000;;
          }
          Frame Armature_ik_hand_l {
            FrameTransformMatrix {
               0.525112,-0.850693, 0.024067, 0.000000,
               0.751083, 0.476551, 0.456916, 0.000000,
              -0.400164,-0.221856, 0.889184, 0.000000,
              28.875961,-0.838253,-14.904837, 1.000000;;
            }
          } // End of Armature_ik_hand_l
          Frame Armature_ik_hand_r {
            FrameTransformMatrix {
               1.000000, 0.000000,-0.000000, 0.000000,
              -0.000000, 1.000000, 0.000000, 0.000000,
               0.000000,-0.000000, 1.000000, 0.000000,
               0.000004,-0.000001,-0.000010, 1.000000;;
            }
          } // End of Armature_ik_hand_r
        } // End of Armature_ik_hand_gun
      } // End of Armature_ik_hand_root
      Frame Armature_pelvis {
        FrameTransformMatrix {
          -0.504958, 0.862761, 0.025724, 0.000000,
           0.203495, 0.090033, 0.974928, 0.000000,
           0.838813, 0.497532,-0.221031, 0.000000,
           0.266241,93.183052,-2.139818, 1.000000;;
        }
        Frame Armature_spine_01 {
          FrameTransformMatrix {
             0.586667,-0.529295,-0.612918, 0.000000,
             0.808295, 0.429267, 0.402976, 0.000000,
             0.049813,-0.731831, 0.679663, 0.000000,
            10.808887, 0.851419,-0.000002, 1.000000;;
          }
          Frame Armature_spine_02 {
            FrameTransformMatrix {
               0.963463, 0.148692,-0.222775, 0.000000,
              -0.172343, 0.980854,-0.090680, 0.000000,
               0.205027, 0.125761, 0.970643, 0.000000,
               3.703936,18.818363, 0.902998, 1.000000;;
            }
            Frame Armature_spine_03 {
              FrameTransformMatrix {
                 0.928464, 0.295723,-0.224726, 0.000000,
                -0.335254, 0.927681,-0.164357, 0.000000,
                 0.159870, 0.227940, 0.960461, 0.000000,
                 0.380292,13.411929, 0.179885, 1.000000;;
              }
              Frame Armature_clavicle_l {
                FrameTransformMatrix {
                   0.787606, 0.156156,-0.596064, 0.000000,
                   0.604027,-0.004491, 0.796951, 0.000000,
                   0.121772,-0.987722,-0.097860, 0.000000,
                  -2.732102,11.883677, 3.781991, 1.000000;;
                }
                Frame Armature_upperarm_l {
                  FrameTransformMatrix {
                    -0.764667, 0.569647, 0.301310, 0.000000,
                    -0.615031,-0.784706,-0.077293, 0.000000,
                     0.192410,-0.244418, 0.950388, 0.000000,
                    -0.000006,15.784851, 0.000004, 1.000000;;
                  }
                  Frame Armature_lowerarm_l {
                    FrameTransformMatrix {
                       0.161482, 0.986548, 0.025443, 0.000000,
                      -0.986550, 0.160714, 0.029827, 0.000000,
                       0.025337,-0.029917, 0.999231, 0.000000,
                       0.000011,30.339924,-0.000063, 1.000000;;
                    }
                    Frame Armature_hand_l {
                      FrameTransformMatrix {
                         0.454852, 0.519007, 0.723700, 0.000000,
                        -0.458680, 0.833084,-0.309168, 0.000000,
                        -0.763363,-0.191321, 0.616987, 0.000000,
                         0.000003,26.975155,-0.000001, 1.000000;;
                      }
                      Frame Armature_index_01_l {
                        FrameTransformMatrix {
                           0.951346,-0.155409,-0.266063, 0.000000,
                           0.180857, 0.980734, 0.073829, 0.000000,
                           0.249464,-0.118357, 0.961124, 0.000000,
                           1.763463,12.068118, 2.109408, 1.000000;;
                        }
                        Frame Armature_index_02_l {
                          FrameTransformMatrix {
                             0.955944,-0.291055,-0.038188, 0.000000,
                             0.293405, 0.951433, 0.093210, 0.000000,
                             0.009204,-0.100308, 0.994914, 0.000000,
                            -0.000017, 4.287493, 0.000002, 1.000000;;
                          }
                          Frame Armature_index_03_l {
                            FrameTransformMatrix {
                               0.999363,-0.028626,-0.021320, 0.000000,
                               0.028626, 0.999590,-0.000293, 0.000000,
                               0.021320,-0.000318, 0.999773, 0.000000,
                               0.000002, 3.393788,-0.000001, 1.000000;;
                            }
                          } // End of Armature_index_03_l
                        } // End of Armature_index_02_l
                      } // End of Armature_index_01_l
                      Frame Armature_middle_01_l {
                        FrameTransformMatrix {
                           0.899476,-0.436218,-0.025610, 0.000000,
                           0.424465, 0.886155,-0.185899, 0.000000,
                           0.103787, 0.156342, 0.982235, 0.000000,
                           1.293649,12.244284,-0.571151, 1.000000;;
                        }
                        Frame Armature_middle_02_l {
                          FrameTransformMatrix {
                             0.903750,-0.427749, 0.016357, 0.000000,
                             0.424570, 0.900594, 0.093120, 0.000000,
                            -0.054563,-0.077212, 0.995521, 0.000000,
                             0.000002, 4.640386, 0.000001, 1.000000;;
                          }
                          Frame Armature_middle_03_l {
                            FrameTransformMatrix {
                               0.997657,-0.068349,-0.002937, 0.000000,
                               0.068344, 0.997660,-0.001845, 0.000000,
                               0.003056, 0.001640, 0.999994, 0.000000,
                              -0.000000, 3.648839,-0.000001, 1.000000;;
                            }
                          } // End of Armature_middle_03_l
                        } // End of Armature_middle_02_l
                      } // End of Armature_middle_01_l
                      Frame Armature_pinky_01_l {
                        FrameTransformMatrix {
                           0.773174,-0.510626, 0.376115, 0.000000,
                           0.621366, 0.728613,-0.288144, 0.000000,
                          -0.126909, 0.456491, 0.880631, 0.000000,
                           2.263153,10.140663,-4.643146, 1.000000;;
                        }
                        Frame Armature_pinky_02_l {
                          FrameTransformMatrix {
                             0.801033,-0.597376,-0.038568, 0.000000,
                             0.597264, 0.801892,-0.015651, 0.000000,
                             0.040277,-0.010498, 0.999133, 0.000000,
                            -0.000006, 3.570977, 0.000001, 1.000000;;
                          }
                          Frame Armature_pinky_03_l {
                            FrameTransformMatrix {
                               0.933079,-0.359601,-0.007171, 0.000000,
                               0.359601, 0.933105,-0.001323, 0.000000,
                               0.007167,-0.001344, 0.999974, 0.000000,
                              -0.000007, 2.985632, 0.000000, 1.000000;;
                            }
                          } // End of Armature_pinky_03_l
                        } // End of Armature_pinky_02_l
                      } // End of Armature_pinky_01_l
                      Frame Armature_ring_01_l {
                        FrameTransformMatrix {
                           0.772911,-0.560645, 0.297130, 0.000000,
                           0.626154, 0.749698,-0.214206, 0.000000,
                          -0.102665, 0.351611, 0.930500, 0.000000,
                           1.753522,11.497887,-2.846910, 1.000000;;
                        }
                        Frame Armature_ring_02_l {
                          FrameTransformMatrix {
                             0.988562,-0.150428,-0.010821, 0.000000,
                             0.150500, 0.988591, 0.006145, 0.000000,
                             0.009773,-0.007703, 0.999923, 0.000000,
                             0.000007, 4.430180, 0.000000, 1.000000;;
                          }
                          Frame Armature_ring_03_l {
                            FrameTransformMatrix {
                               0.999934,-0.011460, 0.000260, 0.000000,
                               0.011460, 0.999934, 0.001188, 0.000000,
                              -0.000273,-0.001185, 0.999999, 0.000000,
                              -0.000006, 3.476661,-0.000002, 1.000000;;
                            }
                          } // End of Armature_ring_03_l
                        } // End of Armature_ring_02_l
                      } // End of Armature_ring_01_l
                      Frame Armature_thumb_01_l {
                        FrameTransformMatrix {
                          -0.079303, 0.408884,-0.909134, 0.000000,
                           0.668557, 0.698302, 0.255744, 0.000000,
                           0.739420,-0.587527,-0.328740, 0.000000,
                           2.374980, 4.762031, 2.537828, 1.000000;;
                        }
                        Frame Armature_thumb_02_l {
                          FrameTransformMatrix {
                             0.999139, 0.035341,-0.021729, 0.000000,
                            -0.033049, 0.994630, 0.098076, 0.000000,
                             0.025078,-0.097274, 0.994942, 0.000000,
                             0.000002, 3.869681,-0.000010, 1.000000;;
                          }
                          Frame Armature_thumb_03_l {
                            FrameTransformMatrix {
                               0.990668, 0.127832,-0.047277, 0.000000,
                              -0.121579, 0.985617, 0.117373, 0.000000,
                               0.061601,-0.110529, 0.991962, 0.000000,
                               0.000005, 4.062165, 0.000000, 1.000000;;
                            }
                          } // End of Armature_thumb_03_l
                        } // End of Armature_thumb_02_l
                      } // End of Armature_thumb_01_l
                    } // End of Armature_hand_l
                    Frame Armature_lowerarm_twist_01_l {
                      FrameTransformMatrix {
                         0.964844, 0.000000,-0.262822, 0.000000,
                        -0.000000, 1.000000, 0.000000, 0.000000,
                         0.262822,-0.000000, 0.964844, 0.000000,
                         0.000001,14.000004, 0.000001, 1.000000;;
                      }
                    } // End of Armature_lowerarm_twist_01_l
                  } // End of Armature_lowerarm_l
                  Frame Armature_upperarm_twist_01_l {
                    FrameTransformMatrix {
                       0.789605,-0.000002,-0.613616, 0.000000,
                       0.000001, 1.000000,-0.000003, 0.000000,
                       0.613616, 0.000002, 0.789605, 0.000000,
                      -0.000012, 0.499985, 0.000029, 1.000000;;
                    }
                  } // End of Armature_upperarm_twist_01_l
                } // End of Armature_upperarm_l
              } // End of Armature_clavicle_l
              Frame Armature_clavicle_r {
                FrameTransformMatrix {
                  -0.784002,-0.179571,-0.594218, 0.000000,
                   0.620384,-0.259870,-0.739994, 0.000000,
                  -0.021538,-0.948800, 0.315142, 0.000000,
                  -2.732113,11.883781,-3.782000, 1.000000;;
                }
                Frame Armature_upperarm_r {
                  FrameTransformMatrix {
                     0.037768,-0.319509,-0.946830, 0.000000,
                     0.897347,-0.406079, 0.172826, 0.000000,
                    -0.439707,-0.856163, 0.271373, 0.000000,
                    -0.000036,15.784733, 0.000082, 1.000000;;
                  }
                  Frame Armature_lowerarm_r {
                    FrameTransformMatrix {
                       0.893126,-0.428953,-0.135370, 0.000000,
                       0.428884, 0.902822,-0.031178, 0.000000,
                       0.135589,-0.030213, 0.990305, 0.000000,
                      -0.000002,30.340050,-0.000019, 1.000000;;
                    }
                    Frame Armature_hand_r {
                      FrameTransformMatrix {
                        -0.544381,-0.097702,-0.833129, 0.000000,
                        -0.369395, 0.919630, 0.133523, 0.000000,
                         0.753125, 0.380441,-0.536720, 0.000000,
                        -0.000010,26.975248,-0.000015, 1.000000;;
                      }
                      Frame Armature_index_01_r {
                        FrameTransformMatrix {
                           0.680581, 0.711085, 0.176543, 0.000000,
                          -0.685834, 0.703073,-0.187937, 0.000000,
                          -0.257762, 0.006827, 0.966184, 0.000000,
                          -1.763736,12.067945, 2.109431, 1.000000;;
                        }
                        Frame Armature_index_02_r {
                          FrameTransformMatrix {
                            -0.096419, 0.990319, 0.099860, 0.000000,
                            -0.995295,-0.094970,-0.019174, 0.000000,
                            -0.009505,-0.101239, 0.994817, 0.000000,
                             0.000089, 4.287683,-0.000071, 1.000000;;
                          }
                          Frame Armature_index_03_r {
                            FrameTransformMatrix {
                               0.666915, 0.744998, 0.014205, 0.000000,
                              -0.744829, 0.667067,-0.015867, 0.000000,
                              -0.021296, 0.000002, 0.999773, 0.000000,
                               0.000113, 3.393789,-0.000013, 1.000000;;
                            }
                          } // End of Armature_index_03_r
                        } // End of Armature_index_02_r
                      } // End of Armature_index_01_r
                      Frame Armature_middle_01_r {
                        FrameTransformMatrix {
                           0.441929, 0.896672,-0.026033, 0.000000,
                          -0.895749, 0.439541,-0.066612, 0.000000,
                          -0.048286, 0.052757, 0.997439, 0.000000,
                          -1.293752,12.244117,-0.571127, 1.000000;;
                        }
                        Frame Armature_middle_02_r {
                          FrameTransformMatrix {
                             0.178866, 0.979905, 0.088287, 0.000000,
                            -0.981563, 0.171579, 0.084234, 0.000000,
                             0.067393,-0.101725, 0.992527, 0.000000,
                            -0.000144, 4.640579, 0.000006, 1.000000;;
                          }
                          Frame Armature_middle_03_r {
                            FrameTransformMatrix {
                               0.131022, 0.991379, 0.000429, 0.000000,
                              -0.991374, 0.131023,-0.003246, 0.000000,
                              -0.003274, 0.000000, 0.999995, 0.000000,
                              -0.000000, 3.648919, 0.000001, 1.000000;;
                            }
                          } // End of Armature_middle_03_r
                        } // End of Armature_middle_02_r
                      } // End of Armature_middle_01_r
                      Frame Armature_pinky_01_r {
                        FrameTransformMatrix {
                           0.827082, 0.473667,-0.302614, 0.000000,
                          -0.535493, 0.827640,-0.168105, 0.000000,
                           0.170830, 0.301084, 0.938171, 0.000000,
                          -2.263390,10.140594,-4.643090, 1.000000;;
                        }
                        Frame Armature_pinky_02_r {
                          FrameTransformMatrix {
                             0.135751, 0.989590, 0.047784, 0.000000,
                            -0.990284, 0.136998,-0.023855, 0.000000,
                            -0.030153,-0.044081, 0.998573, 0.000000,
                             0.000010, 3.571060,-0.000007, 1.000000;;
                          }
                          Frame Armature_pinky_03_r {
                            FrameTransformMatrix {
                              -0.138518, 0.990359,-0.000984, 0.000000,
                              -0.990334,-0.138522,-0.007042, 0.000000,
                              -0.007111,-0.000001, 0.999975, 0.000000,
                               0.000318, 2.985496,-0.000033, 1.000000;;
                            }
                          } // End of Armature_pinky_03_r
                        } // End of Armature_pinky_02_r
                      } // End of Armature_pinky_01_r
                      Frame Armature_ring_01_r {
                        FrameTransformMatrix {
                           0.488693, 0.835028,-0.252801, 0.000000,
                          -0.863051, 0.505116, 0.000075, 0.000000,
                           0.127756, 0.218143, 0.967518, 0.000000,
                          -1.753796,11.497976,-2.846910, 1.000000;;
                        }
                        Frame Armature_ring_02_r {
                          FrameTransformMatrix {
                            -0.098081, 0.994968, 0.020482, 0.000000,
                            -0.995158,-0.097925,-0.008493, 0.000000,
                            -0.006445,-0.021216, 0.999754, 0.000000,
                             0.000000, 4.429875, 0.000001, 1.000000;;
                          }
                          Frame Armature_ring_03_r {
                            FrameTransformMatrix {
                               0.264064, 0.964505,-0.000106, 0.000000,
                              -0.964505, 0.264064, 0.000406, 0.000000,
                               0.000420,-0.000005, 1.000000, 0.000000,
                               0.000066, 3.476572,-0.000001, 1.000000;;
                            }
                          } // End of Armature_ring_03_r
                        } // End of Armature_ring_02_r
                      } // End of Armature_ring_01_r
                      Frame Armature_thumb_01_r {
                        FrameTransformMatrix {
                           0.166767,-0.399673, 0.901360, 0.000000,
                          -0.684860, 0.610703, 0.397503, 0.000000,
                          -0.709334,-0.683596,-0.171876, 0.000000,
                          -2.375116, 4.762122, 2.537805, 1.000000;;
                        }
                        Frame Armature_thumb_02_r {
                          FrameTransformMatrix {
                             0.809495, 0.587037, 0.010215, 0.000000,
                            -0.587124, 0.809316, 0.017119, 0.000000,
                             0.001782,-0.019855, 0.999801, 0.000000,
                             0.000114, 3.869558, 0.000053, 1.000000;;
                          }
                          Frame Armature_thumb_03_r {
                            FrameTransformMatrix {
                               0.696233, 0.717189, 0.029995, 0.000000,
                              -0.716524, 0.696879,-0.030866, 0.000000,
                              -0.043040,-0.000002, 0.999074, 0.000000,
                              -0.000004, 4.062177, 0.000006, 1.000000;;
                            }
                          } // End of Armature_thumb_03_r
                        } // End of Armature_thumb_02_r
                      } // End of Armature_thumb_01_r
                      Frame Armature_weapon_r {
                        FrameTransformMatrix {
                          -0.005470,-0.000002,-0.999985, 0.000000,
                          -0.000001,-1.000000, 0.000002, 0.000000,
                          -0.999985, 0.000001, 0.005470, 0.000000,
                          -4.666996,11.309007,-1.093005, 1.000000;;
                        }
                      } // End of Armature_weapon_r
                    } // End of Armature_hand_r
                    Frame Armature_lowerarm_twist_01_r {
                      FrameTransformMatrix {
                         0.851753, 0.000000,-0.523944, 0.000000,
                        -0.000000, 1.000000,-0.000000, 0.000000,
                         0.523944, 0.000000, 0.851752, 0.000000,
                         0.000021,14.000007,-0.000013, 1.000000;;
                      }
                    } // End of Armature_lowerarm_twist_01_r
                  } // End of Armature_lowerarm_r
                  Frame Armature_upperarm_twist_01_r {
                    FrameTransformMatrix {
                       0.652973, 0.000000, 0.757381, 0.000000,
                      -0.000000, 1.000000,-0.000000, 0.000000,
                      -0.757381, 0.000000, 0.652973, 0.000000,
                      -0.000006, 0.499996, 0.000003, 1.000000;;
                    }
                  } // End of Armature_upperarm_twist_01_r
                } // End of Armature_upperarm_r
              } // End of Armature_clavicle_r
              Frame Armature_neck_01 {
                FrameTransformMatrix {
                   0.648923, 0.254955, 0.716866, 0.000000,
                  -0.052997, 0.955044,-0.291689, 0.000000,
                  -0.759006, 0.151292, 0.633262, 0.000000,
                  -0.355320,16.558779, 0.000006, 1.000000;;
                }
                Frame Armature_head {
                  FrameTransformMatrix {
                     0.808762,-0.479704, 0.340278, 0.000000,
                     0.552498, 0.818021,-0.159962, 0.000000,
                    -0.201620, 0.317374, 0.926619, 0.000000,
                     0.364138, 9.283612, 0.000006, 1.000000;;
                  }
                } // End of Armature_head
              } // End of Armature_neck_01
            } // End of Armature_spine_03
          } // End of Armature_spine_02
        } // End of Armature_spine_01
        Frame Armature_sword_holder {
          FrameTransformMatrix {
            -0.909314, 0.370363, 0.189678, 0.000000,
            -0.355306,-0.928335, 0.109325, 0.000000,
             0.216575, 0.032017, 0.975741, 0.000000,
            13.979997,19.493002,16.300995, 1.000000;;
          }
        } // End of Armature_sword_holder
        Frame Armature_thigh_l {
          FrameTransformMatrix {
            -0.685804,-0.563955,-0.460030, 0.000000,
            -0.655577, 0.753197, 0.053972, 0.000000,
             0.316055, 0.338599,-0.886261, 0.000000,
            -1.448828, 0.531424, 9.005801, 1.000000;;
          }
          Frame Armature_calf_l {
            FrameTransformMatrix {
              -0.678649,-0.719789, 0.146082, 0.000000,
               0.713551,-0.693277,-0.101056, 0.000000,
               0.174015, 0.035655, 0.984097, 0.000000,
              -0.352013,42.417133, 0.051262, 1.000000;;
            }
            Frame Armature_calf_twist_01_l {
              FrameTransformMatrix {
                 0.999864,-0.015259,-0.006221, 0.000000,
                 0.015235, 0.999877,-0.003824, 0.000000,
                 0.006278, 0.003728, 0.999973, 0.000000,
                -0.000002,20.476780,-0.000008, 1.000000;;
              }
            } // End of Armature_calf_twist_01_l
            Frame Armature_foot_l {
              FrameTransformMatrix {
                -0.382465,-0.921406,-0.068791, 0.000000,
                -0.920921, 0.374101, 0.109333, 0.000000,
                -0.075005, 0.105167,-0.991622, 0.000000,
                 0.000613,40.196568,-0.000023, 1.000000;;
              }
              Frame Armature_ball_l {
                FrameTransformMatrix {
                   0.024663, 0.999696, 0.000146, 0.000000,
                  -0.999696, 0.024663, 0.000073, 0.000000,
                   0.000070,-0.000147, 1.000000, 0.000000,
                  -10.453835,16.577856,-0.080159, 1.000000;;
                }
              } // End of Armature_ball_l
            } // End of Armature_foot_l
          } // End of Armature_calf_l
          Frame Armature_thigh_twist_01_l {
            FrameTransformMatrix {
               0.840643,-0.000829,-0.541590, 0.000000,
               0.000983, 1.000000,-0.000004, 0.000000,
               0.541590,-0.000530, 0.840643, 0.000000,
               0.000005,22.094238, 0.000000, 1.000000;;
            }
          } // End of Armature_thigh_twist_01_l
        } // End of Armature_thigh_l
        Frame Armature_thigh_r {
          FrameTransformMatrix {
             0.257602, 0.916873,-0.304934, 0.000000,
            -0.654715,-0.066469,-0.752947, 0.000000,
            -0.710625, 0.393606, 0.583168, 0.000000,
            -1.448632, 0.531430,-9.005805, 1.000000;;
          }
          Frame Armature_calf_r {
            FrameTransformMatrix {
              -0.072485, 0.995215,-0.065526, 0.000000,
              -0.989483,-0.080001,-0.120511, 0.000000,
              -0.125177, 0.056101, 0.990547, 0.000000,
               0.208651,42.343395, 0.032003, 1.000000;;
            }
            Frame Armature_calf_twist_01_r {
              FrameTransformMatrix {
                 0.997748, 0.015453, 0.065266, 0.000000,
                -0.015235, 0.999877,-0.003825, 0.000000,
                -0.065317, 0.002822, 0.997860, 0.000000,
                 0.000008,20.476912, 0.000005, 1.000000;;
              }
            } // End of Armature_calf_twist_01_r
            Frame Armature_foot_r {
              FrameTransformMatrix {
                -0.494798, 0.853534,-0.163263, 0.000000,
                 0.822469, 0.520618, 0.229131, 0.000000,
                 0.280569,-0.020905,-0.959606, 0.000000,
                -0.000706,40.196590,-0.000286, 1.000000;;
              }
              Frame Armature_ball_r {
                FrameTransformMatrix {
                  -0.002068,-0.999998,-0.000153, 0.000000,
                   0.999998,-0.002068, 0.000076, 0.000000,
                  -0.000076,-0.000152, 1.000000, 0.000000,
                  10.453814,16.577793,-0.080133, 1.000000;;
                }
              } // End of Armature_ball_r
            } // End of Armature_foot_r
          } // End of Armature_calf_r
          Frame Armature_thigh_twist_01_r {
            FrameTransformMatrix {
               0.934576, 0.000920, 0.355761, 0.000000,
              -0.000983, 0.999999,-0.000003, 0.000000,
              -0.355761,-0.000347, 0.934577, 0.000000,
              -0.000004,22.094242,-0.000002, 1.000000;;
            }
          } // End of Armature_thigh_twist_01_r
        } // End of Armature_thigh_r
      } // End of Armature_pelvis
    } // End of Armature_root
  } // End of Armature
} // End of Root
AnimationSet Global {
  Animation {
    {Armature}
    AnimationKey { // Rotation
      0;
      14;
      0;4;-0.707107, 0.707107, 0.000000, 0.000000;;,
      1;4;-0.707107, 0.707107, 0.000000, 0.000000;;,
      2;4;-0.707107, 0.707107, 0.000000, 0.000000;;,
      3;4;-0.707107, 0.707107, 0.000000, 0.000000;;,
      4;4;-0.707107, 0.707107, 0.000000, 0.000000;;,
      5;4;-0.707107, 0.707107, 0.000000, 0.000000;;,
      6;4;-0.707107, 0.707107, 0.000000, 0.000000;;,
      7;4;-0.707107, 0.707107, 0.000000, 0.000000;;,
      8;4;-0.707107, 0.707107, 0.000000, 0.000000;;,
      9;4;-0.707107, 0.707107, 0.000000, 0.000000;;,
      10;4;-0.707107, 0.707107, 0.000000, 0.000000;;,
      11;4;-0.707107, 0.707107, 0.000000, 0.000000;;,
      12;4;-0.707107, 0.707107, 0.000000, 0.000000;;,
      13;4;-0.707107, 0.707107, 0.000000, 0.000000;;;
    }
    AnimationKey { // Scale
      1;
      14;
      0;3; 0.010000, 0.010000, 0.010000;;,
      1;3; 0.010000, 0.010000, 0.010000;;,
      2;3; 0.010000, 0.010000, 0.010000;;,
      3;3; 0.010000, 0.010000, 0.010000;;,
      4;3; 0.010000, 0.010000, 0.010000;;,
      5;3; 0.010000, 0.010000, 0.010000;;,
      6;3; 0.010000, 0.010000, 0.010000;;,
      7;3; 0.010000, 0.010000, 0.010000;;,
      8;3; 0.010000, 0.010000, 0.010000;;,
      9;3; 0.010000, 0.010000, 0.010000;;,
      10;3; 0.010000, 0.010000, 0.010000;;,
      11;3; 0.010000, 0.010000, 0.010000;;,
      12;3; 0.010000, 0.010000, 0.010000;;,
      13;3; 0.010000, 0.010000, 0.010000;;;
    }
    AnimationKey { // Position
      2;
      14;
      0;3; 0.000000, 0.000000, 0.000000;;,
      1;3; 0.000000, 0.000000, 0.000000;;,
      2;3; 0.000000, 0.000000, 0.000000;;,
      3;3; 0.000000, 0.000000, 0.000000;;,
      4;3; 0.000000, 0.000000, 0.000000;;,
      5;3; 0.000000, 0.000000, 0.000000;;,
      6;3; 0.000000, 0.000000, 0.000000;;,
      7;3; 0.000000, 0.000000, 0.000000;;,
      8;3; 0.000000, 0.000000, 0.000000;;,
      9;3; 0.000000, 0.000000, 0.000000;;,
      10;3; 0.000000, 0.000000, 0.000000;;,
      11;3; 0.000000, 0.000000, 0.000000;;,
      12;3; 0.000000, 0.000000, 0.000000;;,
      13;3; 0.000000, 0.000000, 0.000000;;;
    }
  }
  Animation {
    {Armature_root}
    AnimationKey { // Rotation
      0;
      14;
      0;4;-1.000000,-0.000000, 0.000000, 0.000000;;,
      1;4;-1.000000,-0.000000, 0.000000, 0.000000;;,
      2;4;-1.000000,-0.000000, 0.000000, 0.000000;;,
      3;4;-1.000000,-0.000000, 0.000000, 0.000000;;,
      4;4;-1.000000,-0.000000, 0.000000, 0.000000;;,
      5;4;-1.000000,-0.000000, 0.000000, 0.000000;;,
      6;4;-1.000000,-0.000000, 0.000000, 0.000000;;,
      7;4;-1.000000,-0.000000, 0.000000, 0.000000;;,
      8;4;-1.000000,-0.000000, 0.000000, 0.000000;;,
      9;4;-1.000000,-0.000000, 0.000000, 0.000000;;,
      10;4;-1.000000,-0.000000, 0.000000, 0.000000;;,
      11;4;-1.000000,-0.000000, 0.000000, 0.000000;;,
      12;4;-1.000000,-0.000000, 0.000000, 0.000000;;,
      13;4;-1.000000,-0.000000, 0.000000, 0.000000;;;
    }
    AnimationKey { // Scale
      1;
      14;
      0;3; 1.000000, 1.000000, 1.000000;;,
      1;3; 1.000000, 1.000000, 1.000000;;,
      2;3; 1.000000, 1.000000, 1.000000;;,
      3;3; 1.000000, 1.000000, 1.000000;;,
      4;3; 1.000000, 1.000000, 1.000000;;,
      5;3; 1.000000, 1.000000, 1.000000;;,
      6;3; 1.000000, 1.000000, 1.000000;;,
      7;3; 1.000000, 1.000000, 1.000000;;,
      8;3; 1.000000, 1.000000, 1.000000;;,
      9;3; 1.000000, 1.000000, 1.000000;;,
      10;3; 1.000000, 1.000000, 1.000000;;,
      11;3; 1.000000, 1.000000, 1.000000;;,
      12;3; 1.000000, 1.000000, 1.000000;;,
      13;3; 1.000000, 1.000000, 1.000000;;;
    }
    AnimationKey { // Position
      2;
      14;
      0;3; 0.000000, 0.000000, 0.000000;;,
      1;3; 0.000000, 0.000000, 0.000000;;,
      2;3; 0.000000, 0.000000, 0.000000;;,
      3;3; 0.000000, 0.000000, 0.000000;;,
      4;3; 0.000000, 0.000000, 0.000000;;,
      5;3; 0.000000, 0.000000, 0.000000;;,
      6;3; 0.000000, 0.000000, 0.000000;;,
      7;3; 0.000000, 0.000000, 0.000000;;,
      8;3; 0.000000, 0.000000, 0.000000;;,
      9;3; 0.000000, 0.000000, 0.000000;;,
      10;3; 0.000000, 0.000000, 0.000000;;,
      11;3; 0.000000, 0.000000, 0.000000;;,
      12;3; 0.000000, 0.000000, 0.000000;;,
      13;3; 0.000000, 0.000000, 0.000000;;;
    }
  }
  Animation {
    {Armature_pelvis}
    AnimationKey { // Rotation
      0;
      14;
      0;4;-0.301681, 0.395613, 0.673799, 0.546327;;,
      1;4;-0.272134, 0.407759, 0.690491, 0.531881;;,
      2;4;-0.252014, 0.411785, 0.712168, 0.509646;;,
      3;4;-0.241584, 0.413902, 0.723054, 0.497509;;,
      4;4;-0.238345, 0.416493, 0.721918, 0.498557;;,
      5;4;-0.237722, 0.418578, 0.717786, 0.503054;;,
      6;4;-0.237611, 0.421272, 0.711652, 0.509531;;,
      7;4;-0.238052, 0.424281, 0.704544, 0.516658;;,
      8;4;-0.238975, 0.427387, 0.696997, 0.523858;;,
      9;4;-0.240291, 0.430372, 0.689580, 0.530584;;,
      10;4;-0.241885, 0.433021, 0.682898, 0.536316;;,
      11;4;-0.243625, 0.435129, 0.677575, 0.540556;;,
      12;4;-0.245371, 0.436501, 0.674248, 0.542816;;,
      13;4;-0.248507, 0.436211, 0.672594, 0.543674;;;
    }
    AnimationKey { // Scale
      1;
      14;
      0;3; 1.000000, 1.000000, 1.000000;;,
      1;3; 1.000000, 1.000000, 1.000000;;,
      2;3; 1.000000, 1.000000, 1.000000;;,
      3;3; 1.000000, 1.000000, 1.000000;;,
      4;3; 1.000000, 1.000000, 1.000000;;,
      5;3; 1.000000, 1.000000, 1.000000;;,
      6;3; 1.000000, 1.000000, 1.000000;;,
      7;3; 1.000000, 1.000000, 1.000000;;,
      8;3; 1.000000, 1.000000, 1.000000;;,
      9;3; 1.000000, 1.000000, 1.000000;;,
      10;3; 1.000000, 1.000000, 1.000000;;,
      11;3; 1.000000, 1.000000, 1.000000;;,
      12;3; 1.000000, 1.000000, 1.000000;;,
      13;3; 1.000000, 1.000000, 1.000000;;;
    }
    AnimationKey { // Position
      2;
      14;
      0;3; 0.266241,93.183052,-2.139818;;,
      1;3; 0.266242,92.533737,-2.139819;;,
      2;3; 0.266242,92.006386,-2.139820;;,
      3;3; 0.266242,91.613815,-2.139816;;,
      4;3; 0.266242,91.368881,-2.139819;;,
      5;3; 0.266242,91.284386,-2.139821;;,
      6;3; 0.266242,91.372047,-2.139818;;,
      7;3; 0.266242,91.602425,-2.139818;;,
      8;3; 0.266242,91.926598,-2.139820;;,
      9;3; 0.266242,92.295662,-2.139820;;,
      10;3; 0.266242,92.660698,-2.139821;;,
      11;3; 0.266242,92.972794,-2.139818;;,
      12;3; 0.266241,93.183052,-2.139818;;,
      13;3; 0.266242,93.321121,-2.139819;;;
    }
  }
  Animation {
    {Armature_spine_01}
    AnimationKey { // Rotation
      0;
      14;
      0;4;-0.820914, 0.345592, 0.201827,-0.407348;;,
      1;4;-0.831946, 0.334628, 0.203751,-0.392906;;,
      2;4;-0.848434, 0.310951, 0.202113,-0.377649;;,
      3;4;-0.856399, 0.297787, 0.201819,-0.370368;;,
      4;4;-0.855198, 0.299635, 0.202966,-0.371025;;,
      5;4;-0.852333, 0.304415, 0.203675,-0.373332;;,
      6;4;-0.848121, 0.311257, 0.204378,-0.376881;;,
      7;4;-0.842984, 0.319246, 0.204981,-0.381368;;,
      8;4;-0.837377, 0.327480, 0.205377,-0.386493;;,
      9;4;-0.831801, 0.335075, 0.205434,-0.391955;;,
      10;4;-0.826806, 0.341175, 0.204990,-0.397455;;,
      11;4;-0.822977, 0.344952, 0.203858,-0.402689;;,
      12;4;-0.820914, 0.345592, 0.201827,-0.407348;;,
      13;4;-0.820703, 0.343672, 0.198694,-0.410923;;;
    }
    AnimationKey { // Scale
      1;
      14;
      0;3; 1.000000, 1.000000, 1.000000;;,
      1;3; 1.000000, 1.000000, 1.000000;;,
      2;3; 1.000000, 1.000000, 1.000000;;,
      3;3; 1.000000, 1.000000, 1.000000;;,
      4;3; 1.000000, 1.000000, 1.000000;;,
      5;3; 1.000000, 1.000000, 1.000000;;,
      6;3; 1.000000, 1.000000, 1.000000;;,
      7;3; 1.000000, 1.000000, 1.000000;;,
      8;3; 1.000000, 1.000000, 1.000000;;,
      9;3; 1.000000, 1.000000, 1.000000;;,
      10;3; 1.000000, 1.000000, 1.000000;;,
      11;3; 1.000000, 1.000000, 1.000000;;,
      12;3; 1.000000, 1.000000, 1.000000;;,
      13;3; 1.000000, 1.000000, 1.000000;;;
    }
    AnimationKey { // Position
      2;
      14;
      0;3;10.808887, 0.851419,-0.000002;;,
      1;3;10.808888, 0.851419, 0.000005;;,
      2;3;10.808870, 0.851419,-0.000001;;,
      3;3;10.808875, 0.851418, 0.000001;;,
      4;3;10.808894, 0.851418, 0.000002;;,
      5;3;10.808878, 0.851418,-0.000002;;,
      6;3;10.808877, 0.851416, 0.000003;;,
      7;3;10.808870, 0.851419, 0.000002;;,
      8;3;10.808872, 0.851418,-0.000001;;,
      9;3;10.808876, 0.851418, 0.000000;;,
      10;3;10.808883, 0.851420,-0.000003;;,
      11;3;10.808876, 0.851418,-0.000001;;,
      12;3;10.808879, 0.851417, 0.000002;;,
      13;3;10.808886, 0.851417, 0.000009;;;
    }
  }
  Animation {
    {Armature_spine_02}
    AnimationKey { // Rotation
      0;
      14;
      0;4;-0.989313,-0.054695, 0.108106, 0.081126;;,
      1;4;-0.988665,-0.052914, 0.115456, 0.080079;;,
      2;4;-0.988352,-0.050188, 0.119974, 0.079037;;,
      3;4;-0.988165,-0.048539, 0.122354, 0.078761;;,
      4;4;-0.988050,-0.048427, 0.123128, 0.079068;;,
      5;4;-0.988035,-0.048890, 0.122936, 0.079272;;,
      6;4;-0.988059,-0.049672, 0.122270, 0.079508;;,
      7;4;-0.988130,-0.050661, 0.121123, 0.079763;;,
      8;4;-0.988251,-0.051744, 0.119492, 0.080028;;,
      9;4;-0.988427,-0.052805, 0.117372, 0.080297;;,
      10;4;-0.988661,-0.053729, 0.114764, 0.080569;;,
      11;4;-0.988956,-0.054397, 0.111674, 0.080844;;,
      12;4;-0.989313,-0.054695, 0.108106, 0.081126;;,
      13;4;-0.989614,-0.054694, 0.104156, 0.082609;;;
    }
    AnimationKey { // Scale
      1;
      14;
      0;3; 1.000000, 1.000000, 1.000000;;,
      1;3; 1.000000, 1.000000, 1.000000;;,
      2;3; 1.000000, 1.000000, 1.000000;;,
      3;3; 1.000000, 1.000000, 1.000000;;,
      4;3; 1.000000, 1.000000, 1.000000;;,
      5;3; 1.000000, 1.000000, 1.000000;;,
      6;3; 1.000000, 1.000000, 1.000000;;,
      7;3; 1.000000, 1.000000, 1.000000;;,
      8;3; 1.000000, 1.000000, 1.000000;;,
      9;3; 1.000000, 1.000000, 1.000000;;,
      10;3; 1.000000, 1.000000, 1.000000;;,
      11;3; 1.000000, 1.000000, 1.000000;;,
      12;3; 1.000000, 1.000000, 1.000000;;,
      13;3; 1.000000, 1.000000, 1.000000;;;
    }
    AnimationKey { // Position
      2;
      14;
      0;3; 3.703936,18.818363, 0.902998;;,
      1;3; 3.692867,18.818848, 0.952567;;,
      2;3; 3.686800,18.819160, 0.978805;;,
      3;3; 3.683492,18.819237, 0.992834;;,
      4;3; 3.682029,18.819193, 0.998962;;,
