xof 0303txt 0032

template XSkinMeshHeader {
  <3cf169ce-ff7c-44ab-93c0-f78f62d172e2>
  WORD nMaxSkinWeightsPerVertex;
  WORD nMaxSkinWeightsPerFace;
  WORD nBones;
}

template SkinWeights {
  <6f0d123b-bad2-4167-a0d0-80224f25fabb>
  STRING transformNodeName;
  DWORD nWeights;
  array DWORD vertexIndices[nWeights];
  array float weights[nWeights];
  Matrix4x4 matrixOffset;
}

Frame Root {
  FrameTransformMatrix {
     1.000000, 0.000000, 0.000000, 0.000000,
     0.000000,-0.000000, 1.000000, 0.000000,
     0.000000, 1.000000, 0.000000, 0.000000,
     0.000000, 0.000000, 0.000000, 1.000000;;
  }
  Frame Armature {
    FrameTransformMatrix {
       0.010000, 0.000000, 0.000000, 0.000000,
       0.000000,-0.000000, 0.010000, 0.000000,
       0.000000,-0.010000,-0.000000, 0.000000,
       0.000000, 0.000000, 0.000000, 1.000000;;
    }
    Frame Armature_root {
      FrameTransformMatrix {
         1.000000, 0.000000, 0.000000, 0.000000,
         0.000000, 1.000000,-0.000000, 0.000000,
         0.000000, 0.000000, 1.000000, 0.000000,
         0.000000, 0.000000, 0.000000, 1.000000;;
      }
      Frame Armature_ik_foot_root {
        FrameTransformMatrix {
           1.000000, 0.000000, 0.000000, 0.000000,
           0.000000, 1.000000, 0.000000, 0.000000,
           0.000000, 0.000000, 1.000000, 0.000000,
           0.000000, 0.000000, 0.000000, 1.000000;;
        }
        Frame Armature_ik_foot_l {
          FrameTransformMatrix {
             0.158514, 0.017907, 0.987194, 0.000000,
            -0.379982,-0.921722, 0.077733, 0.000000,
             0.911310,-0.387438,-0.139301, 0.000000,
            41.004524,80.878738,-26.121696, 1.000000;;
          }
        } // End of Armature_ik_foot_l
        Frame Armature_ik_foot_r {
          FrameTransformMatrix {
            -0.097532, 0.204434,-0.974009, 0.000000,
            -0.886349, 0.427257, 0.178431, 0.000000,
             0.452629, 0.880715, 0.139529, 0.000000,
            -39.516949,32.194981,-40.368572, 1.000000;;
          }
        } // End of Armature_ik_foot_r
      } // End of Armature_ik_foot_root
      Frame Armature_ik_hand_root {
        FrameTransformMatrix {
           1.000000, 0.000000, 0.000000, 0.000000,
           0.000000, 1.000000,-0.000000, 0.000000,
           0.000000, 0.000000, 1.000000, 0.000000,
           0.000000, 0.000000, 0.000000, 1.000000;;
        }
        Frame Armature_ik_hand_gun {
          FrameTransformMatrix {
            -0.449065,-0.183630, 0.874426, 0.000000,
            -0.726030,-0.495429,-0.476896, 0.000000,
             0.520788,-0.849017, 0.089159, 0.000000,
            40.813889,156.827911,14.439082, 1.000000;;
          }
          Frame Armature_ik_hand_l {
            FrameTransformMatrix {
              -0.891568, 0.158154,-0.424374, 0.000000,
              -0.442191,-0.506434, 0.740264, 0.000000,
              -0.097842, 0.847651, 0.521455, 0.000000,
              -7.922029,102.719254,-38.755024, 1.000000;;
            }
          } // End of Armature_ik_hand_l
          Frame Armature_ik_hand_r {
            FrameTransformMatrix {
               1.000000, 0.000000, 0.000000, 0.000000,
              -0.000000, 1.000000, 0.000000, 0.000000,
               0.000000,-0.000000, 1.000000, 0.000000,
               0.000014, 0.000005,-0.000007, 1.000000;;
            }
          } // End of Armature_ik_hand_r
        } // End of Armature_ik_hand_gun
      } // End of Armature_ik_hand_root
      Frame Armature_pelvis {
        FrameTransformMatrix {
          -0.467458, 0.877185, 0.109682, 0.000000,
           0.706691, 0.296262, 0.642508, 0.000000,
           0.531104, 0.377856,-0.758389, 0.000000,
          -1.628269,90.245628,-2.139819, 1.000000;;
        }
        Frame Armature_spine_01 {
          FrameTransformMatrix {
             0.364524,-0.625198,-0.690109, 0.000000,
             0.919174, 0.360272, 0.159133, 0.000000,
             0.149137,-0.692338, 0.705993, 0.000000,
            10.808884, 0.851416,-0.000003, 1.000000;;
          }
          Frame Armature_spine_02 {
            FrameTransformMatrix {
               0.983612, 0.175281,-0.042226, 0.000000,
              -0.176998, 0.983354,-0.041066, 0.000000,
               0.034325, 0.047867, 0.998264, 0.000000,
               3.797749,18.813715, 0.182159, 1.000000;;
            }
            Frame Armature_spine_03 {
              FrameTransformMatrix {
                 0.962098, 0.268441,-0.048037, 0.000000,
                -0.268180, 0.963295, 0.011921, 0.000000,
                 0.049474, 0.001413, 0.998774, 0.000000,
                 0.419375,13.412383, 0.033571, 1.000000;;
              }
              Frame Armature_clavicle_l {
                FrameTransformMatrix {
                   0.787606, 0.156156,-0.596064, 0.000000,
                   0.604027,-0.004491, 0.796952, 0.000000,
                   0.121772,-0.987722,-0.097860, 0.000000,
                  -2.732090,11.883678, 3.781983, 1.000000;;
                }
                Frame Armature_upperarm_l {
                  FrameTransformMatrix {
                     0.870013,-0.250053, 0.424913, 0.000000,
                    -0.043879, 0.819151, 0.571898, 0.000000,
                    -0.491072,-0.516203, 0.701699, 0.000000,
                     0.000002,15.784857, 0.000008, 1.000000;;
                  }
                  Frame Armature_lowerarm_l {
                    FrameTransformMatrix {
                       0.706531, 0.707679, 0.002322, 0.000000,
                      -0.707121, 0.705835, 0.042144, 0.000000,
                       0.028185,-0.031418, 0.999109, 0.000000,
                       0.000017,30.339931,-0.000046, 1.000000;;
                    }
                    Frame Armature_hand_l {
                      FrameTransformMatrix {
                         0.454852, 0.519007, 0.723700, 0.000000,
                        -0.458680, 0.833084,-0.309168, 0.000000,
                        -0.763363,-0.191321, 0.616987, 0.000000,
                        -0.000005,26.975149,-0.000007, 1.000000;;
                      }
                      Frame Armature_index_01_l {
                        FrameTransformMatrix {
                           0.965521, 0.107854,-0.236933, 0.000000,
                          -0.075138, 0.986861, 0.143038, 0.000000,
                           0.249247,-0.120304, 0.960939, 0.000000,
                           1.763469,12.068123, 2.109407, 1.000000;;
                        }
                        Frame Armature_index_02_l {
                          FrameTransformMatrix {
                             0.999455,-0.030736,-0.012057, 0.000000,
                             0.031812, 0.994217, 0.102568, 0.000000,
                             0.008835,-0.102896, 0.994653, 0.000000,
                             0.000008, 4.287482,-0.000003, 1.000000;;
                          }
                          Frame Armature_index_03_l {
                            FrameTransformMatrix {
                               0.971729, 0.235188,-0.020697, 0.000000,
                              -0.235135, 0.971950, 0.004965, 0.000000,
                               0.021284, 0.000042, 0.999774, 0.000000,
                               0.000002, 3.393804,-0.000003, 1.000000;;
                            }
                          } // End of Armature_index_03_l
                        } // End of Armature_index_02_l
                      } // End of Armature_index_01_l
                      Frame Armature_middle_01_l {
                        FrameTransformMatrix {
                           0.979390,-0.187955,-0.073945, 0.000000,
                           0.172861, 0.969374,-0.174449, 0.000000,
                           0.104469, 0.158072, 0.981886, 0.000000,
                           1.293655,12.244282,-0.571155, 1.000000;;
                        }
                        Frame Armature_middle_02_l {
                          FrameTransformMatrix {
                             0.983572,-0.175947, 0.040355, 0.000000,
                             0.171960, 0.981249, 0.087066, 0.000000,
                            -0.054917,-0.078696, 0.995385, 0.000000,
                             0.000002, 4.640378, 0.000006, 1.000000;;
                          }
                          Frame Armature_middle_03_l {
                            FrameTransformMatrix {
                               0.980533, 0.196330,-0.003211, 0.000000,
                              -0.196329, 0.980538, 0.000733, 0.000000,
                               0.003293,-0.000089, 0.999995, 0.000000,
                               0.000001, 3.648842,-0.000002, 1.000000;;
                            }
                          } // End of Armature_middle_03_l
                        } // End of Armature_middle_02_l
                      } // End of Armature_middle_01_l
                      Frame Armature_pinky_01_l {
                        FrameTransformMatrix {
                           0.909450,-0.301464, 0.286391, 0.000000,
                           0.396467, 0.836315,-0.378671, 0.000000,
                          -0.125357, 0.457927, 0.880107, 0.000000,
                           2.263153,10.140669,-4.643147, 1.000000;;
                        }
                        Frame Armature_pinky_02_l {
                          FrameTransformMatrix {
                             0.929854,-0.365532,-0.041927, 0.000000,
                             0.365672, 0.930733,-0.004549, 0.000000,
                             0.040686,-0.011102, 0.999110, 0.000000,
                            -0.000002, 3.570990, 0.000001, 1.000000;;
                          }
                          Frame Armature_pinky_03_l {
                            FrameTransformMatrix {
                               0.994794,-0.101654,-0.007129, 0.000000,
                               0.101651, 0.994820,-0.000711, 0.000000,
                               0.007164,-0.000017, 0.999975, 0.000000,
                               0.000005, 2.985620,-0.000003, 1.000000;;
                            }
                          } // End of Armature_pinky_03_l
                        } // End of Armature_pinky_02_l
                      } // End of Armature_pinky_01_l
                      Frame Armature_ring_01_l {
                        FrameTransformMatrix {
                           0.910317,-0.343850, 0.230414, 0.000000,
                           0.401173, 0.870001,-0.286634, 0.000000,
                          -0.101902, 0.353364, 0.929919, 0.000000,
                           1.753536,11.497885,-2.846912, 1.000000;;
                        }
                        Frame Armature_ring_02_l {
                          FrameTransformMatrix {
                             0.993354, 0.114775,-0.008678, 0.000000,
                            -0.114690, 0.993354, 0.009719, 0.000000,
                             0.009736,-0.008659, 0.999915, 0.000000,
                             0.000007, 4.430180, 0.000001, 1.000000;;
                          }
                          Frame Armature_ring_03_l {
                            FrameTransformMatrix {
                               0.967771, 0.251833, 0.000389, 0.000000,
                              -0.251833, 0.967771,-0.000251, 0.000000,
                              -0.000440, 0.000144, 1.000000, 0.000000,
                               0.000006, 3.476658, 0.000000, 1.000000;;
                            }
                          } // End of Armature_ring_03_l
                        } // End of Armature_ring_02_l
                      } // End of Armature_ring_01_l
                      Frame Armature_thumb_01_l {
                        FrameTransformMatrix {
                          -0.015639, 0.474610,-0.880058, 0.000000,
                           0.674899, 0.654427, 0.340935, 0.000000,
                           0.737745,-0.588618,-0.330548, 0.000000,
                           2.374993, 4.762033, 2.537827, 1.000000;;
                        }
                        Frame Armature_thumb_02_l {
                          FrameTransformMatrix {
                             0.991297, 0.131043,-0.012542, 0.000000,
                            -0.129173, 0.986647, 0.099207, 0.000000,
                             0.025375,-0.096724, 0.994988, 0.000000,
                            -0.000006, 3.869678, 0.000019, 1.000000;;
                          }
                          Frame Armature_thumb_03_l {
                            FrameTransformMatrix {
                               0.974354, 0.222167,-0.035721, 0.000000,
                              -0.216382, 0.968632, 0.122193, 0.000000,
                               0.061747,-0.111330, 0.991863, 0.000000,
                              -0.000002, 4.062164,-0.000010, 1.000000;;
                            }
                          } // End of Armature_thumb_03_l
                        } // End of Armature_thumb_02_l
                      } // End of Armature_thumb_01_l
                    } // End of Armature_hand_l
                    Frame Armature_lowerarm_twist_01_l {
                      FrameTransformMatrix {
                         0.964844, 0.000000,-0.262822, 0.000000,
                        -0.000000, 1.000000, 0.000000, 0.000000,
                         0.262822,-0.000000, 0.964844, 0.000000,
                        -0.000006,13.999998, 0.000005, 1.000000;;
                      }
                    } // End of Armature_lowerarm_twist_01_l
                  } // End of Armature_lowerarm_l
                  Frame Armature_upperarm_twist_01_l {
                    FrameTransformMatrix {
                       0.798221,-0.000002,-0.602364, 0.000000,
                       0.000001, 1.000000,-0.000003, 0.000000,
                       0.602364, 0.000002, 0.798221, 0.000000,
                      -0.000008, 0.499990, 0.000031, 1.000000;;
                    }
                  } // End of Armature_upperarm_twist_01_l
                } // End of Armature_upperarm_l
              } // End of Armature_clavicle_l
              Frame Armature_clavicle_r {
                FrameTransformMatrix {
                  -0.784002,-0.179571,-0.594218, 0.000000,
                   0.620384,-0.259870,-0.739994, 0.000000,
                  -0.021538,-0.948800, 0.315142, 0.000000,
                  -2.732097,11.883790,-3.782005, 1.000000;;
                }
                Frame Armature_upperarm_r {
                  FrameTransformMatrix {
                    -0.732383,-0.346581,-0.586086, 0.000000,
                     0.650945,-0.608865,-0.453381, 0.000000,
                    -0.199714,-0.713558, 0.671527, 0.000000,
                    -0.000046,15.784740, 0.000086, 1.000000;;
                  }
                  Frame Armature_lowerarm_r {
                    FrameTransformMatrix {
                       0.893126,-0.428953,-0.135370, 0.000000,
                       0.428884, 0.902821,-0.031178, 0.000000,
                       0.135589,-0.030213, 0.990304, 0.000000,
                       0.000023,30.340054,-0.000019, 1.000000;;
                    }
                    Frame Armature_hand_r {
                      FrameTransformMatrix {
                        -0.995098,-0.085305,-0.050036, 0.000000,
                        -0.093560, 0.648053, 0.755827, 0.000000,
                        -0.032050, 0.756803,-0.652857, 0.000000,
                        -0.000022,26.975237,-0.000011, 1.000000;;
                      }
                      Frame Armature_index_01_r {
                        FrameTransformMatrix {
                           0.680581, 0.711085, 0.176543, 0.000000,
                          -0.685834, 0.703073,-0.187937, 0.000000,
                          -0.257762, 0.006827, 0.966184, 0.000000,
                          -1.763745,12.067939, 2.109423, 1.000000;;
                        }
                        Frame Armature_index_02_r {
                          FrameTransformMatrix {
                            -0.096419, 0.990319, 0.099860, 0.000000,
                            -0.995295,-0.094970,-0.019174, 0.000000,
                            -0.009505,-0.101239, 0.994817, 0.000000,
                             0.000092, 4.287694,-0.000064, 1.000000;;
                          }
                          Frame Armature_index_03_r {
                            FrameTransformMatrix {
                               0.666915, 0.744998, 0.014205, 0.000000,
                              -0.744829, 0.667067,-0.015867, 0.000000,
                              -0.021296, 0.000002, 0.999773, 0.000000,
                               0.000111, 3.393800,-0.000023, 1.000000;;
                            }
                          } // End of Armature_index_03_r
                        } // End of Armature_index_02_r
                      } // End of Armature_index_01_r
                      Frame Armature_middle_01_r {
                        FrameTransformMatrix {
                           0.441930, 0.896672,-0.026033, 0.000000,
                          -0.895749, 0.439541,-0.066612, 0.000000,
                          -0.048286, 0.052757, 0.997439, 0.000000,
                          -1.293744,12.244110,-0.571135, 1.000000;;
                        }
                        Frame Armature_middle_02_r {
                          FrameTransformMatrix {
                             0.178866, 0.979905, 0.088287, 0.000000,
                            -0.981563, 0.171579, 0.084234, 0.000000,
                             0.067393,-0.101725, 0.992527, 0.000000,
                            -0.000145, 4.640573, 0.000007, 1.000000;;
                          }
                          Frame Armature_middle_03_r {
                            FrameTransformMatrix {
                               0.131022, 0.991379, 0.000429, 0.000000,
                              -0.991374, 0.131023,-0.003246, 0.000000,
                              -0.003274, 0.000000, 0.999995, 0.000000,
                              -0.000009, 3.648918, 0.000003, 1.000000;;
                            }
                          } // End of Armature_middle_03_r
                        } // End of Armature_middle_02_r
                      } // End of Armature_middle_01_r
                      Frame Armature_pinky_01_r {
                        FrameTransformMatrix {
                           0.827082, 0.473667,-0.302614, 0.000000,
                          -0.535493, 0.827640,-0.168105, 0.000000,
                           0.170830, 0.301084, 0.938171, 0.000000,
                          -2.263390,10.140591,-4.643097, 1.000000;;
                        }
                        Frame Armature_pinky_02_r {
                          FrameTransformMatrix {
                             0.135751, 0.989590, 0.047784, 0.000000,
                            -0.990284, 0.136998,-0.023855, 0.000000,
                            -0.030153,-0.044081, 0.998573, 0.000000,
                             0.000004, 3.571065, 0.000002, 1.000000;;
                          }
                          Frame Armature_pinky_03_r {
                            FrameTransformMatrix {
                              -0.138518, 0.990359,-0.000984, 0.000000,
                              -0.990334,-0.138522,-0.007042, 0.000000,
                              -0.007111,-0.000001, 0.999975, 0.000000,
                               0.000318, 2.985514,-0.000029, 1.000000;;
                            }
                          } // End of Armature_pinky_03_r
                        } // End of Armature_pinky_02_r
                      } // End of Armature_pinky_01_r
                      Frame Armature_ring_01_r {
                        FrameTransformMatrix {
                           0.488693, 0.835028,-0.252801, 0.000000,
                          -0.863051, 0.505116, 0.000075, 0.000000,
                           0.127756, 0.218143, 0.967518, 0.000000,
                          -1.753802,11.497973,-2.846913, 1.000000;;
                        }
                        Frame Armature_ring_02_r {
                          FrameTransformMatrix {
                            -0.098081, 0.994968, 0.020482, 0.000000,
                            -0.995158,-0.097925,-0.008493, 0.000000,
                            -0.006445,-0.021216, 0.999754, 0.000000,
                            -0.000005, 4.429873, 0.000001, 1.000000;;
                          }
                          Frame Armature_ring_03_r {
                            FrameTransformMatrix {
                               0.264064, 0.964505,-0.000106, 0.000000,
                              -0.964505, 0.264064, 0.000406, 0.000000,
                               0.000420,-0.000006, 1.000000, 0.000000,
                               0.000074, 3.476579, 0.000000, 1.000000;;
                            }
                          } // End of Armature_ring_03_r
                        } // End of Armature_ring_02_r
                      } // End of Armature_ring_01_r
                      Frame Armature_thumb_01_r {
                        FrameTransformMatrix {
                           0.166767,-0.399673, 0.901360, 0.000000,
                          -0.684860, 0.610702, 0.397503, 0.000000,
                          -0.709334,-0.683596,-0.171876, 0.000000,
                          -2.375131, 4.762119, 2.537796, 1.000000;;
                        }
                        Frame Armature_thumb_02_r {
                          FrameTransformMatrix {
                             0.809495, 0.587037, 0.010215, 0.000000,
                            -0.587123, 0.809316, 0.017119, 0.000000,
                             0.001782,-0.019855, 0.999801, 0.000000,
                             0.000117, 3.869573, 0.000042, 1.000000;;
                          }
                          Frame Armature_thumb_03_r {
                            FrameTransformMatrix {
                               0.696233, 0.717189, 0.029995, 0.000000,
                              -0.716524, 0.696879,-0.030866, 0.000000,
                              -0.043040,-0.000002, 0.999073, 0.000000,
                               0.000002, 4.062193, 0.000002, 1.000000;;
                            }
                          } // End of Armature_thumb_03_r
                        } // End of Armature_thumb_02_r
                      } // End of Armature_thumb_01_r
                      Frame Armature_weapon_r {
                        FrameTransformMatrix {
                          -0.005470,-0.000002,-0.999985, 0.000000,
                          -0.000001,-1.000000, 0.000002, 0.000000,
                          -0.999985, 0.000001, 0.005470, 0.000000,
                          -4.666999,11.309001,-1.093013, 1.000000;;
                        }
                      } // End of Armature_weapon_r
                    } // End of Armature_hand_r
                    Frame Armature_lowerarm_twist_01_r {
                      FrameTransformMatrix {
                         0.506194,-0.000000,-0.862419, 0.000000,
                        -0.000000, 1.000000,-0.000000, 0.000000,
                         0.862419, 0.000000, 0.506194, 0.000000,
                         0.000009,13.999992,-0.000014, 1.000000;;
                      }
                    } // End of Armature_lowerarm_twist_01_r
                  } // End of Armature_lowerarm_r
                  Frame Armature_upperarm_twist_01_r {
                    FrameTransformMatrix {
                       0.482805, 0.000000, 0.875728, 0.000000,
                       0.000000, 1.000000,-0.000000, 0.000000,
                      -0.875728, 0.000000, 0.482805, 0.000000,
                       0.000005, 0.499998, 0.000000, 1.000000;;
                    }
                  } // End of Armature_upperarm_twist_01_r
                } // End of Armature_upperarm_r
              } // End of Armature_clavicle_r
              Frame Armature_neck_01 {
                FrameTransformMatrix {
                   0.971507, 0.161788, 0.173202, 0.000000,
                  -0.117841, 0.963773,-0.239281, 0.000000,
                  -0.205640, 0.212053, 0.955377, 0.000000,
                  -0.355309,16.558779,-0.000003, 1.000000;;
                }
                Frame Armature_head {
                  FrameTransformMatrix {
                     0.593093, 0.093390, 0.799699, 0.000000,
                     0.277971, 0.908425,-0.312243, 0.000000,
                    -0.755627, 0.407483, 0.512821, 0.000000,
                     0.364148, 9.283614,-0.000004, 1.000000;;
                  }
                } // End of Armature_head
              } // End of Armature_neck_01
            } // End of Armature_spine_03
          } // End of Armature_spine_02
        } // End of Armature_spine_01
        Frame Armature_sword_holder {
          FrameTransformMatrix {
            -0.909313, 0.370363, 0.189679, 0.000000,
            -0.355306,-0.928335, 0.109325, 0.000000,
             0.216575, 0.032016, 0.975741, 0.000000,
            13.979996,19.493002,16.300999, 1.000000;;
          }
        } // End of Armature_sword_holder
        Frame Armature_thigh_l {
          FrameTransformMatrix {
            -0.678875,-0.322595, 0.659591, 0.000000,
            -0.364965, 0.927739, 0.078107, 0.000000,
            -0.637125,-0.187703,-0.747555, 0.000000,
            -1.448829, 0.531423, 9.005805, 1.000000;;
          }
          Frame Armature_calf_l {
            FrameTransformMatrix {
              -0.457233,-0.881513, 0.117781, 0.000000,
               0.875346,-0.469478,-0.115585, 0.000000,
               0.157186, 0.050250, 0.986290, 0.000000,
              -0.301656,42.372826, 0.044698, 1.000000;;
            }
            Frame Armature_calf_twist_01_l {
              FrameTransformMatrix {
                 0.997296,-0.015471,-0.071840, 0.000000,
                 0.015235, 0.999877,-0.003824, 0.000000,
                 0.071890, 0.002719, 0.997409, 0.000000,
                 0.000006,20.476778,-0.000008, 1.000000;;
              }
            } // End of Armature_calf_twist_01_l
            Frame Armature_foot_l {
              FrameTransformMatrix {
                -0.191078,-0.953185, 0.234367, 0.000000,
                -0.942859, 0.244630, 0.226217, 0.000000,
                -0.272959,-0.177750,-0.945462, 0.000000,
                 0.000366,40.196579,-0.000387, 1.000000;;
              }
              Frame Armature_ball_l {
                FrameTransformMatrix {
                   0.024622, 0.999697, 0.000151, 0.000000,
                  -0.999697, 0.024622, 0.000077, 0.000000,
                   0.000073,-0.000153, 1.000000, 0.000000,
                  -10.453836,16.577854,-0.080163, 1.000000;;
                }
              } // End of Armature_ball_l
            } // End of Armature_foot_l
          } // End of Armature_calf_l
          Frame Armature_thigh_twist_01_l {
            FrameTransformMatrix {
               0.844752,-0.000829, 0.535157, 0.000000,
               0.000983, 0.999999,-0.000004, 0.000000,
              -0.535157, 0.000529, 0.844753, 0.000000,
              -0.000008,22.094233, 0.000003, 1.000000;;
            }
          } // End of Armature_thigh_twist_01_l
        } // End of Armature_thigh_l
        Frame Armature_thigh_r {
          FrameTransformMatrix {
            -0.147511, 0.489679,-0.859334, 0.000000,
            -0.559798,-0.757616,-0.335624, 0.000000,
            -0.815393, 0.431546, 0.385878, 0.000000,
            -1.448634, 0.531428,-9.005808, 1.000000;;
          }
          Frame Armature_calf_r {
            FrameTransformMatrix {
               0.777965, 0.625303, 0.061374, 0.000000,
              -0.623202, 0.780380,-0.051247, 0.000000,
              -0.079940, 0.001620, 0.996798, 0.000000,
               0.022460,42.448311, 0.004572, 1.000000;;
            }
            Frame Armature_calf_twist_01_r {
              FrameTransformMatrix {
                 0.998174, 0.014986,-0.058520, 0.000000,
                -0.015235, 0.999876,-0.003825, 0.000000,
                 0.058455, 0.004709, 0.998279, 0.000000,
                -0.000001,20.476910, 0.000002, 1.000000;;
              }
            } // End of Armature_calf_twist_01_r
            Frame Armature_foot_r {
              FrameTransformMatrix {
                -0.671860, 0.740667, 0.004107, 0.000000,
                 0.740600, 0.671859,-0.010841, 0.000000,
                -0.010789,-0.004242,-0.999933, 0.000000,
                -0.000943,40.196434,-0.000067, 1.000000;;
              }
              Frame Armature_ball_r {
                FrameTransformMatrix {
                  -0.002092,-0.999998,-0.000159, 0.000000,
                   0.999998,-0.002092, 0.000080, 0.000000,
                  -0.000080,-0.000159, 1.000000, 0.000000,
                  10.453819,16.577789,-0.080131, 1.000000;;
                }
              } // End of Armature_ball_r
            } // End of Armature_foot_r
          } // End of Armature_calf_r
          Frame Armature_thigh_twist_01_r {
            FrameTransformMatrix {
               0.505399, 0.000499, 0.862886, 0.000000,
              -0.000983, 1.000000,-0.000003, 0.000000,
              -0.862885,-0.000847, 0.505399, 0.000000,
              -0.000003,22.094234, 0.000003, 1.000000;;
            }
          } // End of Armature_thigh_twist_01_r
        } // End of Armature_thigh_r
      } // End of Armature_pelvis
    } // End of Armature_root
  } // End of Armature
} // End of Root
AnimationSet Global {
  Animation {
    {Armature}
    AnimationKey { // Rotation
      0;
      21;
      0;4;-0.707107, 0.707107, 0.000000, 0.000000;;,
      1;4;-0.707107, 0.707107, 0.000000, 0.000000;;,
      2;4;-0.707107, 0.707107, 0.000000, 0.000000;;,
      3;4;-0.707107, 0.707107, 0.000000, 0.000000;;,
      4;4;-0.707107, 0.707107, 0.000000, 0.000000;;,
      5;4;-0.707107, 0.707107, 0.000000, 0.000000;;,
      6;4;-0.707107, 0.707107, 0.000000, 0.000000;;,
      7;4;-0.707107, 0.707107, 0.000000, 0.000000;;,
      8;4;-0.707107, 0.707107, 0.000000, 0.000000;;,
      9;4;-0.707107, 0.707107, 0.000000, 0.000000;;,
      10;4;-0.707107, 0.707107, 0.000000, 0.000000;;,
      11;4;-0.707107, 0.707107, 0.000000, 0.000000;;,
      12;4;-0.707107, 0.707107, 0.000000, 0.000000;;,
      13;4;-0.707107, 0.707107, 0.000000, 0.000000;;,
      14;4;-0.707107, 0.707107, 0.000000, 0.000000;;,
      15;4;-0.707107, 0.707107, 0.000000, 0.000000;;,
      16;4;-0.707107, 0.707107, 0.000000, 0.000000;;,
      17;4;-0.707107, 0.707107, 0.000000, 0.000000;;,
      18;4;-0.707107, 0.707107, 0.000000, 0.000000;;,
      19;4;-0.707107, 0.707107, 0.000000, 0.000000;;,
      20;4;-0.707107, 0.707107, 0.000000, 0.000000;;;
    }
    AnimationKey { // Scale
      1;
      21;
      0;3; 0.010000, 0.010000, 0.010000;;,
      1;3; 0.010000, 0.010000, 0.010000;;,
      2;3; 0.010000, 0.010000, 0.010000;;,
      3;3; 0.010000, 0.010000, 0.010000;;,
      4;3; 0.010000, 0.010000, 0.010000;;,
      5;3; 0.010000, 0.010000, 0.010000;;,
      6;3; 0.010000, 0.010000, 0.010000;;,
      7;3; 0.010000, 0.010000, 0.010000;;,
      8;3; 0.010000, 0.010000, 0.010000;;,
      9;3; 0.010000, 0.010000, 0.010000;;,
      10;3; 0.010000, 0.010000, 0.010000;;,
      11;3; 0.010000, 0.010000, 0.010000;;,
      12;3; 0.010000, 0.010000, 0.010000;;,
      13;3; 0.010000, 0.010000, 0.010000;;,
      14;3; 0.010000, 0.010000, 0.010000;;,
      15;3; 0.010000, 0.010000, 0.010000;;,
      16;3; 0.010000, 0.010000, 0.010000;;,
      17;3; 0.010000, 0.010000, 0.010000;;,
      18;3; 0.010000, 0.010000, 0.010000;;,
      19;3; 0.010000, 0.010000, 0.010000;;,
      20;3; 0.010000, 0.010000, 0.010000;;;
    }
    AnimationKey { // Position
      2;
      21;
      0;3; 0.000000, 0.000000, 0.000000;;,
      1;3; 0.000000, 0.000000, 0.000000;;,
      2;3; 0.000000, 0.000000, 0.000000;;,
      3;3; 0.000000, 0.000000, 0.000000;;,
      4;3; 0.000000, 0.000000, 0.000000;;,
      5;3; 0.000000, 0.000000, 0.000000;;,
      6;3; 0.000000, 0.000000, 0.000000;;,
      7;3; 0.000000, 0.000000, 0.000000;;,
      8;3; 0.000000, 0.000000, 0.000000;;,
      9;3; 0.000000, 0.000000, 0.000000;;,
      10;3; 0.000000, 0.000000, 0.000000;;,
      11;3; 0.000000, 0.000000, 0.000000;;,
      12;3; 0.000000, 0.000000, 0.000000;;,
      13;3; 0.000000, 0.000000, 0.000000;;,
      14;3; 0.000000, 0.000000, 0.000000;;,
      15;3; 0.000000, 0.000000, 0.000000;;,
      16;3; 0.000000, 0.000000, 0.000000;;,
      17;3; 0.000000, 0.000000, 0.000000;;,
      18;3; 0.000000, 0.000000, 0.000000;;,
      19;3; 0.000000, 0.000000, 0.000000;;,
      20;3; 0.000000, 0.000000, 0.000000;;;
    }
  }
  Animation {
    {Armature_root}
    AnimationKey { // Rotation
      0;
      21;
      0;4;-1.000000,-0.000000, 0.000000, 0.000000;;,
      1;4;-1.000000,-0.000000, 0.000000, 0.000000;;,
      2;4;-1.000000,-0.000000, 0.000000, 0.000000;;,
      3;4;-1.000000,-0.000000, 0.000000, 0.000000;;,
      4;4;-1.000000,-0.000000, 0.000000, 0.000000;;,
      5;4;-1.000000,-0.000000, 0.000000, 0.000000;;,
      6;4;-1.000000,-0.000000, 0.000000, 0.000000;;,
      7;4;-1.000000,-0.000000, 0.000000, 0.000000;;,
      8;4;-1.000000,-0.000000, 0.000000, 0.000000;;,
      9;4;-1.000000,-0.000000, 0.000000, 0.000000;;,
      10;4;-1.000000,-0.000000, 0.000000, 0.000000;;,
      11;4;-1.000000,-0.000000, 0.000000, 0.000000;;,
      12;4;-1.000000,-0.000000, 0.000000, 0.000000;;,
      13;4;-1.000000,-0.000000, 0.000000, 0.000000;;,
      14;4;-1.000000,-0.000000, 0.000000, 0.000000;;,
      15;4;-1.000000,-0.000000, 0.000000, 0.000000;;,
      16;4;-1.000000,-0.000000, 0.000000, 0.000000;;,
      17;4;-1.000000,-0.000000, 0.000000, 0.000000;;,
      18;4;-1.000000,-0.000000, 0.000000, 0.000000;;,
      19;4;-1.000000,-0.000000, 0.000000, 0.000000;;,
      20;4;-1.000000,-0.000000, 0.000000, 0.000000;;;
    }
    AnimationKey { // Scale
      1;
      21;
      0;3; 1.000000, 1.000000, 1.000000;;,
      1;3; 1.000000, 1.000000, 1.000000;;,
      2;3; 1.000000, 1.000000, 1.000000;;,
      3;3; 1.000000, 1.000000, 1.000000;;,
      4;3; 1.000000, 1.000000, 1.000000;;,
      5;3; 1.000000, 1.000000, 1.000000;;,
      6;3; 1.000000, 1.000000, 1.000000;;,
      7;3; 1.000000, 1.000000, 1.000000;;,
      8;3; 1.000000, 1.000000, 1.000000;;,
      9;3; 1.000000, 1.000000, 1.000000;;,
      10;3; 1.000000, 1.000000, 1.000000;;,
      11;3; 1.000000, 1.000000, 1.000000;;,
      12;3; 1.000000, 1.000000, 1.000000;;,
      13;3; 1.000000, 1.000000, 1.000000;;,
      14;3; 1.000000, 1.000000, 1.000000;;,
      15;3; 1.000000, 1.000000, 1.000000;;,
      16;3; 1.000000, 1.000000, 1.000000;;,
      17;3; 1.000000, 1.000000, 1.000000;;,
      18;3; 1.000000, 1.000000, 1.000000;;,
      19;3; 1.000000, 1.000000, 1.000000;;,
      20;3; 1.000000, 1.000000, 1.000000;;;
    }
    AnimationKey { // Position
      2;
      21;
      0;3; 0.000000, 0.000000, 0.000000;;,
      1;3; 0.000000, 0.000000, 0.000000;;,
      2;3; 0.000000, 0.000000, 0.000000;;,
      3;3; 0.000000, 0.000000, 0.000000;;,
      4;3; 0.000000, 0.000000, 0.000000;;,
      5;3; 0.000000, 0.000000, 0.000000;;,
      6;3; 0.000000, 0.000000, 0.000000;;,
      7;3; 0.000000, 0.000000, 0.000000;;,
      8;3; 0.000000, 0.000000, 0.000000;;,
      9;3; 0.000000, 0.000000, 0.000000;;,
      10;3; 0.000000, 0.000000, 0.000000;;,
      11;3; 0.000000, 0.000000, 0.000000;;,
      12;3; 0.000000, 0.000000, 0.000000;;,
      13;3; 0.000000, 0.000000, 0.000000;;,
      14;3; 0.000000, 0.000000, 0.000000;;,
      15;3; 0.000000, 0.000000, 0.000000;;,
      16;3; 0.000000, 0.000000, 0.000000;;,
      17;3; 0.000000, 0.000000, 0.000000;;,
      18;3; 0.000000, 0.000000, 0.000000;;,
      19;3; 0.000000, 0.000000, 0.000000;;,
      20;3; 0.000000, 0.000000, 0.000000;;;
    }
  }
  Animation {
    {Armature_pelvis}
    AnimationKey { // Rotation
      0;
      21;
      0;4;-0.132680, 0.498666, 0.794057, 0.321250;;,
      1;4;-0.134321, 0.503005, 0.789521, 0.324962;;,
      2;4;-0.140724, 0.513101, 0.778000, 0.334126;;,
      3;4;-0.150458, 0.525587, 0.761650, 0.347866;;,
      4;4;-0.162331, 0.537125, 0.742760, 0.365312;;,
      5;4;-0.176107, 0.544723, 0.723751, 0.385289;;,
      6;4;-0.192877, 0.546050, 0.706909, 0.406089;;,
      7;4;-0.215057, 0.539704, 0.693950, 0.425328;;,
      8;4;-0.250674, 0.526646, 0.679598, 0.444920;;,
      9;4;-0.301265, 0.509431, 0.655946, 0.468460;;,
      10;4;-0.359862, 0.489381, 0.620803, 0.495589;;,
      11;4;-0.419325, 0.467196, 0.573934, 0.525827;;,
      12;4;-0.473252, 0.443229, 0.517656, 0.558222;;,
      13;4;-0.516974, 0.418010, 0.456669, 0.591151;;,
      14;4;-0.548178, 0.392805, 0.397263, 0.622404;;,
      15;4;-0.566864, 0.369957, 0.346296, 0.649520;;,
      16;4;-0.574555, 0.352807, 0.310310, 0.670166;;,
      17;4;-0.572893, 0.345229, 0.295038, 0.682322;;,
      18;4;-0.569397, 0.338989, 0.286050, 0.692133;;,
      19;4;-0.569566, 0.326403, 0.268957, 0.704783;;,
      20;4;-0.571170, 0.312008, 0.249092, 0.717195;;;
    }
    AnimationKey { // Scale
      1;
      21;
      0;3; 1.000000, 1.000000, 1.000000;;,
      1;3; 1.000000, 1.000000, 1.000000;;,
      2;3; 1.000000, 1.000000, 1.000000;;,
      3;3; 1.000000, 1.000000, 1.000000;;,
      4;3; 1.000000, 1.000000, 1.000000;;,
      5;3; 1.000000, 1.000000, 1.000000;;,
      6;3; 1.000000, 1.000000, 1.000000;;,
      7;3; 1.000000, 1.000000, 1.000000;;,
      8;3; 1.000000, 1.000000, 1.000000;;,
      9;3; 1.000000, 1.000000, 1.000000;;,
      10;3; 1.000000, 1.000000, 1.000000;;,
      11;3; 1.000000, 1.000000, 1.000000;;,
      12;3; 1.000000, 1.000000, 1.000000;;,
      13;3; 1.000000, 1.000000, 1.000000;;,
      14;3; 1.000000, 1.000000, 1.000000;;,
      15;3; 1.000000, 1.000000, 1.000000;;,
      16;3; 1.000000, 1.000000, 1.000000;;,
      17;3; 1.000000, 1.000000, 1.000000;;,
      18;3; 1.000000, 1.000000, 1.000000;;,
      19;3; 1.000000, 1.000000, 1.000000;;,
      20;3; 1.000000, 1.000000, 1.000000;;;
    }
    AnimationKey { // Position
      2;
      21;
      0;3;-1.628269,90.245628,-2.139819;;,
      1;3;-1.287677,90.472557,-2.139819;;,
      2;3;-0.409309,91.057785,-2.139816;;,
      3;3; 0.791724,91.858002,-2.139818;;,
      4;3; 2.100314,92.729897,-2.139820;;,
      5;3; 3.301348,93.530121,-2.139822;;,
      6;3; 4.179716,94.115349,-2.139819;;,
      7;3; 4.520307,94.342285,-2.139820;;,
      8;3; 4.428501,94.296600,-2.139819;;,
      9;3; 4.174981,94.170090,-2.139821;;,
      10;3; 3.792587,93.978577,-2.139819;;,
      11;3; 3.314165,93.737900,-2.139821;;,
      12;3; 2.772556,93.463875,-2.139819;;,
      13;3; 2.200606,93.172325,-2.139820;;,
      14;3; 1.631156,92.879074,-2.139820;;,
      15;3; 1.097050,92.599960,-2.139820;;,
      16;3; 0.631131,92.350784,-2.139819;;,
      17;3; 0.266242,92.147408,-2.139821;;,
      18;3;-0.038186,91.975250,-2.139819;;,
      19;3;-0.341879,91.813210,-2.139819;;,
      20;3;-0.640725,91.667236,-2.139818;;;
    }
  }
  Animation {
    {Armature_spine_01}
    AnimationKey { // Rotation
      0;
      21;
      0;4;-0.779549, 0.273065, 0.269144,-0.495277;;,
      1;4;-0.781411, 0.272036, 0.264859,-0.495220;;,
      2;4;-0.787487, 0.267243, 0.255062,-0.493344;;,
      3;4;-0.797067, 0.258986, 0.240483,-0.489673;;,
      4;4;-0.809375, 0.247516, 0.221887,-0.484163;;,
      5;4;-0.823606, 0.233098, 0.200064,-0.476773;;,
      6;4;-0.838960, 0.216049, 0.175813,-0.467502;;,
      7;4;-0.854674, 0.196772, 0.149929,-0.456436;;,
      8;4;-0.870058, 0.175777, 0.123178,-0.443767;;,
      9;4;-0.884522, 0.153677, 0.096278,-0.429808;;,
      10;4;-0.897601, 0.131185, 0.069877,-0.414995;;,
      11;4;-0.908963, 0.109091, 0.044539,-0.399876;;,
      12;4;-0.918413, 0.088236, 0.020736,-0.385101;;,
      13;4;-0.925870, 0.069492,-0.001151,-0.371394;;,
      14;4;-0.931349, 0.053729,-0.020809,-0.359541;;,
      15;4;-0.934911, 0.041798,-0.037974,-0.350361;;,
