xof 0303txt 0032

template XSkinMeshHeader {
  <3cf169ce-ff7c-44ab-93c0-f78f62d172e2>
  WORD nMaxSkinWeightsPerVertex;
  WORD nMaxSkinWeightsPerFace;
  WORD nBones;
}

template SkinWeights {
  <6f0d123b-bad2-4167-a0d0-80224f25fabb>
  STRING transformNodeName;
  DWORD nWeights;
  array DWORD vertexIndices[nWeights];
  array float weights[nWeights];
  Matrix4x4 matrixOffset;
}

Frame Root {
  FrameTransformMatrix {
     1.000000, 0.000000, 0.000000, 0.000000,
     0.000000,-0.000000, 1.000000, 0.000000,
     0.000000, 1.000000, 0.000000, 0.000000,
     0.000000, 0.000000, 0.000000, 1.000000;;
  }
  Frame Armature {
    FrameTransformMatrix {
       0.010000, 0.000000, 0.000000, 0.000000,
       0.000000,-0.000000, 0.010000, 0.000000,
       0.000000,-0.010000,-0.000000, 0.000000,
       0.000000, 0.000000, 0.000000, 1.000000;;
    }
    Frame Armature_root {
      FrameTransformMatrix {
         1.000000, 0.000000, 0.000000, 0.000000,
         0.000000, 1.000000,-0.000000, 0.000000,
         0.000000, 0.000000, 1.000000, 0.000000,
         0.000000, 0.000000, 0.000000, 1.000000;;
      }
      Frame Armature_ik_foot_root {
        FrameTransformMatrix {
           0.000000,-0.000000,-1.000000, 0.000000,
           1.000000, 0.000000, 0.000000, 0.000000,
           0.000000,-1.000000, 0.000000, 0.000000,
           0.000000, 0.000000, 0.000000, 1.000000;;
        }
        Frame Armature_ik_foot_l {
          FrameTransformMatrix {
             0.873841, 0.484492,-0.040858, 0.000000,
            -0.028584,-0.032698,-0.999056, 0.000000,
            -0.485371, 0.874184,-0.014724, 0.000000,
            -20.901363,48.196198,-13.933117, 1.000000;;
          }
        } // End of Armature_ik_foot_l
        Frame Armature_ik_foot_r {
          FrameTransformMatrix {
            -0.415419,-0.909009, 0.033618, 0.000000,
             0.050688, 0.013767, 0.998620, 0.000000,
            -0.908217, 0.416549, 0.040357, 0.000000,
            39.153702,-18.314112,-14.042731, 1.000000;;
          }
        } // End of Armature_ik_foot_r
      } // End of Armature_ik_foot_root
      Frame Armature_ik_hand_root {
        FrameTransformMatrix {
           1.000000, 0.000000, 0.000000, 0.000000,
           0.000000, 1.000000,-0.000000, 0.000000,
           0.000000, 0.000000, 1.000000, 0.000000,
           0.000000, 0.000000, 0.000000, 1.000000;;
        }
        Frame Armature_ik_hand_gun {
          FrameTransformMatrix {
            -0.627713,-0.636417,-0.448276, 0.000000,
            -0.577028,-0.006128, 0.816702, 0.000000,
            -0.522510, 0.771321,-0.363383, 0.000000,
            -15.157059,140.762024,21.120413, 1.000000;;
          }
          Frame Armature_ik_hand_l {
            FrameTransformMatrix {
              -0.182558, 0.510535, 0.840254, 0.000000,
               0.321198, 0.838693,-0.439802, 0.000000,
              -0.929250, 0.189599,-0.317093, 0.000000,
               1.240780, 6.169315,-15.067547, 1.000000;;
            }
          } // End of Armature_ik_hand_l
          Frame Armature_ik_hand_r {
            FrameTransformMatrix {
               1.000000,-0.000000,-0.000000, 0.000000,
               0.000000, 1.000000, 0.000000, 0.000000,
               0.000000,-0.000000, 1.000000, 0.000000,
              -0.000018, 0.000020,-0.000008, 1.000000;;
            }
          } // End of Armature_ik_hand_r
        } // End of Armature_ik_hand_gun
      } // End of Armature_ik_hand_root
      Frame Armature_pelvis {
        FrameTransformMatrix {
           0.019429, 0.987997,-0.153246, 0.000000,
          -0.805486, 0.106269, 0.583009, 0.000000,
           0.592296, 0.112110, 0.797883, 0.000000,
          15.314915,73.707291,-10.308427, 1.000000;;
        }
        Frame Armature_spine_01 {
          FrameTransformMatrix {
             0.277562,-0.957194,-0.082086, 0.000000,
             0.960452, 0.274504, 0.046672, 0.000000,
            -0.022142,-0.091794, 0.995532, 0.000000,
            10.808882, 0.851417, 0.000001, 1.000000;;
          }
          Frame Armature_spine_02 {
            FrameTransformMatrix {
               0.983341, 0.159246,-0.087643, 0.000000,
              -0.146496, 0.979746, 0.136519, 0.000000,
               0.107608,-0.121405, 0.986753, 0.000000,
               3.784360,18.816206, 0.374329, 1.000000;;
            }
            Frame Armature_spine_03 {
              FrameTransformMatrix {
                 0.939769, 0.327611,-0.097491, 0.000000,
                -0.317058, 0.942068, 0.109461, 0.000000,
                 0.127703,-0.071958, 0.989199, 0.000000,
                 0.410733,13.412281, 0.091086, 1.000000;;
              }
              Frame Armature_clavicle_l {
                FrameTransformMatrix {
                   0.930137, 0.148129,-0.336011, 0.000000,
                   0.322697, 0.106965, 0.940439, 0.000000,
                   0.175248,-0.983166, 0.051692, 0.000000,
                  -2.732093,11.883697, 3.781984, 1.000000;;
                }
                Frame Armature_upperarm_l {
                  FrameTransformMatrix {
                    -0.400299, 0.378895, 0.834386, 0.000000,
                    -0.884238,-0.398756,-0.243140, 0.000000,
                     0.240591,-0.835124, 0.494655, 0.000000,
                     0.000002,15.784876, 0.000009, 1.000000;;
                  }
                  Frame Armature_lowerarm_l {
                    FrameTransformMatrix {
                       0.199148, 0.979969, 0.000000, 0.000000,
                      -0.979969, 0.199148, 0.000000, 0.000000,
                      -0.000000,-0.000000, 1.000000, 0.000000,
                       0.000004,30.339945, 0.000009, 1.000000;;
                    }
                    Frame Armature_hand_l {
                      FrameTransformMatrix {
                        -0.984951,-0.141403, 0.099375, 0.000000,
                        -0.150952, 0.983848,-0.096213, 0.000000,
                        -0.084165,-0.109766,-0.990388, 0.000000,
                        -0.000005,26.975161,-0.000004, 1.000000;;
                      }
                      Frame Armature_index_01_l {
                        FrameTransformMatrix {
                           0.920421,-0.260745,-0.291267, 0.000000,
                           0.284029, 0.957983, 0.039952, 0.000000,
                           0.268612,-0.119501, 0.955807, 0.000000,
                           1.763474,12.068123, 2.109403, 1.000000;;
                        }
                        Frame Armature_index_02_l {
                          FrameTransformMatrix {
                             0.907639,-0.412483,-0.077771, 0.000000,
                             0.417989, 0.905138, 0.077528, 0.000000,
                             0.038414,-0.102875, 0.993952, 0.000000,
                            -0.000000, 4.287513,-0.000002, 1.000000;;
                          }
                          Frame Armature_index_03_l {
                            FrameTransformMatrix {
                               0.991882,-0.126008,-0.017084, 0.000000,
                               0.126007, 0.992029,-0.001138, 0.000000,
                               0.017091,-0.001024, 0.999853, 0.000000,
                               0.000006, 3.393814, 0.000006, 1.000000;;
                            }
                          } // End of Armature_index_03_l
                        } // End of Armature_index_02_l
                      } // End of Armature_index_01_l
                      Frame Armature_middle_01_l {
                        FrameTransformMatrix {
                           0.889970,-0.456009, 0.002763, 0.000000,
                           0.455644, 0.888979,-0.045873, 0.000000,
                           0.018463, 0.042085, 0.998943, 0.000000,
                           1.293643,12.244279,-0.571162, 1.000000;;
                        }
                        Frame Armature_middle_02_l {
                          FrameTransformMatrix {
                             0.660068,-0.750857,-0.022898, 0.000000,
                             0.749197, 0.655769, 0.093120, 0.000000,
                            -0.054904,-0.078621, 0.995391, 0.000000,
                            -0.000003, 4.640368,-0.000001, 1.000000;;
                          }
                          Frame Armature_middle_03_l {
                            FrameTransformMatrix {
                               0.887975,-0.459882,-0.002907, 0.000000,
                               0.459879, 0.887980,-0.001505, 0.000000,
                               0.003274,-0.000001, 0.999995, 0.000000,
                               0.000005, 3.648851,-0.000008, 1.000000;;
                            }
                          } // End of Armature_middle_03_l
                        } // End of Armature_middle_02_l
                      } // End of Armature_middle_01_l
                      Frame Armature_pinky_01_l {
                        FrameTransformMatrix {
                           0.808125,-0.438591, 0.393154, 0.000000,
                           0.566754, 0.760764,-0.316271, 0.000000,
                          -0.160384, 0.478409, 0.863367, 0.000000,
                           2.263150,10.140656,-4.643147, 1.000000;;
                        }
                        Frame Armature_pinky_02_l {
                          FrameTransformMatrix {
                             0.497022,-0.867225,-0.029842, 0.000000,
                             0.866786, 0.497793,-0.029732, 0.000000,
                             0.040639,-0.011089, 0.999112, 0.000000,
                             0.000003, 3.570987,-0.000005, 1.000000;;
                          }
                          Frame Armature_pinky_03_l {
                            FrameTransformMatrix {
                               0.712792,-0.701356,-0.005108, 0.000000,
                               0.701338, 0.712811,-0.005025, 0.000000,
                               0.007165,-0.000001, 0.999974, 0.000000,
                               0.000000, 2.985641, 0.000010, 1.000000;;
                            }
                          } // End of Armature_pinky_03_l
                        } // End of Armature_pinky_02_l
                      } // End of Armature_pinky_01_l
                      Frame Armature_ring_01_l {
                        FrameTransformMatrix {
                           0.773749,-0.540310, 0.330723, 0.000000,
                           0.617081, 0.760900,-0.200602, 0.000000,
                          -0.143260, 0.359299, 0.922161, 0.000000,
                           1.753523,11.497879,-2.846908, 1.000000;;
                        }
                        Frame Armature_ring_02_l {
                          FrameTransformMatrix {
                             0.554700,-0.832049,-0.001150, 0.000000,
                             0.832037, 0.554683, 0.006442, 0.000000,
                            -0.004723,-0.004530, 0.999978, 0.000000,
                             0.000003, 4.430171,-0.000001, 1.000000;;
                          }
                          Frame Armature_ring_03_l {
                            FrameTransformMatrix {
                               0.912722,-0.408580, 0.000366, 0.000000,
                               0.408580, 0.912722, 0.000163, 0.000000,
                              -0.000400, 0.000000, 1.000000, 0.000000,
                               0.000005, 3.476656,-0.000003, 1.000000;;
                            }
                          } // End of Armature_ring_03_l
                        } // End of Armature_ring_02_l
                      } // End of Armature_ring_01_l
                      Frame Armature_thumb_01_l {
                        FrameTransformMatrix {
                          -0.022083, 0.415267,-0.909432, 0.000000,
                           0.314011, 0.866500, 0.388038, 0.000000,
                           0.949162,-0.277003,-0.149533, 0.000000,
                           2.374977, 4.762027, 2.537826, 1.000000;;
                        }
                        Frame Armature_thumb_02_l {
                          FrameTransformMatrix {
                             0.973173,-0.222810,-0.057363, 0.000000,
                             0.227395, 0.969409, 0.092396, 0.000000,
                             0.035021,-0.102962, 0.994069, 0.000000,
                            -0.000003, 3.869674,-0.000001, 1.000000;;
                          }
                          Frame Armature_thumb_03_l {
                            FrameTransformMatrix {
                               0.902699,-0.424863,-0.068018, 0.000000,
                               0.429682, 0.898408, 0.090751, 0.000000,
                               0.022552,-0.111147, 0.993548, 0.000000,
                              -0.000005, 4.062175, 0.000000, 1.000000;;
                            }
                          } // End of Armature_thumb_03_l
                        } // End of Armature_thumb_02_l
                      } // End of Armature_thumb_01_l
                    } // End of Armature_hand_l
                    Frame Armature_lowerarm_twist_01_l {
                      FrameTransformMatrix {
                         0.734740, 0.000000, 0.678348, 0.000000,
                        -0.000000, 1.000000,-0.000000, 0.000000,
                        -0.678348, 0.000000, 0.734740, 0.000000,
                        -0.000005,14.000007,-0.000005, 1.000000;;
                      }
                    } // End of Armature_lowerarm_twist_01_l
                  } // End of Armature_lowerarm_l
                  Frame Armature_upperarm_twist_01_l {
                    FrameTransformMatrix {
                       0.236348, 0.000000,-0.971668, 0.000000,
                      -0.000000, 1.000000, 0.000000, 0.000000,
                       0.971668,-0.000000, 0.236348, 0.000000,
                      -0.000004, 0.499997,-0.000004, 1.000000;;
                    }
                  } // End of Armature_upperarm_twist_01_l
                } // End of Armature_upperarm_l
              } // End of Armature_clavicle_l
              Frame Armature_clavicle_r {
                FrameTransformMatrix {
                  -0.901318,-0.140646,-0.409688, 0.000000,
                   0.432026,-0.223579,-0.873708, 0.000000,
                   0.031286,-0.964485, 0.262279, 0.000000,
                  -2.732107,11.883784,-3.782003, 1.000000;;
                }
                Frame Armature_upperarm_r {
                  FrameTransformMatrix {
                    -0.582582,-0.616297,-0.529884, 0.000000,
                     0.792356,-0.285449,-0.539157, 0.000000,
                     0.181025,-0.733960, 0.654624, 0.000000,
                    -0.000056,15.784749, 0.000062, 1.000000;;
                  }
                  Frame Armature_lowerarm_r {
                    FrameTransformMatrix {
                       0.114113,-0.993468,-0.000000, 0.000000,
                       0.993468, 0.114113,-0.000001, 0.000000,
                       0.000001,-0.000000, 1.000000, 0.000000,
                       0.000002,30.340069,-0.000004, 1.000000;;
                    }
                    Frame Armature_hand_r {
                      FrameTransformMatrix {
                         0.944319,-0.326433,-0.041260, 0.000000,
                         0.328931, 0.939663, 0.094010, 0.000000,
                         0.008083,-0.102347, 0.994716, 0.000000,
                        -0.000002,26.975241, 0.000003, 1.000000;;
                      }
                      Frame Armature_index_01_r {
                        FrameTransformMatrix {
                           0.680581, 0.711086, 0.176542, 0.000000,
                          -0.685835, 0.703072,-0.187937, 0.000000,
                          -0.257761, 0.006827, 0.966185, 0.000000,
                          -1.763745,12.067959, 2.109436, 1.000000;;
                        }
                        Frame Armature_index_02_r {
                          FrameTransformMatrix {
                            -0.096418, 0.990319, 0.099860, 0.000000,
                            -0.995295,-0.094969,-0.019175, 0.000000,
                            -0.009506,-0.101239, 0.994817, 0.000000,
                             0.000089, 4.287685,-0.000074, 1.000000;;
                          }
                          Frame Armature_index_03_r {
                            FrameTransformMatrix {
                               0.666916, 0.744998, 0.014205, 0.000000,
                              -0.744829, 0.667067,-0.015866, 0.000000,
                              -0.021296, 0.000001, 0.999773, 0.000000,
                               0.000111, 3.393800,-0.000010, 1.000000;;
                            }
                          } // End of Armature_index_03_r
                        } // End of Armature_index_02_r
                      } // End of Armature_index_01_r
                      Frame Armature_middle_01_r {
                        FrameTransformMatrix {
                           0.441931, 0.896671,-0.026035, 0.000000,
                          -0.895749, 0.439542,-0.066611, 0.000000,
                          -0.048285, 0.052758, 0.997439, 0.000000,
                          -1.293749,12.244125,-0.571128, 1.000000;;
                        }
                        Frame Armature_middle_02_r {
                          FrameTransformMatrix {
                             0.178864, 0.979905, 0.088286, 0.000000,
                            -0.981563, 0.171578, 0.084232, 0.000000,
                             0.067391,-0.101724, 0.992527, 0.000000,
                            -0.000140, 4.640580, 0.000018, 1.000000;;
                          }
                          Frame Armature_middle_03_r {
                            FrameTransformMatrix {
                               0.131028, 0.991379, 0.000429, 0.000000,
                              -0.991373, 0.131028,-0.003244, 0.000000,
                              -0.003273,-0.000001, 0.999995, 0.000000,
                               0.000029, 3.648914,-0.000009, 1.000000;;
                            }
                          } // End of Armature_middle_03_r
                        } // End of Armature_middle_02_r
                      } // End of Armature_middle_01_r
                      Frame Armature_pinky_01_r {
                        FrameTransformMatrix {
                           0.827082, 0.473667,-0.302614, 0.000000,
                          -0.535493, 0.827640,-0.168105, 0.000000,
                           0.170830, 0.301084, 0.938171, 0.000000,
                          -2.263382,10.140595,-4.643092, 1.000000;;
                        }
                        Frame Armature_pinky_02_r {
                          FrameTransformMatrix {
                             0.135759, 0.989591, 0.047733, 0.000000,
                            -0.990283, 0.137004,-0.023853, 0.000000,
                            -0.030144,-0.044030, 0.998575, 0.000000,
                            -0.000070, 3.571070,-0.000001, 1.000000;;
                          }
                          Frame Armature_pinky_03_r {
                            FrameTransformMatrix {
                              -0.138523, 0.990359,-0.000993, 0.000000,
                              -0.990333,-0.138526,-0.007093, 0.000000,
                              -0.007163, 0.000001, 0.999974, 0.000000,
                               0.000307, 2.985414,-0.000032, 1.000000;;
                            }
                          } // End of Armature_pinky_03_r
                        } // End of Armature_pinky_02_r
                      } // End of Armature_pinky_01_r
                      Frame Armature_ring_01_r {
                        FrameTransformMatrix {
                           0.488693, 0.835027,-0.252801, 0.000000,
                          -0.863051, 0.505117, 0.000075, 0.000000,
                           0.127757, 0.218143, 0.967518, 0.000000,
                          -1.753791,11.497977,-2.846914, 1.000000;;
                        }
                        Frame Armature_ring_02_r {
                          FrameTransformMatrix {
                            -0.098076, 0.994968, 0.020464, 0.000000,
                            -0.995158,-0.097921,-0.008487, 0.000000,
                            -0.006441,-0.021197, 0.999755, 0.000000,
                             0.000082, 4.429867,-0.000031, 1.000000;;
                          }
                          Frame Armature_ring_03_r {
                            FrameTransformMatrix {
                               0.264059, 0.964507,-0.000106, 0.000000,
                              -0.964506, 0.264059, 0.000387, 0.000000,
                               0.000401,-0.000000, 1.000000, 0.000000,
                               0.000067, 3.476646, 0.000003, 1.000000;;
                            }
                          } // End of Armature_ring_03_r
                        } // End of Armature_ring_02_r
                      } // End of Armature_ring_01_r
                      Frame Armature_thumb_01_r {
                        FrameTransformMatrix {
                           0.166765,-0.399675, 0.901360, 0.000000,
                          -0.684860, 0.610703, 0.397503, 0.000000,
                          -0.709335,-0.683595,-0.171877, 0.000000,
                          -2.375128, 4.762125, 2.537817, 1.000000;;
                        }
                        Frame Armature_thumb_02_r {
                          FrameTransformMatrix {
                             0.809496, 0.587037, 0.010213, 0.000000,
                            -0.587123, 0.809317, 0.017122, 0.000000,
                             0.001786,-0.019856, 0.999801, 0.000000,
                             0.000125, 3.869574, 0.000047, 1.000000;;
                          }
                          Frame Armature_thumb_03_r {
                            FrameTransformMatrix {
                               0.696233, 0.717189, 0.029993, 0.000000,
                              -0.716525, 0.696879,-0.030868, 0.000000,
                              -0.043040, 0.000001, 0.999073, 0.000000,
                               0.000005, 4.062171,-0.000007, 1.000000;;
                            }
                          } // End of Armature_thumb_03_r
                        } // End of Armature_thumb_02_r
                      } // End of Armature_thumb_01_r
                      Frame Armature_weapon_r {
                        FrameTransformMatrix {
                          -0.005470,-0.000003,-0.999985, 0.000000,
                          -0.000002,-1.000000, 0.000003, 0.000000,
                          -0.999985, 0.000002, 0.005470, 0.000000,
                          -4.667005,11.309019,-1.093002, 1.000000;;
                        }
                      } // End of Armature_weapon_r
                    } // End of Armature_hand_r
                    Frame Armature_lowerarm_twist_01_r {
                      FrameTransformMatrix {
                         0.856377,-0.000000, 0.516352, 0.000000,
                         0.000000, 1.000000, 0.000000, 0.000000,
                        -0.516352,-0.000000, 0.856376, 0.000000,
                         0.000025,14.000000,-0.000005, 1.000000;;
                      }
                    } // End of Armature_lowerarm_twist_01_r
                  } // End of Armature_lowerarm_r
                  Frame Armature_upperarm_twist_01_r {
                    FrameTransformMatrix {
                       0.634250, 0.000000, 0.773128, 0.000000,
                      -0.000000, 1.000000, 0.000000, 0.000000,
                      -0.773128, 0.000000, 0.634250, 0.000000,
                      -0.000001, 0.500011,-0.000001, 1.000000;;
                    }
                  } // End of Armature_upperarm_twist_01_r
                } // End of Armature_upperarm_r
              } // End of Armature_clavicle_r
              Frame Armature_neck_01 {
                FrameTransformMatrix {
                   0.877573, 0.410315,-0.248005, 0.000000,
                  -0.292528, 0.868078, 0.401082, 0.000000,
                   0.379858,-0.279431, 0.881831, 0.000000,
                  -0.355321,16.558781, 0.000000, 1.000000;;
                }
                Frame Armature_head {
                  FrameTransformMatrix {
                     0.861106,-0.504640, 0.061922, 0.000000,
                     0.507859, 0.847996,-0.151599, 0.000000,
                     0.023993, 0.161991, 0.986501, 0.000000,
                     0.364166, 9.283616,-0.000002, 1.000000;;
                  }
                } // End of Armature_head
              } // End of Armature_neck_01
            } // End of Armature_spine_03
          } // End of Armature_spine_02
        } // End of Armature_spine_01
        Frame Armature_sword_holder {
          FrameTransformMatrix {
            -0.909316, 0.370364, 0.189678, 0.000000,
            -0.355306,-0.928335, 0.109325, 0.000000,
             0.216575, 0.032017, 0.975741, 0.000000,
            13.979995,19.493002,16.301003, 1.000000;;
          }
        } // End of Armature_sword_holder
        Frame Armature_thigh_l {
          FrameTransformMatrix {
            -0.449310,-0.875973,-0.175472, 0.000000,
            -0.791642, 0.299362, 0.532621, 0.000000,
            -0.414032, 0.378223,-0.827964, 0.000000,
            -1.448823, 0.531423, 9.005810, 1.000000;;
          }
          Frame Armature_calf_l {
            FrameTransformMatrix {
               0.430308,-0.902653,-0.007195, 0.000000,
               0.898059, 0.428897,-0.097656, 0.000000,
               0.091235, 0.035560, 0.995194, 0.000000,
              -0.092373,42.372879, 0.015341, 1.000000;;
            }
            Frame Armature_calf_twist_01_l {
              FrameTransformMatrix {
                 0.999877,-0.015222, 0.003639, 0.000000,
                 0.015236, 0.999877,-0.003824, 0.000000,
                -0.003580, 0.003879, 0.999986, 0.000000,
                 0.000001,20.476776, 0.000003, 1.000000;;
              }
            } // End of Armature_calf_twist_01_l
            Frame Armature_foot_l {
              FrameTransformMatrix {
                 0.354332,-0.776188,-0.521519, 0.000000,
                -0.901430,-0.431864, 0.030301, 0.000000,
                -0.248745, 0.459376,-0.852701, 0.000000,
                -0.000268,40.196518, 0.000540, 1.000000;;
              }
              Frame Armature_ball_l {
                FrameTransformMatrix {
                   0.010395, 0.999946, 0.000148, 0.000000,
                  -0.999946, 0.010395, 0.000075, 0.000000,
                   0.000073,-0.000149, 1.000000, 0.000000,
                  -10.453842,16.577852,-0.080152, 1.000000;;
                }
              } // End of Armature_ball_l
            } // End of Armature_foot_l
          } // End of Armature_calf_l
          Frame Armature_thigh_twist_01_l {
            FrameTransformMatrix {
               0.979245,-0.000963,-0.202678, 0.000000,
               0.000983, 0.999999,-0.000004, 0.000000,
               0.202678,-0.000196, 0.979245, 0.000000,
              -0.000003,22.094240, 0.000000, 1.000000;;
            }
          } // End of Armature_thigh_twist_01_l
        } // End of Armature_thigh_l
        Frame Armature_thigh_r {
          FrameTransformMatrix {
             0.609769, 0.771556, 0.181336, 0.000000,
            -0.591583, 0.595322,-0.543711, 0.000000,
            -0.527457, 0.224262, 0.819449, 0.000000,
            -1.448647, 0.531425,-9.005805, 1.000000;;
          }
          Frame Armature_calf_r {
            FrameTransformMatrix {
               0.339208, 0.940690,-0.006371, 0.000000,
              -0.935794, 0.336736,-0.104390, 0.000000,
              -0.096054, 0.041372, 0.994516, 0.000000,
               0.112267,42.362114, 0.018273, 1.000000;;
            }
            Frame Armature_calf_twist_01_r {
              FrameTransformMatrix {
                 0.999748, 0.015296, 0.016455, 0.000000,
                -0.015235, 0.999876,-0.003825, 0.000000,
                -0.016512, 0.003573, 0.999857, 0.000000,
                 0.000001,20.476923, 0.000000, 1.000000;;
              }
            } // End of Armature_calf_twist_01_r
            Frame Armature_foot_r {
              FrameTransformMatrix {
                 0.284171, 0.842672, 0.457331, 0.000000,
                 0.931816,-0.355051, 0.075213, 0.000000,
                 0.225755, 0.404775,-0.886111, 0.000000,
                 0.000184,40.196735, 0.000463, 1.000000;;
              }
              Frame Armature_ball_r {
                FrameTransformMatrix {
                   0.005155,-0.999987, 0.000577, 0.000000,
                   0.999987, 0.005155, 0.000068, 0.000000,
                  -0.000071, 0.000577, 1.000000, 0.000000,
                  10.453820,16.577801,-0.080161, 1.000000;;
                }
              } // End of Armature_ball_r
            } // End of Armature_foot_r
          } // End of Armature_calf_r
          Frame Armature_thigh_twist_01_r {
            FrameTransformMatrix {
               0.990496, 0.000973,-0.137538, 0.000000,
              -0.000983, 0.999999,-0.000003, 0.000000,
               0.137538, 0.000138, 0.990496, 0.000000,
               0.000001,22.094236, 0.000002, 1.000000;;
            }
          } // End of Armature_thigh_twist_01_r
        } // End of Armature_thigh_r
      } // End of Armature_pelvis
    } // End of Armature_root
  } // End of Armature
} // End of Root
AnimationSet Global {
  Animation {
    {Armature}
    AnimationKey { // Rotation
      0;
      47;
      0;4;-0.707107, 0.707107, 0.000000, 0.000000;;,
      1;4;-0.707107, 0.707107, 0.000000, 0.000000;;,
      2;4;-0.707107, 0.707107, 0.000000, 0.000000;;,
      3;4;-0.707107, 0.707107, 0.000000, 0.000000;;,
      4;4;-0.707107, 0.707107, 0.000000, 0.000000;;,
      5;4;-0.707107, 0.707107, 0.000000, 0.000000;;,
      6;4;-0.707107, 0.707107, 0.000000, 0.000000;;,
      7;4;-0.707107, 0.707107, 0.000000, 0.000000;;,
      8;4;-0.707107, 0.707107, 0.000000, 0.000000;;,
      9;4;-0.707107, 0.707107, 0.000000, 0.000000;;,
      10;4;-0.707107, 0.707107, 0.000000, 0.000000;;,
      11;4;-0.707107, 0.707107, 0.000000, 0.000000;;,
      12;4;-0.707107, 0.707107, 0.000000, 0.000000;;,
      13;4;-0.707107, 0.707107, 0.000000, 0.000000;;,
      14;4;-0.707107, 0.707107, 0.000000, 0.000000;;,
      15;4;-0.707107, 0.707107, 0.000000, 0.000000;;,
      16;4;-0.707107, 0.707107, 0.000000, 0.000000;;,
      17;4;-0.707107, 0.707107, 0.000000, 0.000000;;,
      18;4;-0.707107, 0.707107, 0.000000, 0.000000;;,
      19;4;-0.707107, 0.707107, 0.000000, 0.000000;;,
      20;4;-0.707107, 0.707107, 0.000000, 0.000000;;,
      21;4;-0.707107, 0.707107, 0.000000, 0.000000;;,
      22;4;-0.707107, 0.707107, 0.000000, 0.000000;;,
      23;4;-0.707107, 0.707107, 0.000000, 0.000000;;,
      24;4;-0.707107, 0.707107, 0.000000, 0.000000;;,
      25;4;-0.707107, 0.707107, 0.000000, 0.000000;;,
      26;4;-0.707107, 0.707107, 0.000000, 0.000000;;,
      27;4;-0.707107, 0.707107, 0.000000, 0.000000;;,
      28;4;-0.707107, 0.707107, 0.000000, 0.000000;;,
      29;4;-0.707107, 0.707107, 0.000000, 0.000000;;,
      30;4;-0.707107, 0.707107, 0.000000, 0.000000;;,
      31;4;-0.707107, 0.707107, 0.000000, 0.000000;;,
      32;4;-0.707107, 0.707107, 0.000000, 0.000000;;,
      33;4;-0.707107, 0.707107, 0.000000, 0.000000;;,
      34;4;-0.707107, 0.707107, 0.000000, 0.000000;;,
      35;4;-0.707107, 0.707107, 0.000000, 0.000000;;,
      36;4;-0.707107, 0.707107, 0.000000, 0.000000;;,
      37;4;-0.707107, 0.707107, 0.000000, 0.000000;;,
      38;4;-0.707107, 0.707107, 0.000000, 0.000000;;,
      39;4;-0.707107, 0.707107, 0.000000, 0.000000;;,
      40;4;-0.707107, 0.707107, 0.000000, 0.000000;;,
      41;4;-0.707107, 0.707107, 0.000000, 0.000000;;,
      42;4;-0.707107, 0.707107, 0.000000, 0.000000;;,
      43;4;-0.707107, 0.707107, 0.000000, 0.000000;;,
      44;4;-0.707107, 0.707107, 0.000000, 0.000000;;,
      45;4;-0.707107, 0.707107, 0.000000, 0.000000;;,
      46;4;-0.707107, 0.707107, 0.000000, 0.000000;;;
    }
    AnimationKey { // Scale
      1;
      47;
      0;3; 0.010000, 0.010000, 0.010000;;,
      1;3; 0.010000, 0.010000, 0.010000;;,
      2;3; 0.010000, 0.010000, 0.010000;;,
      3;3; 0.010000, 0.010000, 0.010000;;,
      4;3; 0.010000, 0.010000, 0.010000;;,
      5;3; 0.010000, 0.010000, 0.010000;;,
      6;3; 0.010000, 0.010000, 0.010000;;,
      7;3; 0.010000, 0.010000, 0.010000;;,
      8;3; 0.010000, 0.010000, 0.010000;;,
      9;3; 0.010000, 0.010000, 0.010000;;,
      10;3; 0.010000, 0.010000, 0.010000;;,
      11;3; 0.010000, 0.010000, 0.010000;;,
      12;3; 0.010000, 0.010000, 0.010000;;,
      13;3; 0.010000, 0.010000, 0.010000;;,
      14;3; 0.010000, 0.010000, 0.010000;;,
      15;3; 0.010000, 0.010000, 0.010000;;,
      16;3; 0.010000, 0.010000, 0.010000;;,
      17;3; 0.010000, 0.010000, 0.010000;;,
      18;3; 0.010000, 0.010000, 0.010000;;,
      19;3; 0.010000, 0.010000, 0.010000;;,
      20;3; 0.010000, 0.010000, 0.010000;;,
      21;3; 0.010000, 0.010000, 0.010000;;,
      22;3; 0.010000, 0.010000, 0.010000;;,
      23;3; 0.010000, 0.010000, 0.010000;;,
      24;3; 0.010000, 0.010000, 0.010000;;,
      25;3; 0.010000, 0.010000, 0.010000;;,
      26;3; 0.010000, 0.010000, 0.010000;;,
      27;3; 0.010000, 0.010000, 0.010000;;,
      28;3; 0.010000, 0.010000, 0.010000;;,
      29;3; 0.010000, 0.010000, 0.010000;;,
      30;3; 0.010000, 0.010000, 0.010000;;,
      31;3; 0.010000, 0.010000, 0.010000;;,
      32;3; 0.010000, 0.010000, 0.010000;;,
      33;3; 0.010000, 0.010000, 0.010000;;,
      34;3; 0.010000, 0.010000, 0.010000;;,
      35;3; 0.010000, 0.010000, 0.010000;;,
      36;3; 0.010000, 0.010000, 0.010000;;,
      37;3; 0.010000, 0.010000, 0.010000;;,
      38;3; 0.010000, 0.010000, 0.010000;;,
      39;3; 0.010000, 0.010000, 0.010000;;,
      40;3; 0.010000, 0.010000, 0.010000;;,
      41;3; 0.010000, 0.010000, 0.010000;;,
      42;3; 0.010000, 0.010000, 0.010000;;,
      43;3; 0.010000, 0.010000, 0.010000;;,
      44;3; 0.010000, 0.010000, 0.010000;;,
      45;3; 0.010000, 0.010000, 0.010000;;,
      46;3; 0.010000, 0.010000, 0.010000;;;
    }
    AnimationKey { // Position
      2;
      47;
      0;3; 0.000000, 0.000000, 0.000000;;,
      1;3; 0.000000, 0.000000, 0.000000;;,
      2;3; 0.000000, 0.000000, 0.000000;;,
      3;3; 0.000000, 0.000000, 0.000000;;,
      4;3; 0.000000, 0.000000, 0.000000;;,
      5;3; 0.000000, 0.000000, 0.000000;;,
      6;3; 0.000000, 0.000000, 0.000000;;,
      7;3; 0.000000, 0.000000, 0.000000;;,
      8;3; 0.000000, 0.000000, 0.000000;;,
      9;3; 0.000000, 0.000000, 0.000000;;,
      10;3; 0.000000, 0.000000, 0.000000;;,
      11;3; 0.000000, 0.000000, 0.000000;;,
      12;3; 0.000000, 0.000000, 0.000000;;,
      13;3; 0.000000, 0.000000, 0.000000;;,
      14;3; 0.000000, 0.000000, 0.000000;;,
      15;3; 0.000000, 0.000000, 0.000000;;,
      16;3; 0.000000, 0.000000, 0.000000;;,
      17;3; 0.000000, 0.000000, 0.000000;;,
      18;3; 0.000000, 0.000000, 0.000000;;,
      19;3; 0.000000, 0.000000, 0.000000;;,
      20;3; 0.000000, 0.000000, 0.000000;;,
      21;3; 0.000000, 0.000000, 0.000000;;,
      22;3; 0.000000, 0.000000, 0.000000;;,
      23;3; 0.000000, 0.000000, 0.000000;;,
      24;3; 0.000000, 0.000000, 0.000000;;,
      25;3; 0.000000, 0.000000, 0.000000;;,
      26;3; 0.000000, 0.000000, 0.000000;;,
      27;3; 0.000000, 0.000000, 0.000000;;,
      28;3; 0.000000, 0.000000, 0.000000;;,
      29;3; 0.000000, 0.000000, 0.000000;;,
      30;3; 0.000000, 0.000000, 0.000000;;,
      31;3; 0.000000, 0.000000, 0.000000;;,
      32;3; 0.000000, 0.000000, 0.000000;;,
      33;3; 0.000000, 0.000000, 0.000000;;,
      34;3; 0.000000, 0.000000, 0.000000;;,
      35;3; 0.000000, 0.000000, 0.000000;;,
      36;3; 0.000000, 0.000000, 0.000000;;,
      37;3; 0.000000, 0.000000, 0.000000;;,
      38;3; 0.000000, 0.000000, 0.000000;;,
      39;3; 0.000000, 0.000000, 0.000000;;,
      40;3; 0.000000, 0.000000, 0.000000;;,
      41;3; 0.000000, 0.000000, 0.000000;;,
      42;3; 0.000000, 0.000000, 0.000000;;,
      43;3; 0.000000, 0.000000, 0.000000;;,
      44;3; 0.000000, 0.000000, 0.000000;;,
      45;3; 0.000000, 0.000000, 0.000000;;,
      46;3; 0.000000, 0.000000, 0.000000;;;
    }
  }
  Animation {
    {Armature_root}
    AnimationKey { // Rotation
      0;
      47;
      0;4;-1.000000,-0.000000, 0.000000, 0.000000;;,
      1;4;-1.000000,-0.000000, 0.000000, 0.000000;;,
      2;4;-1.000000,-0.000000, 0.000000, 0.000000;;,
      3;4;-1.000000,-0.000000, 0.000000, 0.000000;;,
      4;4;-1.000000,-0.000000, 0.000000, 0.000000;;,
      5;4;-1.000000,-0.000000, 0.000000, 0.000000;;,
      6;4;-1.000000,-0.000000, 0.000000, 0.000000;;,
      7;4;-1.000000,-0.000000, 0.000000, 0.000000;;,
      8;4;-1.000000,-0.000000, 0.000000, 0.000000;;,
      9;4;-1.000000,-0.000000, 0.000000, 0.000000;;,
      10;4;-1.000000,-0.000000, 0.000000, 0.000000;;,
      11;4;-1.000000,-0.000000, 0.000000, 0.000000;;,
      12;4;-1.000000,-0.000000, 0.000000, 0.000000;;,
      13;4;-1.000000,-0.000000, 0.000000, 0.000000;;,
      14;4;-1.000000,-0.000000, 0.000000, 0.000000;;,
      15;4;-1.000000,-0.000000, 0.000000, 0.000000;;,
      16;4;-1.000000,-0.000000, 0.000000, 0.000000;;,
      17;4;-1.000000,-0.000000, 0.000000, 0.000000;;,
      18;4;-1.000000,-0.000000, 0.000000, 0.000000;;,
      19;4;-1.000000,-0.000000, 0.000000, 0.000000;;,
      20;4;-1.000000,-0.000000, 0.000000, 0.000000;;,
      21;4;-1.000000,-0.000000, 0.000000, 0.000000;;,
      22;4;-1.000000,-0.000000, 0.000000, 0.000000;;,
      23;4;-1.000000,-0.000000, 0.000000, 0.000000;;,
      24;4;-1.000000,-0.000000, 0.000000, 0.000000;;,
      25;4;-1.000000,-0.000000, 0.000000, 0.000000;;,
      26;4;-1.000000,-0.000000, 0.000000, 0.000000;;,
      27;4;-1.000000,-0.000000, 0.000000, 0.000000;;,
      28;4;-1.000000,-0.000000, 0.000000, 0.000000;;,
      29;4;-1.000000,-0.000000, 0.000000, 0.000000;;,
      30;4;-1.000000,-0.000000, 0.000000, 0.000000;;,
      31;4;-1.000000,-0.000000, 0.000000, 0.000000;;,
      32;4;-1.000000,-0.000000, 0.000000, 0.000000;;,
      33;4;-1.000000,-0.000000, 0.000000, 0.000000;;,
      34;4;-1.000000,-0.000000, 0.000000, 0.000000;;,
      35;4;-1.000000,-0.000000, 0.000000, 0.000000;;,
      36;4;-1.000000,-0.000000, 0.000000, 0.000000;;,
      37;4;-1.000000,-0.000000, 0.000000, 0.000000;;,
      38;4;-1.000000,-0.000000, 0.000000, 0.000000;;,
      39;4;-1.000000,-0.000000, 0.000000, 0.000000;;,
      40;4;-1.000000,-0.000000, 0.000000, 0.000000;;,
      41;4;-1.000000,-0.000000, 0.000000, 0.000000;;,
      42;4;-1.000000,-0.000000, 0.000000, 0.000000;;,
      43;4;-1.000000,-0.000000, 0.000000, 0.000000;;,
      44;4;-1.000000,-0.000000, 0.000000, 0.000000;;,
      45;4;-1.000000,-0.000000, 0.000000, 0.000000;;,
      46;4;-1.000000,-0.000000, 0.000000, 0.000000;;;
    }
    AnimationKey { // Scale
      1;
      47;
      0;3; 1.000000, 1.000000, 1.000000;;,
      1;3; 1.000000, 1.000000, 1.000000;;,
      2;3; 1.000000, 1.000000, 1.000000;;,
      3;3; 1.000000, 1.000000, 1.000000;;,
      4;3; 1.000000, 1.000000, 1.000000;;,
      5;3; 1.000000, 1.000000, 1.000000;;,
      6;3; 1.000000, 1.000000, 1.000000;;,
      7;3; 1.000000, 1.000000, 1.000000;;,
      8;3; 1.000000, 1.000000, 1.000000;;,
      9;3; 1.000000, 1.000000, 1.000000;;,
      10;3; 1.000000, 1.000000, 1.000000;;,
      11;3; 1.000000, 1.000000, 1.000000;;,
      12;3; 1.000000, 1.000000, 1.000000;;,
      13;3; 1.000000, 1.000000, 1.000000;;,
      14;3; 1.000000, 1.000000, 1.000000;;,
      15;3; 1.000000, 1.000000, 1.000000;;,
      16;3; 1.000000, 1.000000, 1.000000;;,
      17;3; 1.000000, 1.000000, 1.000000;;,
      18;3; 1.000000, 1.000000, 1.000000;;,
      19;3; 1.000000, 1.000000, 1.000000;;,
      20;3; 1.000000, 1.000000, 1.000000;;,
