xof 0303txt 0032

template XSkinMeshHeader {
  <3cf169ce-ff7c-44ab-93c0-f78f62d172e2>
  WORD nMaxSkinWeightsPerVertex;
  WORD nMaxSkinWeightsPerFace;
  WORD nBones;
}

template SkinWeights {
  <6f0d123b-bad2-4167-a0d0-80224f25fabb>
  STRING transformNodeName;
  DWORD nWeights;
  array DWORD vertexIndices[nWeights];
  array float weights[nWeights];
  Matrix4x4 matrixOffset;
}

Frame Root {
  FrameTransformMatrix {
     1.000000, 0.000000, 0.000000, 0.000000,
     0.000000,-0.000000, 1.000000, 0.000000,
     0.000000, 1.000000, 0.000000, 0.000000,
     0.000000, 0.000000, 0.000000, 1.000000;;
  }
  Frame Armature {
    FrameTransformMatrix {
       0.010000, 0.000000, 0.000000, 0.000000,
       0.000000,-0.000000, 0.010000, 0.000000,
       0.000000,-0.010000,-0.000000, 0.000000,
       0.000000, 0.000000, 0.000000, 1.000000;;
    }
    Frame Armature_root {
      FrameTransformMatrix {
         1.000000, 0.000000, 0.000000, 0.000000,
         0.000000, 1.000000, 0.000000, 0.000000,
         0.000000, 0.000000, 1.000000, 0.000000,
         0.000000, 0.000008, 0.000000, 1.000000;;
      }
      Frame Armature_ik_foot_root {
        FrameTransformMatrix {
           0.000000,-0.000000,-1.000000, 0.000000,
           1.000000, 0.000000, 0.000000, 0.000000,
           0.000000,-1.000000, 0.000000, 0.000000,
           0.000000, 0.000000, 0.000000, 1.000000;;
        }
        Frame Armature_ik_foot_l {
          FrameTransformMatrix {
            -0.347791,-0.937572,-0.000655, 0.000000,
             0.045788,-0.016288,-0.998818, 0.000000,
             0.936453,-0.347410, 0.048595, 0.000000,
            60.723412,27.537403,-12.588337, 1.000000;;
          }
        } // End of Armature_ik_foot_l
        Frame Armature_ik_foot_r {
          FrameTransformMatrix {
            -0.685681, 0.726308, 0.048153, 0.000000,
             0.024772,-0.042831, 0.998775, 0.000000,
             0.727480, 0.686034, 0.011376, 0.000000,
            -47.615768,-41.440411,-13.460975, 1.000000;;
          }
        } // End of Armature_ik_foot_r
      } // End of Armature_ik_foot_root
      Frame Armature_ik_hand_root {
        FrameTransformMatrix {
           1.000000, 0.000000, 0.000000, 0.000000,
           0.000000, 1.000000, 0.000000, 0.000000,
           0.000000, 0.000000, 1.000000, 0.000000,
           0.000000, 0.000000, 0.000000, 1.000000;;
        }
        Frame Armature_ik_hand_gun {
          FrameTransformMatrix {
            -0.047822, 0.530061, 0.846610, 0.000000,
            -0.909204, 0.327857,-0.256629, 0.000000,
            -0.413596,-0.782014, 0.466254, 0.000000,
            48.768372,94.185143,-15.675308, 1.000000;;
          }
          Frame Armature_ik_hand_l {
            FrameTransformMatrix {
              -0.612517, 0.725094,-0.314740, 0.000000,
               0.380772,-0.078275,-0.921350, 0.000000,
              -0.692702,-0.684187,-0.228151, 0.000000,
              -1.861768,85.122841,-13.555637, 1.000000;;
            }
          } // End of Armature_ik_hand_l
          Frame Armature_ik_hand_r {
            FrameTransformMatrix {
               1.000000, 0.000000, 0.000000, 0.000000,
               0.000000, 1.000000, 0.000000, 0.000000,
               0.000000, 0.000000, 1.000000, 0.000000,
               0.000000,-0.000004, 0.000002, 1.000000;;
            }
          } // End of Armature_ik_hand_r
        } // End of Armature_ik_hand_gun
      } // End of Armature_ik_hand_root
      Frame Armature_pelvis {
        FrameTransformMatrix {
          -0.145264, 0.985516, 0.087499, 0.000000,
           0.986385, 0.137365, 0.090414, 0.000000,
           0.077085, 0.099441,-0.992053, 0.000000,
          -2.456181,63.824692,-4.372921, 1.000000;;
        }
        Frame Armature_spine_01 {
          FrameTransformMatrix {
             0.579485,-0.788818,-0.204848, 0.000000,
             0.776662, 0.610677,-0.154497, 0.000000,
             0.246966,-0.069569, 0.966523, 0.000000,
            10.808858, 0.851420, 0.000016, 1.000000;;
          }
          Frame Armature_spine_02 {
            FrameTransformMatrix {
               0.962622, 0.193096,-0.189928, 0.000000,
              -0.209331, 0.975385,-0.069312, 0.000000,
               0.171869, 0.106479, 0.979348, 0.000000,
               3.742783,18.811590, 0.713893, 1.000000;;
            }
            Frame Armature_spine_03 {
              FrameTransformMatrix {
                 0.985126,-0.020835,-0.170563, 0.000000,
                 0.014520, 0.999165,-0.038189, 0.000000,
                 0.171216, 0.035145, 0.984606, 0.000000,
                 0.393494,13.412095, 0.148835, 1.000000;;
              }
              Frame Armature_clavicle_l {
                FrameTransformMatrix {
                   0.889724, 0.146062,-0.432501, 0.000000,
                   0.445143,-0.067587, 0.892905, 0.000000,
                   0.101188,-0.986964,-0.125152, 0.000000,
                  -2.732084,11.883687, 3.781977, 1.000000;;
                }
                Frame Armature_upperarm_l {
                  FrameTransformMatrix {
                     0.835957,-0.156383, 0.526042, 0.000000,
                    -0.180409, 0.826957, 0.532535, 0.000000,
                    -0.518294,-0.540079, 0.663088, 0.000000,
                     0.000000,15.784876,-0.000003, 1.000000;;
                  }
                  Frame Armature_lowerarm_l {
                    FrameTransformMatrix {
                       0.898823, 0.438263, 0.006567, 0.000000,
                      -0.438157, 0.898004, 0.040088, 0.000000,
                       0.011672,-0.038909, 0.999174, 0.000000,
                      -0.000002,30.339945,-0.000002, 1.000000;;
                    }
                    Frame Armature_hand_l {
                      FrameTransformMatrix {
                         0.617882,-0.101960, 0.779632, 0.000000,
                         0.125078, 0.991676, 0.030563, 0.000000,
                        -0.776259, 0.078630, 0.625492, 0.000000,
                         0.000006,26.975147,-0.000002, 1.000000;;
                      }
                      Frame Armature_index_01_l {
                        FrameTransformMatrix {
                           0.964278,-0.061300,-0.257702, 0.000000,
                           0.089811, 0.990890, 0.100355, 0.000000,
                           0.249202,-0.119914, 0.960999, 0.000000,
                           1.763453,12.068125, 2.109404, 1.000000;;
                        }
                        Frame Armature_index_02_l {
                          FrameTransformMatrix {
                             0.979537,-0.199126,-0.029252, 0.000000,
                             0.201068, 0.974593, 0.098692, 0.000000,
                             0.008856,-0.102554, 0.994688, 0.000000,
                             0.000000, 4.287502, 0.000008, 1.000000;;
                          }
                          Frame Armature_index_03_l {
                            FrameTransformMatrix {
                               0.997545, 0.066720,-0.021249, 0.000000,
                              -0.066704, 0.997772, 0.001433, 0.000000,
                               0.021298,-0.000012, 0.999773, 0.000000,
                               0.000009, 3.393813, 0.000000, 1.000000;;
                            }
                          } // End of Armature_index_03_l
                        } // End of Armature_index_02_l
                      } // End of Armature_index_01_l
                      Frame Armature_middle_01_l {
                        FrameTransformMatrix {
                           0.935806,-0.349844,-0.043310, 0.000000,
                           0.336700, 0.923438,-0.184108, 0.000000,
                           0.104403, 0.157707, 0.981951, 0.000000,
                           1.293628,12.244296,-0.571156, 1.000000;;
                        }
                        Frame Armature_middle_02_l {
                          FrameTransformMatrix {
                             0.940083,-0.340026, 0.025014, 0.000000,
                             0.336496, 0.937129, 0.092520, 0.000000,
                            -0.054901,-0.078559, 0.995397, 0.000000,
                             0.000008, 4.640372,-0.000006, 1.000000;;
                          }
                          Frame Armature_middle_03_l {
                            FrameTransformMatrix {
                               0.999631, 0.026972,-0.003253, 0.000000,
                              -0.026972, 0.999636, 0.000018, 0.000000,
                               0.003253, 0.000069, 0.999995, 0.000000,
                               0.000002, 3.648838, 0.000000, 1.000000;;
                            }
                          } // End of Armature_middle_03_l
                        } // End of Armature_middle_02_l
                      } // End of Armature_middle_01_l
                      Frame Armature_pinky_01_l {
                        FrameTransformMatrix {
                           0.828926,-0.439116, 0.346497, 0.000000,
                           0.545099, 0.773125,-0.324260, 0.000000,
                          -0.125498, 0.457663, 0.880225, 0.000000,
                           2.263140,10.140671,-4.643143, 1.000000;;
                        }
                        Frame Armature_pinky_02_l {
                          FrameTransformMatrix {
                             0.854254,-0.518278,-0.040467, 0.000000,
                             0.518267, 0.855140,-0.011599, 0.000000,
                             0.040617,-0.011064, 0.999113, 0.000000,
                             0.000000, 3.570986,-0.000001, 1.000000;;
                          }
                          Frame Armature_pinky_03_l {
                            FrameTransformMatrix {
                               0.963084,-0.269113,-0.006928, 0.000000,
                               0.269106, 0.963109,-0.001872, 0.000000,
                               0.007176,-0.000061, 0.999974, 0.000000,
                              -0.000006, 2.985627,-0.000007, 1.000000;;
                            }
                          } // End of Armature_pinky_03_l
                        } // End of Armature_pinky_02_l
                      } // End of Armature_pinky_01_l
                      Frame Armature_ring_01_l {
                        FrameTransformMatrix {
                           0.828973,-0.486604, 0.275717, 0.000000,
                           0.549926, 0.798995,-0.243289, 0.000000,
                          -0.101911, 0.353304, 0.929941, 0.000000,
                           1.753519,11.497900,-2.846905, 1.000000;;
                        }
                        Frame Armature_ring_02_l {
                          FrameTransformMatrix {
                             0.998403,-0.055575,-0.010172, 0.000000,
                             0.055657, 0.998418, 0.007946, 0.000000,
                             0.009714,-0.008500, 0.999917, 0.000000,
                            -0.000013, 4.430170, 0.000004, 1.000000;;
                          }
                          Frame Armature_ring_03_l {
                            FrameTransformMatrix {
                               0.996480, 0.083831, 0.000389, 0.000000,
                              -0.083831, 0.996480, 0.000013, 0.000000,
                              -0.000386,-0.000046, 1.000000, 0.000000,
                               0.000000, 3.476663,-0.000002, 1.000000;;
                            }
                          } // End of Armature_ring_03_l
                        } // End of Armature_ring_02_l
                      } // End of Armature_ring_01_l
                      Frame Armature_thumb_01_l {
                        FrameTransformMatrix {
                          -0.049889, 0.340789,-0.938815, 0.000000,
                           0.696400, 0.685661, 0.211888, 0.000000,
                           0.715918,-0.643220,-0.271533, 0.000000,
                           2.374956, 4.762045, 2.537827, 1.000000;;
                        }
                        Frame Armature_thumb_02_l {
                          FrameTransformMatrix {
                             0.994918,-0.094573,-0.034566, 0.000000,
                             0.097443, 0.990808, 0.093834, 0.000000,
                             0.025374,-0.096726, 0.994987, 0.000000,
                            -0.000007, 3.869678, 0.000006, 1.000000;;
                          }
                          Frame Armature_thumb_03_l {
                            FrameTransformMatrix {
                               0.993105,-0.092366,-0.072193, 0.000000,
                               0.099652, 0.989482, 0.104856, 0.000000,
                               0.061748,-0.111327, 0.991864, 0.000000,
                               0.000008, 4.062178,-0.000008, 1.000000;;
                            }
                          } // End of Armature_thumb_03_l
                        } // End of Armature_thumb_02_l
                      } // End of Armature_thumb_01_l
                    } // End of Armature_hand_l
                    Frame Armature_lowerarm_twist_01_l {
                      FrameTransformMatrix {
                         0.944934,-0.000000,-0.327261, 0.000000,
                         0.000000, 1.000000,-0.000000, 0.000000,
                         0.327261, 0.000000, 0.944934, 0.000000,
                         0.000000,14.000000,-0.000008, 1.000000;;
                      }
                    } // End of Armature_lowerarm_twist_01_l
                  } // End of Armature_lowerarm_l
                  Frame Armature_upperarm_twist_01_l {
                    FrameTransformMatrix {
                       0.753466, 0.000000,-0.657487, 0.000000,
                       0.000000, 1.000000, 0.000001, 0.000000,
                       0.657487,-0.000001, 0.753466, 0.000000,
                       0.000001, 0.499998,-0.000003, 1.000000;;
                    }
                  } // End of Armature_upperarm_twist_01_l
                } // End of Armature_upperarm_l
              } // End of Armature_clavicle_l
              Frame Armature_clavicle_r {
                FrameTransformMatrix {
                  -0.945834,-0.129492,-0.297709, 0.000000,
                   0.313345,-0.124215,-0.941481, 0.000000,
                   0.084934,-0.983770, 0.158062, 0.000000,
                  -2.732105,11.883799,-3.782001, 1.000000;;
                }
                Frame Armature_upperarm_r {
                  FrameTransformMatrix {
                    -0.283658,-0.937561,-0.201289, 0.000000,
                     0.944009,-0.309905, 0.113163, 0.000000,
                    -0.168478,-0.157919, 0.972973, 0.000000,
                    -0.000045,15.784743, 0.000080, 1.000000;;
                  }
                  Frame Armature_lowerarm_r {
                    FrameTransformMatrix {
                       0.498778,-0.861557,-0.094555, 0.000000,
                       0.856063, 0.506762,-0.101726, 0.000000,
                       0.135559,-0.030206, 0.990309, 0.000000,
                       0.000003,30.340054, 0.000002, 1.000000;;
                    }
                    Frame Armature_hand_r {
                      FrameTransformMatrix {
                        -0.585196, 0.026048,-0.810473, 0.000000,
                        -0.709419, 0.467674, 0.527262, 0.000000,
                         0.392772, 0.883517,-0.255202, 0.000000,
                        -0.000006,26.975245,-0.000002, 1.000000;;
                      }
                      Frame Armature_index_01_r {
                        FrameTransformMatrix {
                           0.680580, 0.711086, 0.176545, 0.000000,
                          -0.685835, 0.703072,-0.187937, 0.000000,
                          -0.257763, 0.006826, 0.966184, 0.000000,
                          -1.763741,12.067935, 2.109441, 1.000000;;
                        }
                        Frame Armature_index_02_r {
                          FrameTransformMatrix {
                            -0.096419, 0.990319, 0.099860, 0.000000,
                            -0.995296,-0.094970,-0.019174, 0.000000,
                            -0.009505,-0.101239, 0.994817, 0.000000,
                             0.000088, 4.287687,-0.000079, 1.000000;;
                          }
                          Frame Armature_index_03_r {
                            FrameTransformMatrix {
                               0.666918, 0.744996, 0.014206, 0.000000,
                              -0.744827, 0.667070,-0.015865, 0.000000,
                              -0.021296, 0.000000, 0.999773, 0.000000,
                               0.000127, 3.393793,-0.000007, 1.000000;;
                            }
                          } // End of Armature_index_03_r
                        } // End of Armature_index_02_r
                      } // End of Armature_index_01_r
                      Frame Armature_middle_01_r {
                        FrameTransformMatrix {
                           0.441929, 0.896672,-0.026035, 0.000000,
                          -0.895749, 0.439540,-0.066612, 0.000000,
                          -0.048286, 0.052759, 0.997439, 0.000000,
                          -1.293741,12.244107,-0.571124, 1.000000;;
                        }
                        Frame Armature_middle_02_r {
                          FrameTransformMatrix {
                             0.178867, 0.979904, 0.088287, 0.000000,
                            -0.981563, 0.171580, 0.084232, 0.000000,
                             0.067391,-0.101725, 0.992527, 0.000000,
                            -0.000137, 4.640568, 0.000001, 1.000000;;
                          }
                          Frame Armature_middle_03_r {
                            FrameTransformMatrix {
                               0.131028, 0.991379, 0.000429, 0.000000,
                              -0.991373, 0.131029,-0.003247, 0.000000,
                              -0.003275,-0.000000, 0.999995, 0.000000,
                               0.000000, 3.648913, 0.000009, 1.000000;;
                            }
                          } // End of Armature_middle_03_r
                        } // End of Armature_middle_02_r
                      } // End of Armature_middle_01_r
                      Frame Armature_pinky_01_r {
                        FrameTransformMatrix {
                           0.827079, 0.473665,-0.302623, 0.000000,
                          -0.535494, 0.827639,-0.168106, 0.000000,
                           0.170837, 0.301090, 0.938168, 0.000000,
                          -2.263382,10.140581,-4.643085, 1.000000;;
                        }
                        Frame Armature_pinky_02_r {
                          FrameTransformMatrix {
                             0.135758, 0.989591, 0.047735, 0.000000,
                            -0.990283, 0.137004,-0.023862, 0.000000,
                            -0.030154,-0.044032, 0.998575, 0.000000,
                            -0.000077, 3.571062, 0.000000, 1.000000;;
                          }
                          Frame Armature_pinky_03_r {
                            FrameTransformMatrix {
                              -0.138521, 0.990359,-0.000993, 0.000000,
                              -0.990334,-0.138524,-0.007094, 0.000000,
                              -0.007163, 0.000000, 0.999975, 0.000000,
                               0.000317, 2.985417,-0.000037, 1.000000;;
                            }
                          } // End of Armature_pinky_03_r
                        } // End of Armature_pinky_02_r
                      } // End of Armature_pinky_01_r
                      Frame Armature_ring_01_r {
                        FrameTransformMatrix {
                           0.488693, 0.835027,-0.252801, 0.000000,
                          -0.863051, 0.505116, 0.000075, 0.000000,
                           0.127756, 0.218143, 0.967518, 0.000000,
                          -1.753790,11.497969,-2.846906, 1.000000;;
                        }
                        Frame Armature_ring_02_r {
                          FrameTransformMatrix {
                            -0.098074, 0.994969, 0.020465, 0.000000,
                            -0.995158,-0.097918,-0.008489, 0.000000,
                            -0.006442,-0.021198, 0.999755, 0.000000,
                             0.000087, 4.429867,-0.000021, 1.000000;;
                          }
                          Frame Armature_ring_03_r {
                            FrameTransformMatrix {
                               0.264059, 0.964507,-0.000105, 0.000000,
                              -0.964506, 0.264059, 0.000388, 0.000000,
                               0.000402,-0.000001, 1.000000, 0.000000,
                               0.000067, 3.476653, 0.000003, 1.000000;;
                            }
                          } // End of Armature_ring_03_r
                        } // End of Armature_ring_02_r
                      } // End of Armature_ring_01_r
                      Frame Armature_thumb_01_r {
                        FrameTransformMatrix {
                           0.166763,-0.399676, 0.901359, 0.000000,
                          -0.684860, 0.610703, 0.397503, 0.000000,
                          -0.709335,-0.683594,-0.171879, 0.000000,
                          -2.375124, 4.762120, 2.537813, 1.000000;;
                        }
                        Frame Armature_thumb_02_r {
                          FrameTransformMatrix {
                             0.809496, 0.587037, 0.010210, 0.000000,
                            -0.587123, 0.809317, 0.017123, 0.000000,
                             0.001789,-0.019856, 0.999801, 0.000000,
                             0.000110, 3.869579, 0.000051, 1.000000;;
                          }
                          Frame Armature_thumb_03_r {
                            FrameTransformMatrix {
                               0.696231, 0.717190, 0.029994, 0.000000,
                              -0.716526, 0.696877,-0.030868, 0.000000,
                              -0.043040, 0.000000, 0.999073, 0.000000,
                              -0.000004, 4.062187, 0.000001, 1.000000;;
                            }
                          } // End of Armature_thumb_03_r
                        } // End of Armature_thumb_02_r
                      } // End of Armature_thumb_01_r
                      Frame Armature_weapon_r {
                        FrameTransformMatrix {
                          -0.005469,-0.000002,-0.999985, 0.000000,
                          -0.000002,-1.000000, 0.000002, 0.000000,
                          -0.999985, 0.000002, 0.005470, 0.000000,
                          -4.667000,11.308996,-1.092998, 1.000000;;
                        }
                      } // End of Armature_weapon_r
                    } // End of Armature_hand_r
                    Frame Armature_lowerarm_twist_01_r {
                      FrameTransformMatrix {
                         0.746260, 0.000000,-0.665655, 0.000000,
                         0.000000, 1.000000, 0.000001, 0.000000,
                         0.665655,-0.000001, 0.746260, 0.000000,
                         0.000022,14.000006,-0.000004, 1.000000;;
                      }
                    } // End of Armature_lowerarm_twist_01_r
                  } // End of Armature_lowerarm_r
                  Frame Armature_upperarm_twist_01_r {
                    FrameTransformMatrix {
                       0.997510, 0.000000,-0.070523, 0.000000,
                      -0.000000, 1.000000,-0.000000, 0.000000,
                       0.070523, 0.000000, 0.997510, 0.000000,
                       0.000007, 0.500010, 0.000000, 1.000000;;
                    }
                  } // End of Armature_upperarm_twist_01_r
                } // End of Armature_upperarm_r
              } // End of Armature_clavicle_r
              Frame Armature_neck_01 {
                FrameTransformMatrix {
                   0.834456, 0.317594, 0.450353, 0.000000,
                  -0.093123, 0.886740,-0.452792, 0.000000,
                  -0.543150, 0.335897, 0.769520, 0.000000,
                  -0.355323,16.558786, 0.000005, 1.000000;;
                }
                Frame Armature_head {
                  FrameTransformMatrix {
                     0.820564,-0.432768, 0.373347, 0.000000,
                     0.506272, 0.853504,-0.123369, 0.000000,
                    -0.265263, 0.290247, 0.919452, 0.000000,
                     0.364151, 9.283607, 0.000006, 1.000000;;
                  }
                } // End of Armature_head
              } // End of Armature_neck_01
            } // End of Armature_spine_03
          } // End of Armature_spine_02
        } // End of Armature_spine_01
        Frame Armature_sword_holder {
          FrameTransformMatrix {
            -0.909314, 0.370365, 0.189677, 0.000000,
            -0.355307,-0.928334, 0.109326, 0.000000,
             0.216575, 0.032018, 0.975741, 0.000000,
            13.980000,19.493015,16.301022, 1.000000;;
          }
        } // End of Armature_sword_holder
        Frame Armature_thigh_l {
          FrameTransformMatrix {
            -0.616087,-0.769741, 0.167138, 0.000000,
            -0.599952, 0.596063, 0.533635, 0.000000,
            -0.510386, 0.228491,-0.829035, 0.000000,
            -1.448848, 0.531432, 9.005830, 1.000000;;
          }
          Frame Armature_calf_l {
            FrameTransformMatrix {
               0.650997,-0.757971,-0.041018, 0.000000,
               0.754613, 0.652074,-0.073202, 0.000000,
               0.082232, 0.016701, 0.996474, 0.000000,
              -0.046381,42.412853, 0.008363, 1.000000;;
            }
            Frame Armature_calf_twist_01_l {
              FrameTransformMatrix {
                 0.994313,-0.014747, 0.105471, 0.000000,
                 0.015235, 0.999877,-0.003824, 0.000000,
                -0.105401, 0.005409, 0.994415, 0.000000,
                -0.000001,20.476791, 0.000004, 1.000000;;
              }
            } // End of Armature_calf_twist_01_l
            Frame Armature_foot_l {
              FrameTransformMatrix {
                -0.076809,-0.752309,-0.654317, 0.000000,
                -0.981227, 0.173474,-0.084270, 0.000000,
                 0.176904, 0.635561,-0.751510, 0.000000,
                 0.000294,40.196457, 0.000717, 1.000000;;
              }
              Frame Armature_ball_l {
                FrameTransformMatrix {
                  -0.032878, 0.999459, 0.000138, 0.000000,
                  -0.999459,-0.032878, 0.000069, 0.000000,
                   0.000074,-0.000136, 1.000000, 0.000000,
                  -10.453841,16.577856,-0.080151, 1.000000;;
                }
              } // End of Armature_ball_l
            } // End of Armature_foot_l
          } // End of Armature_calf_l
          Frame Armature_thigh_twist_01_l {
            FrameTransformMatrix {
               0.992763,-0.000977, 0.120088, 0.000000,
               0.000984, 1.000000,-0.000004, 0.000000,
              -0.120088, 0.000122, 0.992763, 0.000000,
              -0.000015,22.094261,-0.000000, 1.000000;;
            }
          } // End of Armature_thigh_twist_01_l
        } // End of Armature_thigh_l
        Frame Armature_thigh_r {
          FrameTransformMatrix {
             0.303905, 0.881936,-0.360320, 0.000000,
            -0.451741,-0.199589,-0.869536, 0.000000,
            -0.838792, 0.427028, 0.337751, 0.000000,
            -1.448670, 0.531424,-9.005801, 1.000000;;
          }
          Frame Armature_calf_r {
            FrameTransformMatrix {
               0.669048, 0.741924, 0.043861, 0.000000,
              -0.738712, 0.670321,-0.070524, 0.000000,
              -0.081725, 0.014783, 0.996545, 0.000000,
               0.042832,42.417377, 0.007823, 1.000000;;
            }
            Frame Armature_calf_twist_01_r {
              FrameTransformMatrix {
                 0.997947, 0.015447, 0.062148, 0.000000,
                -0.015238, 0.999877,-0.003835, 0.000000,
                -0.062200, 0.002880, 0.998060, 0.000000,
                 0.000026,20.476849, 0.000102, 1.000000;;
              }
            } // End of Armature_calf_twist_01_r
            Frame Armature_foot_r {
              FrameTransformMatrix {
                 0.149598, 0.633632, 0.759033, 0.000000,
                 0.919374,-0.371623, 0.129027, 0.000000,
                 0.363830, 0.678532,-0.638139, 0.000000,
                 0.000014,40.196442, 0.000732, 1.000000;;
              }
              Frame Armature_ball_r {
                FrameTransformMatrix {
                  -0.002068,-0.999998, 0.000745, 0.000000,
                   0.999998,-0.002067, 0.000110, 0.000000,
                  -0.000109, 0.000745, 1.000000, 0.000000,
                  10.453818,16.577801,-0.080156, 1.000000;;
                }
              } // End of Armature_ball_r
            } // End of Armature_foot_r
          } // End of Armature_calf_r
          Frame Armature_thigh_twist_01_r {
            FrameTransformMatrix {
               0.836116, 0.000824, 0.548553, 0.000000,
              -0.000984, 0.999999,-0.000001, 0.000000,
              -0.548552,-0.000539, 0.836116, 0.000000,
               0.000005,22.094217,-0.000028, 1.000000;;
            }
          } // End of Armature_thigh_twist_01_r
        } // End of Armature_thigh_r
      } // End of Armature_pelvis
    } // End of Armature_root
  } // End of Armature
} // End of Root
AnimationSet Global {
  Animation {
    {Armature}
    AnimationKey { // Rotation
      0;
      32;
      0;4;-0.707107, 0.707107, 0.000000, 0.000000;;,
      1;4;-0.707107, 0.707107, 0.000000, 0.000000;;,
      2;4;-0.707107, 0.707107, 0.000000, 0.000000;;,
      3;4;-0.707107, 0.707107, 0.000000, 0.000000;;,
      4;4;-0.707107, 0.707107, 0.000000, 0.000000;;,
      5;4;-0.707107, 0.707107, 0.000000, 0.000000;;,
      6;4;-0.707107, 0.707107, 0.000000, 0.000000;;,
      7;4;-0.707107, 0.707107, 0.000000, 0.000000;;,
      8;4;-0.707107, 0.707107, 0.000000, 0.000000;;,
      9;4;-0.707107, 0.707107, 0.000000, 0.000000;;,
      10;4;-0.707107, 0.707107, 0.000000, 0.000000;;,
      11;4;-0.707107, 0.707107, 0.000000, 0.000000;;,
      12;4;-0.707107, 0.707107, 0.000000, 0.000000;;,
      13;4;-0.707107, 0.707107, 0.000000, 0.000000;;,
      14;4;-0.707107, 0.707107, 0.000000, 0.000000;;,
      15;4;-0.707107, 0.707107, 0.000000, 0.000000;;,
      16;4;-0.707107, 0.707107, 0.000000, 0.000000;;,
      17;4;-0.707107, 0.707107, 0.000000, 0.000000;;,
      18;4;-0.707107, 0.707107, 0.000000, 0.000000;;,
      19;4;-0.707107, 0.707107, 0.000000, 0.000000;;,
      20;4;-0.707107, 0.707107, 0.000000, 0.000000;;,
      21;4;-0.707107, 0.707107, 0.000000, 0.000000;;,
      22;4;-0.707107, 0.707107, 0.000000, 0.000000;;,
      23;4;-0.707107, 0.707107, 0.000000, 0.000000;;,
      24;4;-0.707107, 0.707107, 0.000000, 0.000000;;,
      25;4;-0.707107, 0.707107, 0.000000, 0.000000;;,
      26;4;-0.707107, 0.707107, 0.000000, 0.000000;;,
      27;4;-0.707107, 0.707107, 0.000000, 0.000000;;,
      28;4;-0.707107, 0.707107, 0.000000, 0.000000;;,
      29;4;-0.707107, 0.707107, 0.000000, 0.000000;;,
      30;4;-0.707107, 0.707107, 0.000000, 0.000000;;,
      31;4;-0.707107, 0.707107, 0.000000, 0.000000;;;
    }
    AnimationKey { // Scale
      1;
      32;
      0;3; 0.010000, 0.010000, 0.010000;;,
      1;3; 0.010000, 0.010000, 0.010000;;,
      2;3; 0.010000, 0.010000, 0.010000;;,
      3;3; 0.010000, 0.010000, 0.010000;;,
      4;3; 0.010000, 0.010000, 0.010000;;,
      5;3; 0.010000, 0.010000, 0.010000;;,
      6;3; 0.010000, 0.010000, 0.010000;;,
      7;3; 0.010000, 0.010000, 0.010000;;,
      8;3; 0.010000, 0.010000, 0.010000;;,
      9;3; 0.010000, 0.010000, 0.010000;;,
      10;3; 0.010000, 0.010000, 0.010000;;,
      11;3; 0.010000, 0.010000, 0.010000;;,
      12;3; 0.010000, 0.010000, 0.010000;;,
      13;3; 0.010000, 0.010000, 0.010000;;,
      14;3; 0.010000, 0.010000, 0.010000;;,
      15;3; 0.010000, 0.010000, 0.010000;;,
      16;3; 0.010000, 0.010000, 0.010000;;,
      17;3; 0.010000, 0.010000, 0.010000;;,
      18;3; 0.010000, 0.010000, 0.010000;;,
      19;3; 0.010000, 0.010000, 0.010000;;,
      20;3; 0.010000, 0.010000, 0.010000;;,
      21;3; 0.010000, 0.010000, 0.010000;;,
      22;3; 0.010000, 0.010000, 0.010000;;,
      23;3; 0.010000, 0.010000, 0.010000;;,
      24;3; 0.010000, 0.010000, 0.010000;;,
      25;3; 0.010000, 0.010000, 0.010000;;,
      26;3; 0.010000, 0.010000, 0.010000;;,
      27;3; 0.010000, 0.010000, 0.010000;;,
      28;3; 0.010000, 0.010000, 0.010000;;,
      29;3; 0.010000, 0.010000, 0.010000;;,
      30;3; 0.010000, 0.010000, 0.010000;;,
      31;3; 0.010000, 0.010000, 0.010000;;;
    }
    AnimationKey { // Position
      2;
      32;
      0;3; 0.000000, 0.000000, 0.000000;;,
      1;3; 0.000000, 0.000000, 0.000000;;,
      2;3; 0.000000, 0.000000, 0.000000;;,
      3;3; 0.000000, 0.000000, 0.000000;;,
      4;3; 0.000000, 0.000000, 0.000000;;,
      5;3; 0.000000, 0.000000, 0.000000;;,
      6;3; 0.000000, 0.000000, 0.000000;;,
      7;3; 0.000000, 0.000000, 0.000000;;,
      8;3; 0.000000, 0.000000, 0.000000;;,
      9;3; 0.000000, 0.000000, 0.000000;;,
      10;3; 0.000000, 0.000000, 0.000000;;,
      11;3; 0.000000, 0.000000, 0.000000;;,
      12;3; 0.000000, 0.000000, 0.000000;;,
      13;3; 0.000000, 0.000000, 0.000000;;,
      14;3; 0.000000, 0.000000, 0.000000;;,
      15;3; 0.000000, 0.000000, 0.000000;;,
      16;3; 0.000000, 0.000000, 0.000000;;,
      17;3; 0.000000, 0.000000, 0.000000;;,
      18;3; 0.000000, 0.000000, 0.000000;;,
      19;3; 0.000000, 0.000000, 0.000000;;,
      20;3; 0.000000, 0.000000, 0.000000;;,
      21;3; 0.000000, 0.000000, 0.000000;;,
      22;3; 0.000000, 0.000000, 0.000000;;,
      23;3; 0.000000, 0.000000, 0.000000;;,
      24;3; 0.000000, 0.000000, 0.000000;;,
      25;3; 0.000000, 0.000000, 0.000000;;,
      26;3; 0.000000, 0.000000, 0.000000;;,
      27;3; 0.000000, 0.000000, 0.000000;;,
      28;3; 0.000000, 0.000000, 0.000000;;,
      29;3; 0.000000, 0.000000, 0.000000;;,
      30;3; 0.000000, 0.000000, 0.000000;;,
      31;3; 0.000000, 0.000000, 0.000000;;;
    }
  }
  Animation {
    {Armature_root}
    AnimationKey { // Rotation
      0;
      32;
      0;4;-1.000000, 0.000000, 0.000000, 0.000000;;,
      1;4;-1.000000, 0.000000, 0.000000, 0.000000;;,
      2;4;-1.000000, 0.000000, 0.000000, 0.000000;;,
      3;4;-1.000000, 0.000000, 0.000000, 0.000000;;,
      4;4;-1.000000, 0.000000, 0.000000, 0.000000;;,
      5;4;-1.000000, 0.000000, 0.000000, 0.000000;;,
      6;4;-1.000000, 0.000000, 0.000000, 0.000000;;,
      7;4;-1.000000, 0.000000, 0.000000, 0.000000;;,
      8;4;-1.000000, 0.000000, 0.000000, 0.000000;;,
      9;4;-1.000000, 0.000000, 0.000000, 0.000000;;,
      10;4;-1.000000, 0.000000, 0.000000, 0.000000;;,
      11;4;-1.000000, 0.000000, 0.000000, 0.000000;;,
      12;4;-1.000000, 0.000000, 0.000000, 0.000000;;,
      13;4;-1.000000, 0.000000, 0.000000, 0.000000;;,
      14;4;-1.000000, 0.000000, 0.000000, 0.000000;;,
      15;4;-1.000000, 0.000000, 0.000000, 0.000000;;,
      16;4;-1.000000, 0.000000, 0.000000, 0.000000;;,
      17;4;-1.000000, 0.000000, 0.000000, 0.000000;;,
      18;4;-1.000000, 0.000000, 0.000000, 0.000000;;,
      19;4;-1.000000, 0.000000, 0.000000, 0.000000;;,
      20;4;-1.000000, 0.000000, 0.000000, 0.000000;;,
      21;4;-1.000000, 0.000000, 0.000000, 0.000000;;,
      22;4;-1.000000, 0.000000, 0.000000, 0.000000;;,
      23;4;-1.000000, 0.000000, 0.000000, 0.000000;;,
      24;4;-1.000000, 0.000000, 0.000000, 0.000000;;,
      25;4;-1.000000, 0.000000, 0.000000, 0.000000;;,
      26;4;-1.000000, 0.000000, 0.000000, 0.000000;;,
      27;4;-1.000000, 0.000000, 0.000000, 0.000000;;,
      28;4;-1.000000, 0.000000, 0.000000, 0.000000;;,
      29;4;-1.000000, 0.000000, 0.000000, 0.000000;;,
      30;4;-1.000000, 0.000000, 0.000000, 0.000000;;,
      31;4;-1.000000, 0.000000, 0.000000, 0.000000;;;
    }
    AnimationKey { // Scale
      1;
      32;
      0;3; 1.000000, 1.000000, 1.000000;;,
      1;3; 1.000000, 1.000000, 1.000000;;,
      2;3; 1.000000, 1.000000, 1.000000;;,
      3;3; 1.000000, 1.000000, 1.000000;;,
      4;3; 1.000000, 1.000000, 1.000000;;,
      5;3; 1.000000, 1.000000, 1.000000;;,
      6;3; 1.000000, 1.000000, 1.000000;;,
      7;3; 1.000000, 1.000000, 1.000000;;,
      8;3; 1.000000, 1.000000, 1.000000;;,
      9;3; 1.000000, 1.000000, 1.000000;;,
      10;3; 1.000000, 1.000000, 1.000000;;,
      11;3; 1.000000, 1.000000, 1.000000;;,
      12;3; 1.000000, 1.000000, 1.000000;;,
      13;3; 1.000000, 1.000000, 1.000000;;,
      14;3; 1.000000, 1.000000, 1.000000;;,
      15;3; 1.000000, 1.000000, 1.000000;;,
      16;3; 1.000000, 1.000000, 1.000000;;,
      17;3; 1.000000, 1.000000, 1.000000;;,
      18;3; 1.000000, 1.000000, 1.000000;;,
      19;3; 1.000000, 1.000000, 1.000000;;,
      20;3; 1.000000, 1.000000, 1.000000;;,
      21;3; 1.000000, 1.000000, 1.000000;;,
      22;3; 1.000000, 1.000000, 1.000000;;,
      23;3; 1.000000, 1.000000, 1.000000;;,
      24;3; 1.000000, 1.000000, 1.000000;;,
      25;3; 1.000000, 1.000000, 1.000000;;,
      26;3; 1.000000, 1.000000, 1.000000;;,
      27;3; 1.000000, 1.000000, 1.000000;;,
      28;3; 1.000000, 1.000000, 1.000000;;,
      29;3; 1.000000, 1.000000, 1.000000;;,
      30;3; 1.000000, 1.000000, 1.000000;;,
      31;3; 1.000000, 1.000000, 1.000000;;;
    }
    AnimationKey { // Position
      2;
      32;
      0;3; 0.000000, 0.000008, 0.000000;;,
      1;3; 0.000000, 0.000008, 0.000000;;,
      2;3; 0.000000, 0.000008, 0.000000;;,
      3;3; 0.000000, 0.000008, 0.000000;;,
      4;3; 0.000000, 0.000008, 0.000000;;,
      5;3; 0.000000, 0.000008, 0.000000;;,
      6;3; 0.000000, 0.000008, 0.000000;;,
      7;3; 0.000000, 0.000008, 0.000000;;,
      8;3; 0.000000, 0.000008, 0.000000;;,
      9;3; 0.000000, 0.000008, 0.000000;;,
      10;3; 0.000000, 0.000008, 0.000000;;,
      11;3; 0.000000, 0.000008, 0.000000;;,
      12;3; 0.000000, 0.000008, 0.000000;;,
      13;3; 0.000000, 0.000008, 0.000000;;,
      14;3; 0.000000, 0.000008, 0.000000;;,
      15;3; 0.000000, 0.000008, 0.000000;;,
      16;3; 0.000000, 0.000008, 0.000000;;,
      17;3; 0.000000, 0.000008, 0.000000;;,
      18;3; 0.000000, 0.000008, 0.000000;;,
      19;3; 0.000000, 0.000008, 0.000000;;,
      20;3; 0.000000, 0.000008, 0.000000;;,
      21;3; 0.000000, 0.000008, 0.000000;;,
      22;3; 0.000000, 0.000008, 0.000000;;,
      23;3; 0.000000, 0.000008, 0.000000;;,
      24;3; 0.000000, 0.000008, 0.000000;;,
      25;3; 0.000000, 0.000008, 0.000000;;,
      26;3; 0.000000, 0.000008, 0.000000;;,
      27;3; 0.000000, 0.000008, 0.000000;;,
      28;3; 0.000000, 0.000008, 0.000000;;,
      29;3; 0.000000, 0.000008, 0.000000;;,
      30;3; 0.000000, 0.000008, 0.000000;;,
      31;3; 0.000000, 0.000008, 0.000000;;;
    }
  }
  Animation {
    {Armature_pelvis}
    AnimationKey { // Rotation
      0;
      32;
      0;4;-0.729848, 0.287265, 0.111784, 0.610168;;,
      1;4;-0.723092, 0.296857, 0.120252, 0.612008;;,
      2;4;-0.715864, 0.306390, 0.128957, 0.614032;;,
      3;4;-0.708485, 0.315223, 0.137410, 0.616280;;,
      4;4;-0.701317, 0.322702, 0.145141, 0.618831;;,
      5;4;-0.694751, 0.328151, 0.151693, 0.621793;;,
      6;4;-0.689207, 0.330871, 0.156620, 0.625291;;,
      7;4;-0.685113, 0.330140, 0.159475, 0.629441;;,
      8;4;-0.682795, 0.326554, 0.161579, 0.633282;;,
      9;4;-0.682157, 0.321352, 0.164446, 0.635887;;,
      10;4;-0.682984, 0.314762, 0.167911, 0.637388;;,
      11;4;-0.685052, 0.307014, 0.171809, 0.637909;;,
      12;4;-0.688135, 0.298346, 0.175981, 0.637566;;,
      13;4;-0.692010, 0.289005, 0.180268, 0.636476;;,
      14;4;-0.696459, 0.279249, 0.184516, 0.634759;;,
      15;4;-0.701273, 0.269348, 0.188575, 0.632540;;,
      16;4;-0.706252, 0.259584, 0.192302, 0.629956;;,
