xof 0303txt 0032

template XSkinMeshHeader {
  <3cf169ce-ff7c-44ab-93c0-f78f62d172e2>
  WORD nMaxSkinWeightsPerVertex;
  WORD nMaxSkinWeightsPerFace;
  WORD nBones;
}

template SkinWeights {
  <6f0d123b-bad2-4167-a0d0-80224f25fabb>
  STRING transformNodeName;
  DWORD nWeights;
  array DWORD vertexIndices[nWeights];
  array float weights[nWeights];
  Matrix4x4 matrixOffset;
}

Frame Root {
  FrameTransformMatrix {
     1.000000, 0.000000, 0.000000, 0.000000,
     0.000000,-0.000000, 1.000000, 0.000000,
     0.000000, 1.000000, 0.000000, 0.000000,
     0.000000, 0.000000, 0.000000, 1.000000;;
  }
  Frame Armature {
    FrameTransformMatrix {
       0.010000, 0.000000, 0.000000, 0.000000,
       0.000000,-0.000000, 0.010000, 0.000000,
       0.000000,-0.010000,-0.000000, 0.000000,
       0.000000, 0.000000, 0.000000, 1.000000;;
    }
    Frame Armature_root {
      FrameTransformMatrix {
         1.000000, 0.000000, 0.000000, 0.000000,
         0.000000, 1.000000, 0.000000, 0.000000,
         0.000000, 0.000000, 1.000000, 0.000000,
         0.000000, 0.000008, 0.000000, 1.000000;;
      }
      Frame Armature_ik_foot_root {
        FrameTransformMatrix {
           0.000000,-0.000000,-1.000000, 0.000000,
           1.000000, 0.000000, 0.000000, 0.000000,
           0.000000,-1.000000, 0.000000, 0.000000,
           0.000000, 0.000000, 0.000000, 1.000000;;
        }
        Frame Armature_ik_foot_l {
          FrameTransformMatrix {
             0.998316, 0.057572,-0.007124, 0.000000,
            -0.006085,-0.018200,-0.999816, 0.000000,
            -0.057691, 0.998175,-0.017819, 0.000000,
            -19.733097,28.020405,-13.448279, 1.000000;;
          }
        } // End of Armature_ik_foot_l
        Frame Armature_ik_foot_r {
          FrameTransformMatrix {
            -0.262370,-0.963506, 0.053078, 0.000000,
             0.022531, 0.048873, 0.998551, 0.000000,
            -0.964704, 0.263185, 0.008886, 0.000000,
            25.188200,-11.530342,-14.139523, 1.000000;;
          }
        } // End of Armature_ik_foot_r
      } // End of Armature_ik_foot_root
      Frame Armature_ik_hand_root {
        FrameTransformMatrix {
           1.000000, 0.000000, 0.000000, 0.000000,
           0.000000, 1.000000, 0.000000, 0.000000,
           0.000000, 0.000000, 1.000000, 0.000000,
           0.000000, 0.000000, 0.000000, 1.000000;;
        }
        Frame Armature_ik_hand_gun {
          FrameTransformMatrix {
            -0.178196, 0.868744, 0.462092, 0.000000,
             0.008518,-0.468229, 0.883566, 0.000000,
             0.983958, 0.161384, 0.076037, 0.000000,
            -8.345120,91.973885,-42.918613, 1.000000;;
          }
          Frame Armature_ik_hand_l {
            FrameTransformMatrix {
              -0.529025, 0.825567,-0.196395, 0.000000,
               0.755962, 0.563625, 0.332939, 0.000000,
               0.385557, 0.027666,-0.922269, 0.000000,
              25.959335,68.236572,40.559471, 1.000000;;
            }
          } // End of Armature_ik_hand_l
          Frame Armature_ik_hand_r {
            FrameTransformMatrix {
               1.000000,-0.000000, 0.000000, 0.000000,
               0.000000, 1.000000,-0.000000, 0.000000,
              -0.000000, 0.000000, 1.000000, 0.000000,
              -0.000005,-0.000005,-0.000002, 1.000000;;
            }
          } // End of Armature_ik_hand_r
        } // End of Armature_ik_hand_gun
      } // End of Armature_ik_hand_root
      Frame Armature_pelvis {
        FrameTransformMatrix {
           0.226569, 0.966746,-0.118614, 0.000000,
          -0.849869, 0.255715, 0.460796, 0.000000,
           0.475804,-0.003596, 0.879544, 0.000000,
           3.959532,88.499229, 1.417251, 1.000000;;
        }
        Frame Armature_spine_01 {
          FrameTransformMatrix {
             0.186962,-0.981216, 0.047547, 0.000000,
             0.981898, 0.185158,-0.039907, 0.000000,
             0.030354, 0.054147, 0.998071, 0.000000,
            10.808859, 0.851422, 0.000016, 1.000000;;
          }
          Frame Armature_spine_02 {
            FrameTransformMatrix {
               0.973791, 0.226541,-0.020237, 0.000000,
              -0.226469, 0.974001, 0.005793, 0.000000,
               0.021023,-0.001058, 0.999779, 0.000000,
               3.801989,18.806204, 0.112381, 1.000000;;
            }
            Frame Armature_spine_03 {
              FrameTransformMatrix {
                 0.997469, 0.065830,-0.026886, 0.000000,
                -0.063435, 0.994623, 0.081858, 0.000000,
                 0.032130,-0.079945, 0.996281, 0.000000,
                 0.420157,13.412384, 0.021771, 1.000000;;
              }
              Frame Armature_clavicle_l {
                FrameTransformMatrix {
                   0.889724, 0.146062,-0.432501, 0.000000,
                   0.445143,-0.067587, 0.892905, 0.000000,
                   0.101188,-0.986964,-0.125152, 0.000000,
                  -2.732085,11.883677, 3.781980, 1.000000;;
                }
                Frame Armature_upperarm_l {
                  FrameTransformMatrix {
                     0.906817, 0.285194, 0.310398, 0.000000,
                    -0.403246, 0.372437, 0.835873, 0.000000,
                     0.122782,-0.883150, 0.452736, 0.000000,
                    -0.000001,15.784876,-0.000009, 1.000000;;
                  }
                  Frame Armature_lowerarm_l {
                    FrameTransformMatrix {
                       0.961857, 0.273079,-0.016087, 0.000000,
                      -0.272328, 0.961453, 0.038017, 0.000000,
                       0.025848,-0.032186, 0.999148, 0.000000,
                      -0.000004,30.339945, 0.000004, 1.000000;;
                    }
                    Frame Armature_hand_l {
                      FrameTransformMatrix {
                         0.395090, 0.045325, 0.917523, 0.000000,
                        -0.133092, 0.991068, 0.008352, 0.000000,
                        -0.908950,-0.125415, 0.397594, 0.000000,
                         0.000004,26.975138, 0.000007, 1.000000;;
                      }
                      Frame Armature_index_01_l {
                        FrameTransformMatrix {
                           0.799112,-0.535189,-0.273850, 0.000000,
                           0.547055, 0.836237,-0.037928, 0.000000,
                           0.249302,-0.119502, 0.961024, 0.000000,
                           1.763462,12.068125, 2.109402, 1.000000;;
                        }
                        Frame Armature_index_02_l {
                          FrameTransformMatrix {
                             0.758363,-0.647697,-0.073309, 0.000000,
                             0.651772, 0.755024, 0.071647, 0.000000,
                             0.008945,-0.102115, 0.994732, 0.000000,
                            -0.000000, 4.287491,-0.000002, 1.000000;;
                          }
                          Frame Armature_index_03_l {
                            FrameTransformMatrix {
                               0.904214,-0.426643,-0.019297, 0.000000,
                               0.426548, 0.904420,-0.009022, 0.000000,
                               0.021302,-0.000073, 0.999773, 0.000000,
                              -0.000004, 3.393802,-0.000001, 1.000000;;
                            }
                          } // End of Armature_index_03_l
                        } // End of Armature_index_02_l
                      } // End of Armature_index_01_l
                      Frame Armature_middle_01_l {
                        FrameTransformMatrix {
                           0.654182,-0.754582, 0.051492, 0.000000,
                           0.749125, 0.637061,-0.181565, 0.000000,
                           0.104202, 0.157351, 0.982030, 0.000000,
                           1.293636,12.244303,-0.571157, 1.000000;;
                        }
                        Frame Armature_middle_02_l {
                          FrameTransformMatrix {
                             0.658032,-0.752640,-0.022957, 0.000000,
                             0.750999, 0.653772, 0.092645, 0.000000,
                            -0.054720,-0.078204, 0.995435, 0.000000,
                             0.000002, 4.640373, 0.000001, 1.000000;;
                          }
                          Frame Armature_middle_03_l {
                            FrameTransformMatrix {
                               0.886737,-0.462266,-0.002684, 0.000000,
                               0.462262, 0.886741,-0.001985, 0.000000,
                               0.003297, 0.000519, 0.999994, 0.000000,
                               0.000003, 3.648848,-0.000002, 1.000000;;
                            }
                          } // End of Armature_middle_03_l
                        } // End of Armature_middle_02_l
                      } // End of Armature_middle_01_l
                      Frame Armature_pinky_01_l {
                        FrameTransformMatrix {
                           0.459517,-0.759614, 0.460251, 0.000000,
                           0.879169, 0.462609,-0.114262, 0.000000,
                          -0.126121, 0.457144, 0.880405, 0.000000,
                           2.263156,10.140671,-4.643145, 1.000000;;
                        }
                        Frame Armature_pinky_02_l {
                          FrameTransformMatrix {
                             0.494675,-0.868572,-0.029641, 0.000000,
                             0.868131, 0.495440,-0.029793, 0.000000,
                             0.040563,-0.010995, 0.999116, 0.000000,
                             0.000001, 3.570990,-0.000002, 1.000000;;
                          }
                          Frame Armature_pinky_03_l {
                            FrameTransformMatrix {
                               0.710893,-0.703280,-0.005291, 0.000000,
                               0.703265, 0.710913,-0.004576, 0.000000,
                               0.006979,-0.000468, 0.999976, 0.000000,
                               0.000001, 2.985631, 0.000002, 1.000000;;
                            }
                          } // End of Armature_pinky_03_l
                        } // End of Armature_pinky_02_l
                      } // End of Armature_pinky_01_l
                      Frame Armature_ring_01_l {
                        FrameTransformMatrix {
                           0.457245,-0.813663, 0.358998, 0.000000,
                           0.883423, 0.462043,-0.077977, 0.000000,
                          -0.102426, 0.352801, 0.930075, 0.000000,
                           1.753520,11.497898,-2.846907, 1.000000;;
                        }
                        Frame Armature_ring_02_l {
                          FrameTransformMatrix {
                             0.845495,-0.533834,-0.012675, 0.000000,
                             0.533895, 0.845548, 0.001846, 0.000000,
                             0.009732,-0.008328, 0.999918, 0.000000,
                             0.000005, 4.430177, 0.000001, 1.000000;;
                          }
                          Frame Armature_ring_03_l {
                            FrameTransformMatrix {
                               0.911612,-0.411052, 0.000223, 0.000000,
                               0.411052, 0.911612, 0.000385, 0.000000,
                              -0.000362,-0.000259, 1.000000, 0.000000,
                              -0.000005, 3.476661, 0.000006, 1.000000;;
                            }
                          } // End of Armature_ring_03_l
                        } // End of Armature_ring_02_l
                      } // End of Armature_ring_01_l
                      Frame Armature_thumb_01_l {
                        FrameTransformMatrix {
                          -0.049889, 0.340789,-0.938815, 0.000000,
                           0.696400, 0.685661, 0.211888, 0.000000,
                           0.715918,-0.643220,-0.271533, 0.000000,
                           2.374972, 4.762047, 2.537824, 1.000000;;
                        }
                        Frame Armature_thumb_02_l {
                          FrameTransformMatrix {
                             0.994918,-0.094573,-0.034566, 0.000000,
                             0.097443, 0.990808, 0.093834, 0.000000,
                             0.025374,-0.096726, 0.994987, 0.000000,
                            -0.000002, 3.869678, 0.000001, 1.000000;;
                          }
                          Frame Armature_thumb_03_l {
                            FrameTransformMatrix {
                               0.993105,-0.092366,-0.072193, 0.000000,
                               0.099652, 0.989482, 0.104856, 0.000000,
                               0.061748,-0.111327, 0.991864, 0.000000,
                              -0.000001, 4.062170,-0.000002, 1.000000;;
                            }
                          } // End of Armature_thumb_03_l
                        } // End of Armature_thumb_02_l
                      } // End of Armature_thumb_01_l
                    } // End of Armature_hand_l
                    Frame Armature_lowerarm_twist_01_l {
                      FrameTransformMatrix {
                         0.979611,-0.000000,-0.200901, 0.000000,
                         0.000000, 1.000000,-0.000000, 0.000000,
                         0.200901, 0.000000, 0.979612, 0.000000,
                         0.000000,13.999990, 0.000003, 1.000000;;
                      }
                    } // End of Armature_lowerarm_twist_01_l
                  } // End of Armature_lowerarm_l
                  Frame Armature_upperarm_twist_01_l {
                    FrameTransformMatrix {
                       0.901015, 0.000000,-0.433787, 0.000000,
                       0.000000, 1.000000, 0.000001, 0.000000,
                       0.433787,-0.000001, 0.901015, 0.000000,
                      -0.000001, 0.499995,-0.000005, 1.000000;;
                    }
                  } // End of Armature_upperarm_twist_01_l
                } // End of Armature_upperarm_l
              } // End of Armature_clavicle_l
              Frame Armature_clavicle_r {
                FrameTransformMatrix {
                  -0.945834,-0.129492,-0.297709, 0.000000,
                   0.313345,-0.124215,-0.941481, 0.000000,
                   0.084934,-0.983770, 0.158062, 0.000000,
                  -2.732103,11.883792,-3.782000, 1.000000;;
                }
                Frame Armature_upperarm_r {
                  FrameTransformMatrix {
                     0.986146,-0.089923,-0.139392, 0.000000,
                     0.165772, 0.503938, 0.847683, 0.000000,
                    -0.005981,-0.859046, 0.511863, 0.000000,
                    -0.000051,15.784745, 0.000103, 1.000000;;
                  }
                  Frame Armature_lowerarm_r {
                    FrameTransformMatrix {
                       0.930085,-0.362898,-0.056988, 0.000000,
                       0.363760, 0.931478, 0.005189, 0.000000,
                       0.051199,-0.025556, 0.998361, 0.000000,
                      -0.000000,30.340052,-0.000012, 1.000000;;
                    }
                    Frame Armature_hand_r {
                      FrameTransformMatrix {
                        -0.250027,-0.082404,-0.964726, 0.000000,
                        -0.483725, 0.873749, 0.050733, 0.000000,
                         0.838747, 0.479347,-0.258321, 0.000000,
                        -0.000003,26.975239,-0.000005, 1.000000;;
                      }
                      Frame Armature_index_01_r {
                        FrameTransformMatrix {
                           0.680580, 0.711086, 0.176545, 0.000000,
                          -0.685835, 0.703072,-0.187937, 0.000000,
                          -0.257763, 0.006826, 0.966184, 0.000000,
                          -1.763745,12.067940, 2.109436, 1.000000;;
                        }
                        Frame Armature_index_02_r {
                          FrameTransformMatrix {
                            -0.096419, 0.990319, 0.099860, 0.000000,
                            -0.995296,-0.094970,-0.019174, 0.000000,
                            -0.009505,-0.101239, 0.994817, 0.000000,
                             0.000092, 4.287693,-0.000072, 1.000000;;
                          }
                          Frame Armature_index_03_r {
                            FrameTransformMatrix {
                               0.666918, 0.744995, 0.014206, 0.000000,
                              -0.744827, 0.667070,-0.015865, 0.000000,
                              -0.021296, 0.000000, 0.999773, 0.000000,
                               0.000120, 3.393790,-0.000011, 1.000000;;
                            }
                          } // End of Armature_index_03_r
                        } // End of Armature_index_02_r
                      } // End of Armature_index_01_r
                      Frame Armature_middle_01_r {
                        FrameTransformMatrix {
                           0.441929, 0.896672,-0.026035, 0.000000,
                          -0.895749, 0.439540,-0.066612, 0.000000,
                          -0.048286, 0.052759, 0.997439, 0.000000,
                          -1.293748,12.244113,-0.571124, 1.000000;;
                        }
                        Frame Armature_middle_02_r {
                          FrameTransformMatrix {
                             0.178867, 0.979904, 0.088287, 0.000000,
                            -0.981563, 0.171580, 0.084232, 0.000000,
                             0.067391,-0.101725, 0.992527, 0.000000,
                            -0.000139, 4.640572, 0.000008, 1.000000;;
                          }
                          Frame Armature_middle_03_r {
                            FrameTransformMatrix {
                               0.131029, 0.991379, 0.000429, 0.000000,
                              -0.991373, 0.131029,-0.003247, 0.000000,
                              -0.003275,-0.000000, 0.999995, 0.000000,
                              -0.000002, 3.648912, 0.000001, 1.000000;;
                            }
                          } // End of Armature_middle_03_r
                        } // End of Armature_middle_02_r
                      } // End of Armature_middle_01_r
                      Frame Armature_pinky_01_r {
                        FrameTransformMatrix {
                           0.827079, 0.473665,-0.302623, 0.000000,
                          -0.535494, 0.827639,-0.168106, 0.000000,
                           0.170837, 0.301090, 0.938168, 0.000000,
                          -2.263388,10.140582,-4.643092, 1.000000;;
                        }
                        Frame Armature_pinky_02_r {
                          FrameTransformMatrix {
                             0.135759, 0.989591, 0.047735, 0.000000,
                            -0.990283, 0.137004,-0.023862, 0.000000,
                            -0.030154,-0.044032, 0.998575, 0.000000,
                            -0.000077, 3.571062,-0.000005, 1.000000;;
                          }
                          Frame Armature_pinky_03_r {
                            FrameTransformMatrix {
                              -0.138521, 0.990359,-0.000993, 0.000000,
                              -0.990334,-0.138524,-0.007094, 0.000000,
                              -0.007163, 0.000000, 0.999974, 0.000000,
                               0.000313, 2.985415,-0.000037, 1.000000;;
                            }
                          } // End of Armature_pinky_03_r
                        } // End of Armature_pinky_02_r
                      } // End of Armature_pinky_01_r
                      Frame Armature_ring_01_r {
                        FrameTransformMatrix {
                           0.488693, 0.835027,-0.252801, 0.000000,
                          -0.863051, 0.505117, 0.000075, 0.000000,
                           0.127756, 0.218143, 0.967518, 0.000000,
                          -1.753795,11.497974,-2.846909, 1.000000;;
                        }
                        Frame Armature_ring_02_r {
                          FrameTransformMatrix {
                            -0.098074, 0.994969, 0.020465, 0.000000,
                            -0.995158,-0.097919,-0.008489, 0.000000,
                            -0.006442,-0.021198, 0.999754, 0.000000,
                             0.000088, 4.429865,-0.000020, 1.000000;;
                          }
                          Frame Armature_ring_03_r {
                            FrameTransformMatrix {
                               0.264059, 0.964507,-0.000105, 0.000000,
                              -0.964506, 0.264059, 0.000388, 0.000000,
                               0.000402,-0.000001, 1.000000, 0.000000,
                               0.000068, 3.476656, 0.000002, 1.000000;;
                            }
                          } // End of Armature_ring_03_r
                        } // End of Armature_ring_02_r
                      } // End of Armature_ring_01_r
                      Frame Armature_thumb_01_r {
                        FrameTransformMatrix {
                           0.166763,-0.399676, 0.901359, 0.000000,
                          -0.684860, 0.610703, 0.397503, 0.000000,
                          -0.709335,-0.683594,-0.171879, 0.000000,
                          -2.375129, 4.762125, 2.537806, 1.000000;;
                        }
                        Frame Armature_thumb_02_r {
                          FrameTransformMatrix {
                             0.809496, 0.587037, 0.010210, 0.000000,
                            -0.587123, 0.809317, 0.017123, 0.000000,
                             0.001788,-0.019856, 0.999801, 0.000000,
                             0.000113, 3.869576, 0.000056, 1.000000;;
                          }
                          Frame Armature_thumb_03_r {
                            FrameTransformMatrix {
                               0.696231, 0.717190, 0.029994, 0.000000,
                              -0.716526, 0.696877,-0.030868, 0.000000,
                              -0.043041, 0.000000, 0.999073, 0.000000,
                               0.000001, 4.062192, 0.000000, 1.000000;;
                            }
                          } // End of Armature_thumb_03_r
                        } // End of Armature_thumb_02_r
                      } // End of Armature_thumb_01_r
                      Frame Armature_weapon_r {
                        FrameTransformMatrix {
                          -0.005469,-0.000002,-0.999985, 0.000000,
                          -0.000002,-1.000000, 0.000002, 0.000000,
                          -0.999985, 0.000002, 0.005469, 0.000000,
                          -4.667003,11.309006,-1.093003, 1.000000;;
                        }
                      } // End of Armature_weapon_r
                    } // End of Armature_hand_r
                    Frame Armature_lowerarm_twist_01_r {
                      FrameTransformMatrix {
                         0.927403, 0.000000,-0.374064, 0.000000,
                         0.000000, 1.000000, 0.000001, 0.000000,
                         0.374064,-0.000001, 0.927403, 0.000000,
                         0.000021,14.000004,-0.000011, 1.000000;;
                      }
                    } // End of Armature_lowerarm_twist_01_r
                  } // End of Armature_lowerarm_r
                  Frame Armature_upperarm_twist_01_r {
                    FrameTransformMatrix {
                       0.999736, 0.000000, 0.022998, 0.000000,
                      -0.000000, 1.000000,-0.000000, 0.000000,
                      -0.022998, 0.000000, 0.999736, 0.000000,
                      -0.000000, 0.500017,-0.000007, 1.000000;;
                    }
                  } // End of Armature_upperarm_twist_01_r
                } // End of Armature_upperarm_r
              } // End of Armature_clavicle_r
              Frame Armature_neck_01 {
                FrameTransformMatrix {
                   0.719225, 0.424046,-0.550365, 0.000000,
                  -0.417221, 0.897017, 0.145905, 0.000000,
                   0.555556, 0.124685, 0.822077, 0.000000,
                  -0.355317,16.558777, 0.000005, 1.000000;;
                }
                Frame Armature_head {
                  FrameTransformMatrix {
                     0.983717,-0.004499,-0.179670, 0.000000,
                     0.067853, 0.935002, 0.348092, 0.000000,
                     0.166425,-0.354615, 0.920082, 0.000000,
                     0.364157, 9.283598,-0.000004, 1.000000;;
                  }
                } // End of Armature_head
              } // End of Armature_neck_01
            } // End of Armature_spine_03
          } // End of Armature_spine_02
        } // End of Armature_spine_01
        Frame Armature_sword_holder {
          FrameTransformMatrix {
            -0.909314, 0.370365, 0.189678, 0.000000,
            -0.355307,-0.928334, 0.109326, 0.000000,
             0.216575, 0.032018, 0.975741, 0.000000,
            13.979998,19.493017,16.301025, 1.000000;;
          }
        } // End of Armature_sword_holder
        Frame Armature_thigh_l {
          FrameTransformMatrix {
            -0.357512,-0.530587,-0.768546, 0.000000,
            -0.819295,-0.216810, 0.530800, 0.000000,
            -0.448264, 0.819433,-0.357195, 0.000000,
            -1.448846, 0.531434, 9.005831, 1.000000;;
          }
          Frame Armature_calf_l {
            FrameTransformMatrix {
               0.744346,-0.665451,-0.055894, 0.000000,
               0.662957, 0.746417,-0.057874, 0.000000,
               0.080233, 0.006023, 0.996758, 0.000000,
              -0.028500,42.437572, 0.005543, 1.000000;;
            }
            Frame Armature_calf_twist_01_l {
              FrameTransformMatrix {
                 0.999551,-0.015328,-0.025759, 0.000000,
                 0.015235, 0.999877,-0.003824, 0.000000,
                 0.025814, 0.003430, 0.999661, 0.000000,
                 0.000006,20.476784,-0.000002, 1.000000;;
              }
            } // End of Armature_calf_twist_01_l
            Frame Armature_foot_l {
              FrameTransformMatrix {
                 0.217537,-0.944164,-0.247451, 0.000000,
                -0.962575,-0.249510, 0.105807, 0.000000,
                -0.161641, 0.215173,-0.963106, 0.000000,
                -0.000089,40.196674, 0.000191, 1.000000;;
              }
              Frame Armature_ball_l {
                FrameTransformMatrix {
                   0.018405, 0.999831, 0.000134, 0.000000,
                  -0.999831, 0.018405, 0.000076, 0.000000,
                   0.000073,-0.000136, 1.000000, 0.000000,
                  -10.453841,16.577858,-0.080154, 1.000000;;
                }
              } // End of Armature_ball_l
            } // End of Armature_foot_l
          } // End of Armature_calf_l
          Frame Armature_thigh_twist_01_l {
            FrameTransformMatrix {
               0.509714,-0.000505,-0.860344, 0.000000,
               0.000984, 0.999999,-0.000004, 0.000000,
               0.860343,-0.000845, 0.509715, 0.000000,
              -0.000017,22.094263, 0.000003, 1.000000;;
            }
          } // End of Armature_thigh_twist_01_l
        } // End of Armature_thigh_l
        Frame Armature_thigh_r {
          FrameTransformMatrix {
             0.183717, 0.974031,-0.132330, 0.000000,
            -0.937314, 0.133032,-0.322095, 0.000000,
            -0.296126, 0.183209, 0.937413, 0.000000,
            -1.448665, 0.531424,-9.005802, 1.000000;;
          }
          Frame Armature_calf_r {
            FrameTransformMatrix {
               0.704185, 0.708293, 0.049438, 0.000000,
              -0.705393, 0.705835,-0.064949, 0.000000,
              -0.080898, 0.010862, 0.996664, 0.000000,
               0.036033,42.426388, 0.006760, 1.000000;;
            }
            Frame Armature_calf_twist_01_r {
              FrameTransformMatrix {
                 0.999210, 0.015087,-0.036757, 0.000000,
                -0.015238, 0.999876,-0.003835, 0.000000,
                 0.036694, 0.004392, 0.999317, 0.000000,
                 0.000026,20.476849, 0.000104, 1.000000;;
              }
            } // End of Armature_calf_twist_01_r
            Frame Armature_foot_r {
              FrameTransformMatrix {
                 0.278164, 0.919132, 0.278964, 0.000000,
                 0.958628,-0.283929,-0.020389, 0.000000,
                 0.060466, 0.273094,-0.960085, 0.000000,
                 0.000125,40.196716, 0.000149, 1.000000;;
              }
              Frame Armature_ball_r {
                FrameTransformMatrix {
                   0.038999,-0.999239, 0.000749, 0.000000,
                   0.999239, 0.039000, 0.000080, 0.000000,
                  -0.000109, 0.000745, 1.000000, 0.000000,
                  10.453817,16.577797,-0.080156, 1.000000;;
                }
              } // End of Armature_ball_r
            } // End of Armature_foot_r
          } // End of Armature_calf_r
          Frame Armature_thigh_twist_01_r {
            FrameTransformMatrix {
               0.994380, 0.000979, 0.105866, 0.000000,
              -0.000984, 1.000000,-0.000001, 0.000000,
              -0.105866,-0.000103, 0.994380, 0.000000,
               0.000010,22.094215,-0.000025, 1.000000;;
            }
          } // End of Armature_thigh_twist_01_r
        } // End of Armature_thigh_r
      } // End of Armature_pelvis
    } // End of Armature_root
  } // End of Armature
} // End of Root
AnimationSet Global {
  Animation {
    {Armature}
    AnimationKey { // Rotation
      0;
      31;
      0;4;-0.707107, 0.707107, 0.000000, 0.000000;;,
      1;4;-0.707107, 0.707107, 0.000000, 0.000000;;,
      2;4;-0.707107, 0.707107, 0.000000, 0.000000;;,
      3;4;-0.707107, 0.707107, 0.000000, 0.000000;;,
      4;4;-0.707107, 0.707107, 0.000000, 0.000000;;,
      5;4;-0.707107, 0.707107, 0.000000, 0.000000;;,
      6;4;-0.707107, 0.707107, 0.000000, 0.000000;;,
      7;4;-0.707107, 0.707107, 0.000000, 0.000000;;,
      8;4;-0.707107, 0.707107, 0.000000, 0.000000;;,
      9;4;-0.707107, 0.707107, 0.000000, 0.000000;;,
      10;4;-0.707107, 0.707107, 0.000000, 0.000000;;,
      11;4;-0.707107, 0.707107, 0.000000, 0.000000;;,
      12;4;-0.707107, 0.707107, 0.000000, 0.000000;;,
      13;4;-0.707107, 0.707107, 0.000000, 0.000000;;,
      14;4;-0.707107, 0.707107, 0.000000, 0.000000;;,
      15;4;-0.707107, 0.707107, 0.000000, 0.000000;;,
      16;4;-0.707107, 0.707107, 0.000000, 0.000000;;,
      17;4;-0.707107, 0.707107, 0.000000, 0.000000;;,
      18;4;-0.707107, 0.707107, 0.000000, 0.000000;;,
      19;4;-0.707107, 0.707107, 0.000000, 0.000000;;,
      20;4;-0.707107, 0.707107, 0.000000, 0.000000;;,
      21;4;-0.707107, 0.707107, 0.000000, 0.000000;;,
      22;4;-0.707107, 0.707107, 0.000000, 0.000000;;,
      23;4;-0.707107, 0.707107, 0.000000, 0.000000;;,
      24;4;-0.707107, 0.707107, 0.000000, 0.000000;;,
      25;4;-0.707107, 0.707107, 0.000000, 0.000000;;,
      26;4;-0.707107, 0.707107, 0.000000, 0.000000;;,
      27;4;-0.707107, 0.707107, 0.000000, 0.000000;;,
      28;4;-0.707107, 0.707107, 0.000000, 0.000000;;,
      29;4;-0.707107, 0.707107, 0.000000, 0.000000;;,
      30;4;-0.707107, 0.707107, 0.000000, 0.000000;;;
    }
    AnimationKey { // Scale
      1;
      31;
      0;3; 0.010000, 0.010000, 0.010000;;,
      1;3; 0.010000, 0.010000, 0.010000;;,
      2;3; 0.010000, 0.010000, 0.010000;;,
      3;3; 0.010000, 0.010000, 0.010000;;,
      4;3; 0.010000, 0.010000, 0.010000;;,
      5;3; 0.010000, 0.010000, 0.010000;;,
      6;3; 0.010000, 0.010000, 0.010000;;,
      7;3; 0.010000, 0.010000, 0.010000;;,
      8;3; 0.010000, 0.010000, 0.010000;;,
      9;3; 0.010000, 0.010000, 0.010000;;,
      10;3; 0.010000, 0.010000, 0.010000;;,
      11;3; 0.010000, 0.010000, 0.010000;;,
      12;3; 0.010000, 0.010000, 0.010000;;,
      13;3; 0.010000, 0.010000, 0.010000;;,
      14;3; 0.010000, 0.010000, 0.010000;;,
      15;3; 0.010000, 0.010000, 0.010000;;,
      16;3; 0.010000, 0.010000, 0.010000;;,
      17;3; 0.010000, 0.010000, 0.010000;;,
      18;3; 0.010000, 0.010000, 0.010000;;,
      19;3; 0.010000, 0.010000, 0.010000;;,
      20;3; 0.010000, 0.010000, 0.010000;;,
      21;3; 0.010000, 0.010000, 0.010000;;,
      22;3; 0.010000, 0.010000, 0.010000;;,
      23;3; 0.010000, 0.010000, 0.010000;;,
      24;3; 0.010000, 0.010000, 0.010000;;,
      25;3; 0.010000, 0.010000, 0.010000;;,
      26;3; 0.010000, 0.010000, 0.010000;;,
      27;3; 0.010000, 0.010000, 0.010000;;,
      28;3; 0.010000, 0.010000, 0.010000;;,
      29;3; 0.010000, 0.010000, 0.010000;;,
      30;3; 0.010000, 0.010000, 0.010000;;;
    }
    AnimationKey { // Position
      2;
      31;
      0;3; 0.000000, 0.000000, 0.000000;;,
      1;3; 0.000000, 0.000000, 0.000000;;,
      2;3; 0.000000, 0.000000, 0.000000;;,
      3;3; 0.000000, 0.000000, 0.000000;;,
      4;3; 0.000000, 0.000000, 0.000000;;,
      5;3; 0.000000, 0.000000, 0.000000;;,
      6;3; 0.000000, 0.000000, 0.000000;;,
      7;3; 0.000000, 0.000000, 0.000000;;,
      8;3; 0.000000, 0.000000, 0.000000;;,
      9;3; 0.000000, 0.000000, 0.000000;;,
      10;3; 0.000000, 0.000000, 0.000000;;,
      11;3; 0.000000, 0.000000, 0.000000;;,
      12;3; 0.000000, 0.000000, 0.000000;;,
      13;3; 0.000000, 0.000000, 0.000000;;,
      14;3; 0.000000, 0.000000, 0.000000;;,
      15;3; 0.000000, 0.000000, 0.000000;;,
      16;3; 0.000000, 0.000000, 0.000000;;,
      17;3; 0.000000, 0.000000, 0.000000;;,
      18;3; 0.000000, 0.000000, 0.000000;;,
      19;3; 0.000000, 0.000000, 0.000000;;,
      20;3; 0.000000, 0.000000, 0.000000;;,
      21;3; 0.000000, 0.000000, 0.000000;;,
      22;3; 0.000000, 0.000000, 0.000000;;,
      23;3; 0.000000, 0.000000, 0.000000;;,
      24;3; 0.000000, 0.000000, 0.000000;;,
      25;3; 0.000000, 0.000000, 0.000000;;,
      26;3; 0.000000, 0.000000, 0.000000;;,
      27;3; 0.000000, 0.000000, 0.000000;;,
      28;3; 0.000000, 0.000000, 0.000000;;,
      29;3; 0.000000, 0.000000, 0.000000;;,
      30;3; 0.000000, 0.000000, 0.000000;;;
    }
  }
  Animation {
    {Armature_root}
    AnimationKey { // Rotation
      0;
      31;
      0;4;-1.000000, 0.000000, 0.000000, 0.000000;;,
      1;4;-1.000000, 0.000000, 0.000000, 0.000000;;,
      2;4;-1.000000, 0.000000, 0.000000, 0.000000;;,
      3;4;-1.000000, 0.000000, 0.000000, 0.000000;;,
      4;4;-1.000000, 0.000000, 0.000000, 0.000000;;,
      5;4;-1.000000, 0.000000, 0.000000, 0.000000;;,
      6;4;-1.000000, 0.000000, 0.000000, 0.000000;;,
      7;4;-1.000000, 0.000000, 0.000000, 0.000000;;,
      8;4;-1.000000, 0.000000, 0.000000, 0.000000;;,
      9;4;-1.000000, 0.000000, 0.000000, 0.000000;;,
      10;4;-1.000000, 0.000000, 0.000000, 0.000000;;,
      11;4;-1.000000, 0.000000, 0.000000, 0.000000;;,
      12;4;-1.000000, 0.000000, 0.000000, 0.000000;;,
      13;4;-1.000000, 0.000000, 0.000000, 0.000000;;,
      14;4;-1.000000, 0.000000, 0.000000, 0.000000;;,
      15;4;-1.000000, 0.000000, 0.000000, 0.000000;;,
      16;4;-1.000000, 0.000000, 0.000000, 0.000000;;,
      17;4;-1.000000, 0.000000, 0.000000, 0.000000;;,
      18;4;-1.000000, 0.000000, 0.000000, 0.000000;;,
      19;4;-1.000000, 0.000000, 0.000000, 0.000000;;,
      20;4;-1.000000, 0.000000, 0.000000, 0.000000;;,
      21;4;-1.000000, 0.000000, 0.000000, 0.000000;;,
      22;4;-1.000000, 0.000000, 0.000000, 0.000000;;,
      23;4;-1.000000, 0.000000, 0.000000, 0.000000;;,
      24;4;-1.000000, 0.000000, 0.000000, 0.000000;;,
      25;4;-1.000000, 0.000000, 0.000000, 0.000000;;,
      26;4;-1.000000, 0.000000, 0.000000, 0.000000;;,
      27;4;-1.000000, 0.000000, 0.000000, 0.000000;;,
      28;4;-1.000000, 0.000000, 0.000000, 0.000000;;,
      29;4;-1.000000, 0.000000, 0.000000, 0.000000;;,
      30;4;-1.000000, 0.000000, 0.000000, 0.000000;;;
    }
    AnimationKey { // Scale
      1;
      31;
      0;3; 1.000000, 1.000000, 1.000000;;,
      1;3; 1.000000, 1.000000, 1.000000;;,
      2;3; 1.000000, 1.000000, 1.000000;;,
      3;3; 1.000000, 1.000000, 1.000000;;,
      4;3; 1.000000, 1.000000, 1.000000;;,
      5;3; 1.000000, 1.000000, 1.000000;;,
      6;3; 1.000000, 1.000000, 1.000000;;,
      7;3; 1.000000, 1.000000, 1.000000;;,
      8;3; 1.000000, 1.000000, 1.000000;;,
      9;3; 1.000000, 1.000000, 1.000000;;,
      10;3; 1.000000, 1.000000, 1.000000;;,
      11;3; 1.000000, 1.000000, 1.000000;;,
      12;3; 1.000000, 1.000000, 1.000000;;,
      13;3; 1.000000, 1.000000, 1.000000;;,
      14;3; 1.000000, 1.000000, 1.000000;;,
      15;3; 1.000000, 1.000000, 1.000000;;,
      16;3; 1.000000, 1.000000, 1.000000;;,
      17;3; 1.000000, 1.000000, 1.000000;;,
      18;3; 1.000000, 1.000000, 1.000000;;,
      19;3; 1.000000, 1.000000, 1.000000;;,
      20;3; 1.000000, 1.000000, 1.000000;;,
      21;3; 1.000000, 1.000000, 1.000000;;,
      22;3; 1.000000, 1.000000, 1.000000;;,
      23;3; 1.000000, 1.000000, 1.000000;;,
      24;3; 1.000000, 1.000000, 1.000000;;,
      25;3; 1.000000, 1.000000, 1.000000;;,
      26;3; 1.000000, 1.000000, 1.000000;;,
      27;3; 1.000000, 1.000000, 1.000000;;,
      28;3; 1.000000, 1.000000, 1.000000;;,
      29;3; 1.000000, 1.000000, 1.000000;;,
      30;3; 1.000000, 1.000000, 1.000000;;;
    }
    AnimationKey { // Position
      2;
      31;
      0;3; 0.000000, 0.000008, 0.000000;;,
      1;3; 0.000000, 0.000008, 0.000000;;,
      2;3; 0.000000, 0.000008, 0.000000;;,
      3;3; 0.000000, 0.000008, 0.000000;;,
      4;3; 0.000000, 0.000008, 0.000000;;,
      5;3; 0.000000, 0.000008, 0.000000;;,
      6;3; 0.000000, 0.000008, 0.000000;;,
      7;3; 0.000000, 0.000008, 0.000000;;,
      8;3; 0.000000, 0.000008, 0.000000;;,
      9;3; 0.000000, 0.000008, 0.000000;;,
      10;3; 0.000000, 0.000008, 0.000000;;,
      11;3; 0.000000, 0.000008, 0.000000;;,
      12;3; 0.000000, 0.000008, 0.000000;;,
      13;3; 0.000000, 0.000008, 0.000000;;,
      14;3; 0.000000, 0.000008, 0.000000;;,
      15;3; 0.000000, 0.000008, 0.000000;;,
      16;3; 0.000000, 0.000008, 0.000000;;,
      17;3; 0.000000, 0.000008, 0.000000;;,
      18;3; 0.000000, 0.000008, 0.000000;;,
      19;3; 0.000000, 0.000008, 0.000000;;,
      20;3; 0.000000, 0.000008, 0.000000;;,
      21;3; 0.000000, 0.000008, 0.000000;;,
      22;3; 0.000000, 0.000008, 0.000000;;,
      23;3; 0.000000, 0.000008, 0.000000;;,
      24;3; 0.000000, 0.000008, 0.000000;;,
      25;3; 0.000000, 0.000008, 0.000000;;,
      26;3; 0.000000, 0.000008, 0.000000;;,
      27;3; 0.000000, 0.000008, 0.000000;;,
      28;3; 0.000000, 0.000008, 0.000000;;,
      29;3; 0.000000, 0.000008, 0.000000;;,
      30;3; 0.000000, 0.000008, 0.000000;;;
    }
  }
  Animation {
    {Armature_pelvis}
    AnimationKey { // Rotation
      0;
      31;
      0;4;-0.768412, 0.151088, 0.193392, 0.591029;;,
      1;4;-0.770506, 0.147720, 0.191778, 0.589678;;,
      2;4;-0.772307, 0.144840, 0.190277, 0.588521;;,
      3;4;-0.773804, 0.142461, 0.188941, 0.587566;;,
      4;4;-0.774986, 0.140593, 0.187822, 0.586817;;,
      5;4;-0.775843, 0.139248, 0.186968, 0.586278;;,
      6;4;-0.776364, 0.138434, 0.186425, 0.585952;;,
      7;4;-0.776541, 0.138161, 0.186236, 0.585843;;,
      8;4;-0.776448, 0.138406, 0.186436, 0.585845;;,
      9;4;-0.776180, 0.139112, 0.187013, 0.585849;;,
      10;4;-0.775752, 0.140235, 0.187930, 0.585854;;,
      11;4;-0.775181, 0.141732, 0.189150, 0.585857;;,
      12;4;-0.774481, 0.143558, 0.190636, 0.585857;;,
      13;4;-0.773668, 0.145670, 0.192351, 0.585849;;,
      14;4;-0.772757, 0.148025, 0.194258, 0.585832;;,
      15;4;-0.771764, 0.150577, 0.196320, 0.585802;;,
      16;4;-0.770705, 0.153285, 0.198500, 0.585760;;,
      17;4;-0.769596, 0.156103, 0.200763, 0.585703;;,
      18;4;-0.768454, 0.158987, 0.203072, 0.585631;;,
      19;4;-0.767295, 0.161895, 0.205391, 0.585545;;,
      20;4;-0.766138, 0.164780, 0.207686, 0.585446;;,
      21;4;-0.765000, 0.167601, 0.209922, 0.585336;;,
