xof 0303txt 0032

template XSkinMeshHeader {
  <3cf169ce-ff7c-44ab-93c0-f78f62d172e2>
  WORD nMaxSkinWeightsPerVertex;
  WORD nMaxSkinWeightsPerFace;
  WORD nBones;
}

template SkinWeights {
  <6f0d123b-bad2-4167-a0d0-80224f25fabb>
  STRING transformNodeName;
  DWORD nWeights;
  array DWORD vertexIndices[nWeights];
  array float weights[nWeights];
  Matrix4x4 matrixOffset;
}

Frame Root {
  FrameTransformMatrix {
     1.000000, 0.000000, 0.000000, 0.000000,
     0.000000,-0.000000, 1.000000, 0.000000,
     0.000000, 1.000000, 0.000000, 0.000000,
     0.000000, 0.000000, 0.000000, 1.000000;;
  }
  Frame Armature {
    FrameTransformMatrix {
       0.010000, 0.000000, 0.000000, 0.000000,
       0.000000,-0.000000, 0.010000, 0.000000,
       0.000000,-0.010000,-0.000000, 0.000000,
       0.000000, 0.000000, 0.000000, 1.000000;;
    }
    Frame Armature_root {
      FrameTransformMatrix {
         1.000000, 0.000000, 0.000000, 0.000000,
         0.000000, 1.000000,-0.000000, 0.000000,
         0.000000, 0.000000, 1.000000, 0.000000,
         0.000000, 0.000000, 0.000000, 1.000000;;
      }
      Frame Armature_ik_foot_root {
        FrameTransformMatrix {
           1.000000, 0.000000, 0.000000, 0.000000,
           0.000000, 1.000000, 0.000000, 0.000000,
           0.000000, 0.000000, 1.000000, 0.000000,
           0.000000, 0.000000, 0.000000, 1.000000;;
        }
        Frame Armature_ik_foot_l {
          FrameTransformMatrix {
             0.350436,-0.075028, 0.933577, 0.000000,
            -0.919728, 0.160705, 0.358153, 0.000000,
            -0.176902,-0.984147,-0.012689, 0.000000,
             2.012454,58.715855,11.991424, 1.000000;;
          }
        } // End of Armature_ik_foot_l
        Frame Armature_ik_foot_r {
          FrameTransformMatrix {
             0.754912, 0.068130,-0.652278, 0.000000,
            -0.453237, 0.773053,-0.443807, 0.000000,
             0.474009, 0.630672, 0.614466, 0.000000,
            -17.065863,66.077774,-62.287952, 1.000000;;
          }
        } // End of Armature_ik_foot_r
      } // End of Armature_ik_foot_root
      Frame Armature_ik_hand_root {
        FrameTransformMatrix {
           1.000000, 0.000000, 0.000000, 0.000000,
           0.000000, 1.000000, 0.000000, 0.000000,
           0.000000, 0.000000, 1.000000, 0.000000,
           0.000000, 0.000000, 0.000000, 1.000000;;
        }
        Frame Armature_ik_hand_gun {
          FrameTransformMatrix {
            -0.093708, 0.745621, 0.659748, 0.000000,
            -0.632063,-0.556548, 0.539213, 0.000000,
             0.769230,-0.366474, 0.523432, 0.000000,
            -6.889389,172.886719,-19.740803, 1.000000;;
          }
          Frame Armature_ik_hand_l {
            FrameTransformMatrix {
              -0.884606,-0.252806, 0.391870, 0.000000,
               0.320419, 0.281047, 0.904624, 0.000000,
              -0.338828, 0.925798,-0.167612, 0.000000,
              -3.499721,45.857510,112.499863, 1.000000;;
            }
          } // End of Armature_ik_hand_l
          Frame Armature_ik_hand_r {
            FrameTransformMatrix {
               1.000000, 0.000000, 0.000000, 0.000000,
              -0.000000, 1.000000,-0.000000, 0.000000,
              -0.000000,-0.000000, 1.000000, 0.000000,
               0.000011,-0.000021, 0.000003, 1.000000;;
            }
          } // End of Armature_ik_hand_r
        } // End of Armature_ik_hand_gun
      } // End of Armature_ik_hand_root
      Frame Armature_pelvis {
        FrameTransformMatrix {
           0.266322, 0.952538, 0.147459, 0.000000,
          -0.647282, 0.063383, 0.759610, 0.000000,
           0.714211,-0.297749, 0.633441, 0.000000,
           0.266242,91.386192,-2.139814, 1.000000;;
        }
        Frame Armature_spine_01 {
          FrameTransformMatrix {
             0.759332,-0.636348, 0.135927, 0.000000,
             0.611173, 0.769167, 0.186681, 0.000000,
            -0.223345,-0.058678, 0.972972, 0.000000,
            10.808885, 0.851414, 0.000005, 1.000000;;
          }
          Frame Armature_spine_02 {
            FrameTransformMatrix {
               0.970701, 0.161159, 0.178232, 0.000000,
              -0.162808, 0.986643,-0.005434, 0.000000,
              -0.176727,-0.023743, 0.983973, 0.000000,
               3.751128,18.816137,-0.655745, 1.000000;;
            }
            Frame Armature_spine_03 {
              FrameTransformMatrix {
                 0.914778, 0.355581, 0.191685, 0.000000,
                -0.372220, 0.926332, 0.057974, 0.000000,
                -0.156949,-0.124382, 0.979743, 0.000000,
                 0.394920,13.412111,-0.145010, 1.000000;;
              }
              Frame Armature_clavicle_l {
                FrameTransformMatrix {
                   0.787605, 0.156156,-0.596065, 0.000000,
                   0.604028,-0.004491, 0.796951, 0.000000,
                   0.121772,-0.987722,-0.097860, 0.000000,
                  -2.732087,11.883692, 3.781988, 1.000000;;
                }
                Frame Armature_upperarm_l {
                  FrameTransformMatrix {
                     0.293377,-0.593946, 0.749105, 0.000000,
                     0.143525, 0.802068, 0.579730, 0.000000,
                    -0.945162,-0.062564, 0.320555, 0.000000,
                     0.000010,15.784874,-0.000001, 1.000000;;
                  }
                  Frame Armature_lowerarm_l {
                    FrameTransformMatrix {
                       0.700416, 0.713726, 0.003583, 0.000000,
                      -0.713297, 0.699801, 0.038555, 0.000000,
                       0.025010,-0.029560, 0.999250, 0.000000,
                      -0.000001,30.339945, 0.000009, 1.000000;;
                    }
                    Frame Armature_hand_l {
                      FrameTransformMatrix {
                         0.559491, 0.286711, 0.777667, 0.000000,
                        -0.229666, 0.955153,-0.186914, 0.000000,
                        -0.796381,-0.074027, 0.600247, 0.000000,
                        -0.000006,26.975149, 0.000003, 1.000000;;
                      }
                      Frame Armature_index_01_l {
                        FrameTransformMatrix {
                           0.954493,-0.137164,-0.264820, 0.000000,
                           0.163439, 0.983323, 0.079772, 0.000000,
                           0.249461,-0.119423, 0.960993, 0.000000,
                           1.763470,12.068108, 2.109396, 1.000000;;
                        }
                        Frame Armature_index_02_l {
                          FrameTransformMatrix {
                             0.961212,-0.273348,-0.036790, 0.000000,
                             0.275658, 0.956553, 0.094970, 0.000000,
                             0.009232,-0.101428, 0.994800, 0.000000,
                             0.000000, 4.287495, 0.000012, 1.000000;;
                          }
                          Frame Armature_index_03_l {
                            FrameTransformMatrix {
                               0.999723,-0.010056,-0.021278, 0.000000,
                               0.010056, 0.999949,-0.000076, 0.000000,
                               0.021278,-0.000138, 0.999774, 0.000000,
                              -0.000006, 3.393793,-0.000010, 1.000000;;
                            }
                          } // End of Armature_index_03_l
                        } // End of Armature_index_02_l
                      } // End of Armature_index_01_l
                      Frame Armature_middle_01_l {
                        FrameTransformMatrix {
                           0.907216,-0.419672,-0.028890, 0.000000,
                           0.407594, 0.893937,-0.186398, 0.000000,
                           0.104053, 0.157328, 0.982050, 0.000000,
                           1.293648,12.244278,-0.571167, 1.000000;;
                        }
                        Frame Armature_middle_02_l {
                          FrameTransformMatrix {
                             0.911482,-0.410951, 0.017854, 0.000000,
                             0.407698, 0.908326, 0.093414, 0.000000,
                            -0.054606,-0.077866, 0.995467, 0.000000,
                            -0.000010, 4.640366,-0.000010, 1.000000;;
                          }
                          Frame Armature_middle_03_l {
                            FrameTransformMatrix {
                               0.998752,-0.049835,-0.003230, 0.000000,
                               0.049831, 0.998757,-0.001090, 0.000000,
                               0.003280, 0.000928, 0.999994, 0.000000,
                               0.000004, 3.648849, 0.000002, 1.000000;;
                            }
                          } // End of Armature_middle_03_l
                        } // End of Armature_middle_02_l
                      } // End of Armature_middle_01_l
                      Frame Armature_pinky_01_l {
                        FrameTransformMatrix {
                           0.784568,-0.497007, 0.370725, 0.000000,
                           0.607030, 0.737538,-0.295892, 0.000000,
                          -0.126364, 0.457188, 0.880347, 0.000000,
                           2.263157,10.140665,-4.643142, 1.000000;;
                        }
                        Frame Armature_pinky_02_l {
                          FrameTransformMatrix {
                             0.811974,-0.582381,-0.039110, 0.000000,
                             0.582289, 0.812846,-0.014881, 0.000000,
                             0.040457,-0.010691, 0.999124, 0.000000,
                            -0.000017, 3.570986, 0.000008, 1.000000;;
                          }
                          Frame Armature_pinky_03_l {
                            FrameTransformMatrix {
                               0.939591,-0.342228,-0.006918, 0.000000,
                               0.342226, 0.939616,-0.001597, 0.000000,
                               0.007047,-0.000867, 0.999975, 0.000000,
                               0.000000, 2.985626, 0.000011, 1.000000;;
                            }
                          } // End of Armature_pinky_03_l
                        } // End of Armature_pinky_02_l
                      } // End of Armature_pinky_01_l
                      Frame Armature_ring_01_l {
                        FrameTransformMatrix {
                           0.784336,-0.546538, 0.293451, 0.000000,
                           0.611797, 0.759735,-0.220243, 0.000000,
                          -0.102574, 0.352277, 0.930258, 0.000000,
                           1.753529,11.497881,-2.846918, 1.000000;;
                        }
                        Frame Armature_ring_02_l {
                          FrameTransformMatrix {
                             0.991185,-0.132043,-0.010808, 0.000000,
                             0.132121, 0.991210, 0.006826, 0.000000,
                             0.009812,-0.008194, 0.999918, 0.000000,
                            -0.000009, 4.430170, 0.000004, 1.000000;;
                          }
                          Frame Armature_ring_03_l {
                            FrameTransformMatrix {
                               0.999975, 0.007100, 0.000442, 0.000000,
                              -0.007101, 0.999975, 0.000580, 0.000000,
                              -0.000438,-0.000583, 1.000000, 0.000000,
                              -0.000008, 3.476658,-0.000008, 1.000000;;
                            }
                          } // End of Armature_ring_03_l
                        } // End of Armature_ring_02_l
                      } // End of Armature_ring_01_l
                      Frame Armature_thumb_01_l {
                        FrameTransformMatrix {
                          -0.015639, 0.474610,-0.880057, 0.000000,
                           0.674899, 0.654427, 0.340935, 0.000000,
                           0.737745,-0.588618,-0.330548, 0.000000,
                           2.374987, 4.762028, 2.537816, 1.000000;;
                        }
                        Frame Armature_thumb_02_l {
                          FrameTransformMatrix {
                             0.991297, 0.131042,-0.012539, 0.000000,
                            -0.129172, 0.986647, 0.099209, 0.000000,
                             0.025372,-0.096726, 0.994988, 0.000000,
                             0.000006, 3.869671, 0.000004, 1.000000;;
                          }
                          Frame Armature_thumb_03_l {
                            FrameTransformMatrix {
                               0.974354, 0.222167,-0.035728, 0.000000,
                              -0.216382, 0.968632, 0.122192, 0.000000,
                               0.061754,-0.111328, 0.991863, 0.000000,
                              -0.000002, 4.062167,-0.000003, 1.000000;;
                            }
                          } // End of Armature_thumb_03_l
                        } // End of Armature_thumb_02_l
                      } // End of Armature_thumb_01_l
                    } // End of Armature_hand_l
                    Frame Armature_lowerarm_twist_01_l {
                      FrameTransformMatrix {
                         0.954303,-0.000000,-0.298842, 0.000000,
                         0.000000, 1.000000,-0.000001, 0.000000,
                         0.298842, 0.000000, 0.954302, 0.000000,
                        -0.000004,14.000000, 0.000002, 1.000000;;
                      }
                    } // End of Armature_lowerarm_twist_01_l
                  } // End of Armature_lowerarm_l
                  Frame Armature_upperarm_twist_01_l {
                    FrameTransformMatrix {
                       0.302288, 0.000000,-0.953217, 0.000000,
                       0.000000, 1.000000, 0.000000, 0.000000,
                       0.953217,-0.000000, 0.302288, 0.000000,
                       0.000000, 0.500000,-0.000001, 1.000000;;
                    }
                  } // End of Armature_upperarm_twist_01_l
                } // End of Armature_upperarm_l
              } // End of Armature_clavicle_l
              Frame Armature_clavicle_r {
                FrameTransformMatrix {
                  -0.784003,-0.179571,-0.594217, 0.000000,
                   0.620384,-0.259871,-0.739994, 0.000000,
                  -0.021538,-0.948800, 0.315142, 0.000000,
                  -2.732113,11.883791,-3.781992, 1.000000;;
                }
                Frame Armature_upperarm_r {
                  FrameTransformMatrix {
                     0.887611,-0.294002,-0.354555, 0.000000,
                     0.414829, 0.844798, 0.337984, 0.000000,
                     0.200160,-0.447078, 0.871813, 0.000000,
                    -0.000049,15.784733, 0.000078, 1.000000;;
                  }
                  Frame Armature_lowerarm_r {
                    FrameTransformMatrix {
                       0.970391,-0.197997,-0.138344, 0.000000,
                       0.200219, 0.979749, 0.002188, 0.000000,
                       0.135109,-0.029823, 0.990382, 0.000000,
                       0.000001,30.340061, 0.000009, 1.000000;;
                    }
                    Frame Armature_hand_r {
                      FrameTransformMatrix {
                        -0.077688,-0.124114,-0.989222, 0.000000,
                        -0.693184, 0.719867,-0.035880, 0.000000,
                         0.716562, 0.682925,-0.141959, 0.000000,
                        -0.000008,26.975250,-0.000007, 1.000000;;
                      }
                      Frame Armature_index_01_r {
                        FrameTransformMatrix {
                           0.680579, 0.711087, 0.176543, 0.000000,
                          -0.685836, 0.703071,-0.187936, 0.000000,
                          -0.257761, 0.006826, 0.966184, 0.000000,
                          -1.763732,12.067945, 2.109434, 1.000000;;
                        }
                        Frame Armature_index_02_r {
                          FrameTransformMatrix {
                            -0.096417, 0.990319, 0.099860, 0.000000,
                            -0.995296,-0.094969,-0.019175, 0.000000,
                            -0.009506,-0.101239, 0.994817, 0.000000,
                             0.000100, 4.287691,-0.000072, 1.000000;;
                          }
                          Frame Armature_index_03_r {
                            FrameTransformMatrix {
                               0.666916, 0.744998, 0.014205, 0.000000,
                              -0.744829, 0.667067,-0.015866, 0.000000,
                              -0.021296, 0.000001, 0.999773, 0.000000,
                               0.000124, 3.393801,-0.000011, 1.000000;;
                            }
                          } // End of Armature_index_03_r
                        } // End of Armature_index_02_r
                      } // End of Armature_index_01_r
                      Frame Armature_middle_01_r {
                        FrameTransformMatrix {
                           0.441930, 0.896672,-0.026033, 0.000000,
                          -0.895749, 0.439542,-0.066612, 0.000000,
                          -0.048286, 0.052757, 0.997439, 0.000000,
                          -1.293744,12.244113,-0.571124, 1.000000;;
                        }
                        Frame Armature_middle_02_r {
                          FrameTransformMatrix {
                             0.178866, 0.979905, 0.088285, 0.000000,
                            -0.981562, 0.171579, 0.084235, 0.000000,
                             0.067394,-0.101724, 0.992527, 0.000000,
                            -0.000144, 4.640571, 0.000001, 1.000000;;
                          }
                          Frame Armature_middle_03_r {
                            FrameTransformMatrix {
                               0.131026, 0.991379, 0.000430, 0.000000,
                              -0.991373, 0.131027,-0.003249, 0.000000,
                              -0.003278,-0.000000, 0.999995, 0.000000,
                               0.000002, 3.648913,-0.000006, 1.000000;;
                            }
                          } // End of Armature_middle_03_r
                        } // End of Armature_middle_02_r
                      } // End of Armature_middle_01_r
                      Frame Armature_pinky_01_r {
                        FrameTransformMatrix {
                           0.827082, 0.473667,-0.302614, 0.000000,
                          -0.535493, 0.827640,-0.168105, 0.000000,
                           0.170830, 0.301084, 0.938172, 0.000000,
                          -2.263380,10.140599,-4.643087, 1.000000;;
                        }
                        Frame Armature_pinky_02_r {
                          FrameTransformMatrix {
                             0.135754, 0.989591, 0.047757, 0.000000,
                            -0.990284, 0.137000,-0.023856, 0.000000,
                            -0.030150,-0.044054, 0.998574, 0.000000,
                            -0.000009, 3.571056,-0.000005, 1.000000;;
                          }
                          Frame Armature_pinky_03_r {
                            FrameTransformMatrix {
                              -0.138517, 0.990360,-0.000987, 0.000000,
                              -0.990335,-0.138520,-0.007071, 0.000000,
                              -0.007139,-0.000002, 0.999975, 0.000000,
                               0.000315, 2.985504,-0.000033, 1.000000;;
                            }
                          } // End of Armature_pinky_03_r
                        } // End of Armature_pinky_02_r
                      } // End of Armature_pinky_01_r
                      Frame Armature_ring_01_r {
                        FrameTransformMatrix {
                           0.488692, 0.835028,-0.252801, 0.000000,
                          -0.863052, 0.505115, 0.000075, 0.000000,
                           0.127757, 0.218143, 0.967518, 0.000000,
                          -1.753777,11.497979,-2.846911, 1.000000;;
                        }
                        Frame Armature_ring_02_r {
                          FrameTransformMatrix {
                            -0.098081, 0.994968, 0.020485, 0.000000,
                            -0.995158,-0.097924,-0.008494, 0.000000,
                            -0.006445,-0.021219, 0.999754, 0.000000,
                            -0.000005, 4.429871, 0.000003, 1.000000;;
                          }
                          Frame Armature_ring_03_r {
                            FrameTransformMatrix {
                               0.264066, 0.964505,-0.000106, 0.000000,
                              -0.964505, 0.264066, 0.000409, 0.000000,
                               0.000423,-0.000006, 1.000000, 0.000000,
                               0.000068, 3.476568, 0.000001, 1.000000;;
                            }
                          } // End of Armature_ring_03_r
                        } // End of Armature_ring_02_r
                      } // End of Armature_ring_01_r
                      Frame Armature_thumb_01_r {
                        FrameTransformMatrix {
                           0.166767,-0.399674, 0.901360, 0.000000,
                          -0.684860, 0.610703, 0.397504, 0.000000,
                          -0.709335,-0.683595,-0.171875, 0.000000,
                          -2.375119, 4.762129, 2.537811, 1.000000;;
                        }
                        Frame Armature_thumb_02_r {
                          FrameTransformMatrix {
                             0.809496, 0.587036, 0.010216, 0.000000,
                            -0.587122, 0.809317, 0.017122, 0.000000,
                             0.001783,-0.019858, 0.999801, 0.000000,
                             0.000122, 3.869569, 0.000025, 1.000000;;
                          }
                          Frame Armature_thumb_03_r {
                            FrameTransformMatrix {
                               0.696231, 0.717191, 0.029992, 0.000000,
                              -0.716526, 0.696877,-0.030869, 0.000000,
                              -0.043040, 0.000002, 0.999073, 0.000000,
                               0.000008, 4.062180,-0.000009, 1.000000;;
                            }
                          } // End of Armature_thumb_03_r
                        } // End of Armature_thumb_02_r
                      } // End of Armature_thumb_01_r
                      Frame Armature_weapon_r {
                        FrameTransformMatrix {
                          -0.005470,-0.000002,-0.999985, 0.000000,
                          -0.000002,-1.000000, 0.000002, 0.000000,
                          -0.999985, 0.000002, 0.005470, 0.000000,
                          -4.666989,11.309005,-1.092999, 1.000000;;
                        }
                      } // End of Armature_weapon_r
                    } // End of Armature_hand_r
                    Frame Armature_lowerarm_twist_01_r {
                      FrameTransformMatrix {
                         0.957517, 0.000000,-0.288377, 0.000000,
                         0.000000, 1.000000, 0.000000, 0.000000,
                         0.288377,-0.000001, 0.957517, 0.000000,
                         0.000021,14.000008,-0.000012, 1.000000;;
                      }
                    } // End of Armature_lowerarm_twist_01_r
                  } // End of Armature_lowerarm_r
                  Frame Armature_upperarm_twist_01_r {
                    FrameTransformMatrix {
                       0.997921,-0.000000, 0.064459, 0.000000,
                       0.000000, 1.000000,-0.000000, 0.000000,
                      -0.064459, 0.000000, 0.997920, 0.000000,
                      -0.000004, 0.500007, 0.000005, 1.000000;;
                    }
                  } // End of Armature_upperarm_twist_01_r
                } // End of Armature_upperarm_r
              } // End of Armature_clavicle_r
              Frame Armature_neck_01 {
                FrameTransformMatrix {
                   0.932828,-0.210092,-0.292733, 0.000000,
                   0.232857, 0.971478, 0.044803, 0.000000,
                   0.274971,-0.109958, 0.955144, 0.000000,
                  -0.355321,16.558784, 0.000001, 1.000000;;
                }
                Frame Armature_head {
                  FrameTransformMatrix {
                     0.424601,-0.425413,-0.799211, 0.000000,
                     0.483244, 0.852966,-0.197292, 0.000000,
                     0.765631,-0.302443, 0.567748, 0.000000,
                     0.364153, 9.283609, 0.000010, 1.000000;;
                  }
                } // End of Armature_head
              } // End of Armature_neck_01
            } // End of Armature_spine_03
          } // End of Armature_spine_02
        } // End of Armature_spine_01
        Frame Armature_sword_holder {
          FrameTransformMatrix {
            -0.909315, 0.370363, 0.189679, 0.000000,
            -0.355306,-0.928335, 0.109324, 0.000000,
             0.216575, 0.032016, 0.975741, 0.000000,
            13.980004,19.493002,16.301006, 1.000000;;
          }
        } // End of Armature_sword_holder
        Frame Armature_thigh_l {
          FrameTransformMatrix {
            -0.980085, 0.175775,-0.092395, 0.000000,
            -0.006534, 0.436483, 0.899688, 0.000000,
             0.198471, 0.882375,-0.426642, 0.000000,
            -1.448821, 0.531423, 9.005811, 1.000000;;
          }
          Frame Armature_calf_l {
            FrameTransformMatrix {
              -0.715655,-0.682020, 0.150615, 0.000000,
               0.675787,-0.730630,-0.097421, 0.000000,
               0.176486, 0.032064, 0.983781, 0.000000,
              -0.359905,42.427452, 0.052261, 1.000000;;
            }
            Frame Armature_calf_twist_01_l {
              FrameTransformMatrix {
                 0.997002,-0.014902, 0.075932, 0.000000,
                 0.015236, 0.999876,-0.003824, 0.000000,
                -0.075866, 0.004969, 0.997106, 0.000000,
                -0.000006,20.476780, 0.000001, 1.000000;;
              }
            } // End of Armature_calf_twist_01_l
            Frame Armature_foot_l {
              FrameTransformMatrix {
                -0.549942,-0.830578, 0.087777, 0.000000,
                -0.835159, 0.547947,-0.047572, 0.000000,
                -0.008585,-0.099470,-0.995004, 0.000000,
                 0.000814,40.196430,-0.000187, 1.000000;;
              }
              Frame Armature_ball_l {
                FrameTransformMatrix {
                   0.024621, 0.999697, 0.000151, 0.000000,
                  -0.999697, 0.024621, 0.000077, 0.000000,
                   0.000074,-0.000153, 1.000000, 0.000000,
                  -10.453842,16.577866,-0.080150, 1.000000;;
                }
              } // End of Armature_ball_l
            } // End of Armature_foot_l
          } // End of Armature_calf_l
          Frame Armature_thigh_twist_01_l {
            FrameTransformMatrix {
               0.866033,-0.000853,-0.499986, 0.000000,
               0.000983, 1.000000,-0.000004, 0.000000,
               0.499985,-0.000488, 0.866033, 0.000000,
              -0.000004,22.094231, 0.000003, 1.000000;;
            }
          } // End of Armature_thigh_twist_01_l
        } // End of Armature_thigh_l
        Frame Armature_thigh_r {
          FrameTransformMatrix {
            -0.084221, 0.976094, 0.200366, 0.000000,
            -0.883066, 0.020043,-0.468821, 0.000000,
            -0.461629,-0.216421, 0.860268, 0.000000,
            -1.448641, 0.531428,-9.005803, 1.000000;;
          }
          Frame Armature_calf_r {
            FrameTransformMatrix {
               0.123178, 0.991664,-0.037826, 0.000000,
              -0.986341, 0.118138,-0.114781, 0.000000,
              -0.109356, 0.051448, 0.992670, 0.000000,
               0.160961,42.346256, 0.025301, 1.000000;;
            }
            Frame Armature_calf_twist_01_r {
              FrameTransformMatrix {
                 0.999343, 0.015101,-0.032930, 0.000000,
                -0.015235, 0.999877,-0.003824, 0.000000,
                 0.032868, 0.004324, 0.999450, 0.000000,
                -0.000001,20.476908, 0.000006, 1.000000;;
              }
            } // End of Armature_calf_twist_01_r
            Frame Armature_foot_r {
              FrameTransformMatrix {
                -0.342730, 0.884861, 0.315528, 0.000000,
                 0.935815, 0.351028, 0.032076, 0.000000,
                -0.082377, 0.306269,-0.948374, 0.000000,
                -0.000586,40.196671, 0.000305, 1.000000;;
              }
              Frame Armature_ball_r {
                FrameTransformMatrix {
                  -0.002077,-0.999998,-0.000154, 0.000000,
                   0.999998,-0.002077, 0.000074, 0.000000,
                  -0.000074,-0.000154, 1.000000, 0.000000,
                  10.453813,16.577793,-0.080155, 1.000000;;
                }
              } // End of Armature_ball_r
            } // End of Armature_foot_r
          } // End of Armature_calf_r
          Frame Armature_thigh_twist_01_r {
            FrameTransformMatrix {
               0.959174, 0.000942,-0.282815, 0.000000,
              -0.000983, 1.000000,-0.000003, 0.000000,
               0.282815, 0.000281, 0.959175, 0.000000,
               0.000002,22.094246,-0.000003, 1.000000;;
            }
          } // End of Armature_thigh_twist_01_r
        } // End of Armature_thigh_r
      } // End of Armature_pelvis
    } // End of Armature_root
  } // End of Armature
} // End of Root
AnimationSet Global {
  Animation {
    {Armature}
    AnimationKey { // Rotation
      0;
      17;
      0;4;-0.707107, 0.707107, 0.000000, 0.000000;;,
      1;4;-0.707107, 0.707107, 0.000000, 0.000000;;,
      2;4;-0.707107, 0.707107, 0.000000, 0.000000;;,
      3;4;-0.707107, 0.707107, 0.000000, 0.000000;;,
      4;4;-0.707107, 0.707107, 0.000000, 0.000000;;,
      5;4;-0.707107, 0.707107, 0.000000, 0.000000;;,
      6;4;-0.707107, 0.707107, 0.000000, 0.000000;;,
      7;4;-0.707107, 0.707107, 0.000000, 0.000000;;,
      8;4;-0.707107, 0.707107, 0.000000, 0.000000;;,
      9;4;-0.707107, 0.707107, 0.000000, 0.000000;;,
      10;4;-0.707107, 0.707107, 0.000000, 0.000000;;,
      11;4;-0.707107, 0.707107, 0.000000, 0.000000;;,
      12;4;-0.707107, 0.707107, 0.000000, 0.000000;;,
      13;4;-0.707107, 0.707107, 0.000000, 0.000000;;,
      14;4;-0.707107, 0.707107, 0.000000, 0.000000;;,
      15;4;-0.707107, 0.707107, 0.000000, 0.000000;;,
      16;4;-0.707107, 0.707107, 0.000000, 0.000000;;;
    }
    AnimationKey { // Scale
      1;
      17;
      0;3; 0.010000, 0.010000, 0.010000;;,
      1;3; 0.010000, 0.010000, 0.010000;;,
      2;3; 0.010000, 0.010000, 0.010000;;,
      3;3; 0.010000, 0.010000, 0.010000;;,
      4;3; 0.010000, 0.010000, 0.010000;;,
      5;3; 0.010000, 0.010000, 0.010000;;,
      6;3; 0.010000, 0.010000, 0.010000;;,
      7;3; 0.010000, 0.010000, 0.010000;;,
      8;3; 0.010000, 0.010000, 0.010000;;,
      9;3; 0.010000, 0.010000, 0.010000;;,
      10;3; 0.010000, 0.010000, 0.010000;;,
      11;3; 0.010000, 0.010000, 0.010000;;,
      12;3; 0.010000, 0.010000, 0.010000;;,
      13;3; 0.010000, 0.010000, 0.010000;;,
      14;3; 0.010000, 0.010000, 0.010000;;,
      15;3; 0.010000, 0.010000, 0.010000;;,
      16;3; 0.010000, 0.010000, 0.010000;;;
    }
    AnimationKey { // Position
      2;
      17;
      0;3; 0.000000, 0.000000, 0.000000;;,
      1;3; 0.000000, 0.000000, 0.000000;;,
      2;3; 0.000000, 0.000000, 0.000000;;,
      3;3; 0.000000, 0.000000, 0.000000;;,
      4;3; 0.000000, 0.000000, 0.000000;;,
      5;3; 0.000000, 0.000000, 0.000000;;,
      6;3; 0.000000, 0.000000, 0.000000;;,
      7;3; 0.000000, 0.000000, 0.000000;;,
      8;3; 0.000000, 0.000000, 0.000000;;,
      9;3; 0.000000, 0.000000, 0.000000;;,
      10;3; 0.000000, 0.000000, 0.000000;;,
      11;3; 0.000000, 0.000000, 0.000000;;,
      12;3; 0.000000, 0.000000, 0.000000;;,
      13;3; 0.000000, 0.000000, 0.000000;;,
      14;3; 0.000000, 0.000000, 0.000000;;,
      15;3; 0.000000, 0.000000, 0.000000;;,
      16;3; 0.000000, 0.000000, 0.000000;;;
    }
  }
  Animation {
    {Armature_root}
    AnimationKey { // Rotation
      0;
      17;
      0;4;-1.000000,-0.000000, 0.000000, 0.000000;;,
      1;4;-1.000000,-0.000000, 0.000000, 0.000000;;,
      2;4;-1.000000,-0.000000, 0.000000, 0.000000;;,
      3;4;-1.000000,-0.000000, 0.000000, 0.000000;;,
      4;4;-1.000000,-0.000000, 0.000000, 0.000000;;,
      5;4;-1.000000,-0.000000, 0.000000, 0.000000;;,
      6;4;-1.000000,-0.000000, 0.000000, 0.000000;;,
      7;4;-1.000000,-0.000000, 0.000000, 0.000000;;,
      8;4;-1.000000,-0.000000, 0.000000, 0.000000;;,
      9;4;-1.000000,-0.000000, 0.000000, 0.000000;;,
      10;4;-1.000000,-0.000000, 0.000000, 0.000000;;,
      11;4;-1.000000,-0.000000, 0.000000, 0.000000;;,
      12;4;-1.000000,-0.000000, 0.000000, 0.000000;;,
      13;4;-1.000000,-0.000000, 0.000000, 0.000000;;,
      14;4;-1.000000,-0.000000, 0.000000, 0.000000;;,
      15;4;-1.000000,-0.000000, 0.000000, 0.000000;;,
      16;4;-1.000000,-0.000000, 0.000000, 0.000000;;;
    }
    AnimationKey { // Scale
      1;
      17;
      0;3; 1.000000, 1.000000, 1.000000;;,
      1;3; 1.000000, 1.000000, 1.000000;;,
      2;3; 1.000000, 1.000000, 1.000000;;,
      3;3; 1.000000, 1.000000, 1.000000;;,
      4;3; 1.000000, 1.000000, 1.000000;;,
      5;3; 1.000000, 1.000000, 1.000000;;,
      6;3; 1.000000, 1.000000, 1.000000;;,
      7;3; 1.000000, 1.000000, 1.000000;;,
      8;3; 1.000000, 1.000000, 1.000000;;,
      9;3; 1.000000, 1.000000, 1.000000;;,
      10;3; 1.000000, 1.000000, 1.000000;;,
      11;3; 1.000000, 1.000000, 1.000000;;,
      12;3; 1.000000, 1.000000, 1.000000;;,
      13;3; 1.000000, 1.000000, 1.000000;;,
      14;3; 1.000000, 1.000000, 1.000000;;,
      15;3; 1.000000, 1.000000, 1.000000;;,
      16;3; 1.000000, 1.000000, 1.000000;;;
    }
    AnimationKey { // Position
      2;
      17;
      0;3; 0.000000, 0.000000, 0.000000;;,
      1;3; 0.000000, 0.000000, 0.000000;;,
      2;3; 0.000000, 0.000000, 0.000000;;,
      3;3; 0.000000, 0.000000, 0.000000;;,
      4;3; 0.000000, 0.000000, 0.000000;;,
      5;3; 0.000000, 0.000000, 0.000000;;,
      6;3; 0.000000, 0.000000, 0.000000;;,
      7;3; 0.000000, 0.000000, 0.000000;;,
      8;3; 0.000000, 0.000000, 0.000000;;,
      9;3; 0.000000, 0.000000, 0.000000;;,
      10;3; 0.000000, 0.000000, 0.000000;;,
      11;3; 0.000000, 0.000000, 0.000000;;,
      12;3; 0.000000, 0.000000, 0.000000;;,
      13;3; 0.000000, 0.000000, 0.000000;;,
      14;3; 0.000000, 0.000000, 0.000000;;,
      15;3; 0.000000, 0.000000, 0.000000;;,
      16;3; 0.000000, 0.000000, 0.000000;;;
    }
  }
  Animation {
    {Armature_pelvis}
    AnimationKey { // Rotation
      0;
      17;
      0;4;-0.700562, 0.377325, 0.202249, 0.570906;;,
      1;4;-0.709450, 0.348533, 0.199626, 0.579099;;,
      2;4;-0.715069, 0.325458, 0.199455, 0.585637;;,
      3;4;-0.717282, 0.315793, 0.199710, 0.588130;;,
      4;4;-0.717614, 0.316380, 0.199546, 0.587465;;,
      5;4;-0.717400, 0.319105, 0.199899, 0.586131;;,
      6;4;-0.716503, 0.323938, 0.201542, 0.584011;;,
      7;4;-0.714983, 0.330256, 0.204289, 0.581375;;,
      8;4;-0.712902, 0.337443, 0.207954, 0.578497;;,
      9;4;-0.710329, 0.344889, 0.212355, 0.575665;;,
      10;4;-0.707342, 0.351994, 0.217310, 0.573188;;,
      11;4;-0.704025, 0.358168, 0.222643, 0.571397;;,
      12;4;-0.700471, 0.362828, 0.228176, 0.570641;;,
      13;4;-0.697427, 0.366120, 0.234657, 0.569638;;,
      14;4;-0.695473, 0.368593, 0.242804, 0.567012;;,
      15;4;-0.694444, 0.370270, 0.252388, 0.562981;;,
      16;4;-0.694167, 0.371178, 0.263180, 0.557758;;;
    }
    AnimationKey { // Scale
      1;
      17;
      0;3; 1.000000, 1.000000, 1.000000;;,
      1;3; 1.000000, 1.000000, 1.000000;;,
      2;3; 1.000000, 1.000000, 1.000000;;,
      3;3; 1.000000, 1.000000, 1.000000;;,
      4;3; 1.000000, 1.000000, 1.000000;;,
      5;3; 1.000000, 1.000000, 1.000000;;,
      6;3; 1.000000, 1.000000, 1.000000;;,
      7;3; 1.000000, 1.000000, 1.000000;;,
      8;3; 1.000000, 1.000000, 1.000000;;,
      9;3; 1.000000, 1.000000, 1.000000;;,
      10;3; 1.000000, 1.000000, 1.000000;;,
      11;3; 1.000000, 1.000000, 1.000000;;,
      12;3; 1.000000, 1.000000, 1.000000;;,
      13;3; 1.000000, 1.000000, 1.000000;;,
      14;3; 1.000000, 1.000000, 1.000000;;,
      15;3; 1.000000, 1.000000, 1.000000;;,
      16;3; 1.000000, 1.000000, 1.000000;;;
    }
    AnimationKey { // Position
      2;
      17;
      0;3; 0.266242,91.386192,-2.139814;;,
      1;3; 0.266241,90.974884,-2.139814;;,
      2;3; 0.266243,90.614647,-2.139816;;,
      3;3; 0.266243,90.359154,-2.139816;;,
      4;3; 0.266242,90.262062,-2.139814;;,
      5;3; 0.266243,90.343071,-2.139816;;,
      6;3; 0.266243,90.556641,-2.139816;;,
      7;3; 0.266243,90.858589,-2.139816;;,
      8;3; 0.266242,91.204727,-2.139814;;,
      9;3; 0.266243,91.550873,-2.139817;;,
      10;3; 0.266243,91.852814,-2.139816;;,
      11;3; 0.266243,92.066383,-2.139817;;,
      12;3; 0.266241,92.147392,-2.139814;;,
      13;3; 0.266242,92.119476,-2.139816;;,
      14;3; 0.266243,92.040924,-2.139816;;,
      15;3; 0.266243,91.919525,-2.139816;;,
      16;3; 0.266242,91.763062,-2.139815;;;
    }
  }
  Animation {
    {Armature_spine_01}
    AnimationKey { // Rotation
      0;
      17;
      0;4;-0.935611, 0.065561,-0.095999,-0.333344;;,
      1;4;-0.932146, 0.095575,-0.113142,-0.330406;;,
      2;4;-0.928051, 0.120733,-0.126033,-0.329030;;,
      3;4;-0.926037, 0.131252,-0.131109,-0.328693;;,
      4;4;-0.926369, 0.130530,-0.130290,-0.328369;;,
      5;4;-0.927251, 0.128557,-0.128043,-0.327541;;,
      6;4;-0.928504, 0.125620,-0.124677,-0.326430;;,
      7;4;-0.929947, 0.122008,-0.120507,-0.325254;;,
      8;4;-0.931413, 0.118008,-0.115843,-0.324230;;,
      9;4;-0.932742, 0.113911,-0.110999,-0.323568;;,
      10;4;-0.933793, 0.110010,-0.106288,-0.323468;;,
      11;4;-0.934437, 0.106597,-0.102025,-0.324123;;,
      12;4;-0.934554, 0.103966,-0.098526,-0.325719;;,
      13;4;-0.934453, 0.102016,-0.095548,-0.327508;;,
      14;4;-0.934519, 0.100439,-0.092642,-0.328638;;,
      15;4;-0.934756, 0.099215,-0.089813,-0.329123;;,
      16;4;-0.935165, 0.098326,-0.087072,-0.328964;;;
    }
    AnimationKey { // Scale
      1;
      17;
      0;3; 1.000000, 1.000000, 1.000000;;,
      1;3; 1.000000, 1.000000, 1.000000;;,
      2;3; 1.000000, 1.000000, 1.000000;;,
      3;3; 1.000000, 1.000000, 1.000000;;,
      4;3; 1.000000, 1.000000, 1.000000;;,
      5;3; 1.000000, 1.000000, 1.000000;;,
      6;3; 1.000000, 1.000000, 1.000000;;,
      7;3; 1.000000, 1.000000, 1.000000;;,
      8;3; 1.000000, 1.000000, 1.000000;;,
      9;3; 1.000000, 1.000000, 1.000000;;,
      10;3; 1.000000, 1.000000, 1.000000;;,
      11;3; 1.000000, 1.000000, 1.000000;;,
      12;3; 1.000000, 1.000000, 1.000000;;,
      13;3; 1.000000, 1.000000, 1.000000;;,
      14;3; 1.000000, 1.000000, 1.000000;;,
      15;3; 1.000000, 1.000000, 1.000000;;,
      16;3; 1.000000, 1.000000, 1.000000;;;
    }
    AnimationKey { // Position
      2;
      17;
      0;3;10.808885, 0.851414, 0.000005;;,
      1;3;10.808880, 0.851414,-0.000001;;,
      2;3;10.808891, 0.851413, 0.000002;;,
      3;3;10.808884, 0.851413,-0.000002;;,
      4;3;10.808873, 0.851411, 0.000002;;,
      5;3;10.808885, 0.851413, 0.000003;;,
      6;3;10.808887, 0.851413,-0.000001;;,
      7;3;10.808887, 0.851414, 0.000000;;,
      8;3;10.808881, 0.851415, 0.000001;;,
      9;3;10.808887, 0.851413,-0.000002;;,
      10;3;10.808881, 0.851415,-0.000000;;,
      11;3;10.808887, 0.851411, 0.000002;;,
      12;3;10.808881, 0.851414, 0.000004;;,
      13;3;10.808878, 0.851413, 0.000002;;,
      14;3;10.808889, 0.851412, 0.000001;;,
      15;3;10.808893, 0.851413,-0.000001;;,
      16;3;10.808887, 0.851413, 0.000002;;;
    }
  }
  Animation {
    {Armature_spine_02}
    AnimationKey { // Rotation
      0;
      17;
