xof 0303txt 0032

template XSkinMeshHeader {
  <3cf169ce-ff7c-44ab-93c0-f78f62d172e2>
  WORD nMaxSkinWeightsPerVertex;
  WORD nMaxSkinWeightsPerFace;
  WORD nBones;
}

template SkinWeights {
  <6f0d123b-bad2-4167-a0d0-80224f25fabb>
  STRING transformNodeName;
  DWORD nWeights;
  array DWORD vertexIndices[nWeights];
  array float weights[nWeights];
  Matrix4x4 matrixOffset;
}

Frame Root {
  FrameTransformMatrix {
     1.000000, 0.000000, 0.000000, 0.000000,
     0.000000,-0.000000, 1.000000, 0.000000,
     0.000000, 1.000000, 0.000000, 0.000000,
     0.000000, 0.000000, 0.000000, 1.000000;;
  }
  Frame Armature {
    FrameTransformMatrix {
       0.010000, 0.000000, 0.000000, 0.000000,
       0.000000,-0.000000, 0.010000, 0.000000,
       0.000000,-0.010000,-0.000000, 0.000000,
       0.000000, 0.000000, 0.000000, 1.000000;;
    }
    Frame Armature_root {
      FrameTransformMatrix {
         1.000000, 0.000000, 0.000000, 0.000000,
         0.000000, 1.000000,-0.000000, 0.000000,
         0.000000, 0.000000, 1.000000, 0.000000,
         0.000000, 0.000000, 0.000000, 1.000000;;
      }
      Frame Armature_ik_foot_root {
        FrameTransformMatrix {
           1.000000, 0.000000, 0.000000, 0.000000,
           0.000000, 1.000000, 0.000000, 0.000000,
           0.000000, 0.000000, 1.000000, 0.000000,
           0.000000, 0.000000, 0.000000, 1.000000;;
        }
        Frame Armature_ik_foot_l {
          FrameTransformMatrix {
             0.047831,-0.690107, 0.722125, 0.000000,
            -0.971471, 0.135982, 0.194299, 0.000000,
            -0.232283,-0.710817,-0.663915, 0.000000,
             1.315253,64.381126,-18.033979, 1.000000;;
          }
        } // End of Armature_ik_foot_l
        Frame Armature_ik_foot_r {
          FrameTransformMatrix {
             0.414161,-0.177777,-0.892674, 0.000000,
            -0.841241, 0.299710,-0.449986, 0.000000,
             0.347540, 0.937320,-0.025425, 0.000000,
            -7.003185,30.925440,-37.966610, 1.000000;;
          }
        } // End of Armature_ik_foot_r
      } // End of Armature_ik_foot_root
      Frame Armature_ik_hand_root {
        FrameTransformMatrix {
           1.000000, 0.000000, 0.000000, 0.000000,
           0.000000, 1.000000,-0.000000, 0.000000,
           0.000000, 0.000000, 1.000000, 0.000000,
           0.000000, 0.000000, 0.000000, 1.000000;;
        }
        Frame Armature_ik_hand_gun {
          FrameTransformMatrix {
            -0.788286,-0.594270, 0.159529, 0.000000,
             0.222963,-0.034229, 0.974226, 0.000000,
            -0.573492, 0.803537, 0.159482, 0.000000,
            -5.686172,153.952240,-23.989456, 1.000000;;
          }
          Frame Armature_ik_hand_l {
            FrameTransformMatrix {
              -0.568149, 0.738441,-0.363195, 0.000000,
               0.778167, 0.338523,-0.529016, 0.000000,
              -0.267697,-0.583186,-0.766962, 0.000000,
              -0.223950,87.918388,-48.545471, 1.000000;;
            }
          } // End of Armature_ik_hand_l
          Frame Armature_ik_hand_r {
            FrameTransformMatrix {
               1.000000, 0.000000, 0.000000, 0.000000,
              -0.000000, 1.000000, 0.000000, 0.000000,
               0.000000,-0.000000, 1.000000, 0.000000,
               0.000020, 0.000001,-0.000019, 1.000000;;
            }
          } // End of Armature_ik_hand_r
        } // End of Armature_ik_hand_gun
      } // End of Armature_ik_hand_root
      Frame Armature_pelvis {
        FrameTransformMatrix {
          -0.164465, 0.971512, 0.170631, 0.000000,
          -0.692555,-0.236910, 0.681353, 0.000000,
           0.702367,-0.006113, 0.711789, 0.000000,
          -0.930615,91.543312,-2.139818, 1.000000;;
        }
        Frame Armature_spine_01 {
          FrameTransformMatrix {
             0.712137,-0.699812, 0.055900, 0.000000,
             0.667259, 0.699458, 0.255975, 0.000000,
            -0.218234,-0.144990, 0.965066, 0.000000,
            10.808869, 0.851421, 0.000001, 1.000000;;
          }
          Frame Armature_spine_02 {
            FrameTransformMatrix {
               0.965883, 0.172538, 0.193132, 0.000000,
              -0.170335, 0.984986,-0.028081, 0.000000,
              -0.195078,-0.005775, 0.980771, 0.000000,
               3.741253,18.814554,-0.718111, 1.000000;;
            }
            Frame Armature_spine_03 {
              FrameTransformMatrix {
                 0.902194, 0.376093, 0.211190, 0.000000,
                -0.380937, 0.924408,-0.018864, 0.000000,
                -0.202320,-0.063431, 0.977263, 0.000000,
                 0.389214,13.412046,-0.159716, 1.000000;;
              }
              Frame Armature_clavicle_l {
                FrameTransformMatrix {
                   0.787606, 0.156156,-0.596064, 0.000000,
                   0.604027,-0.004491, 0.796952, 0.000000,
                   0.121772,-0.987722,-0.097860, 0.000000,
                  -2.732100,11.883686, 3.781995, 1.000000;;
                }
                Frame Armature_upperarm_l {
                  FrameTransformMatrix {
                     0.286466,-0.665156, 0.689568, 0.000000,
                    -0.122868, 0.688285, 0.714960, 0.000000,
                    -0.950179,-0.289537, 0.115444, 0.000000,
                    -0.000004,15.784859, 0.000004, 1.000000;;
                  }
                  Frame Armature_lowerarm_l {
                    FrameTransformMatrix {
                       0.797773, 0.602955,-0.002144, 0.000000,
                      -0.602445, 0.797235, 0.038435, 0.000000,
                       0.024884,-0.029370, 0.999259, 0.000000,
                       0.000015,30.339935,-0.000040, 1.000000;;
                    }
                    Frame Armature_hand_l {
                      FrameTransformMatrix {
                         0.714278, 0.191630, 0.673116, 0.000000,
                        -0.031275, 0.969562,-0.242838, 0.000000,
                        -0.699163, 0.152402, 0.698530, 0.000000,
                        -0.000006,26.975155,-0.000008, 1.000000;;
                      }
                      Frame Armature_index_01_l {
                        FrameTransformMatrix {
                           0.890972,-0.360399,-0.276190, 0.000000,
                           0.379275, 0.925140, 0.016307, 0.000000,
                           0.249637,-0.119281, 0.960965, 0.000000,
                           1.763468,12.068130, 2.109406, 1.000000;;
                        }
                        Frame Armature_index_02_l {
                          FrameTransformMatrix {
                             0.871631,-0.486720,-0.057985, 0.000000,
                             0.490071, 0.867630, 0.083958, 0.000000,
                             0.009445,-0.101597, 0.994781, 0.000000,
                            -0.000007, 4.287492,-0.000002, 1.000000;;
                          }
                          Frame Armature_index_03_l {
                            FrameTransformMatrix {
                               0.970412,-0.240571,-0.020655, 0.000000,
                               0.240520, 0.970632,-0.004969, 0.000000,
                               0.021244,-0.000146, 0.999775, 0.000000,
                              -0.000007, 3.393791, 0.000002, 1.000000;;
                            }
                          } // End of Armature_index_03_l
                        } // End of Armature_index_02_l
                      } // End of Armature_index_01_l
                      Frame Armature_middle_01_l {
                        FrameTransformMatrix {
                           0.788659,-0.614647, 0.015013, 0.000000,
                           0.605994, 0.772969,-0.187857, 0.000000,
                           0.103862, 0.157253, 0.982081, 0.000000,
                           1.293650,12.244288,-0.571155, 1.000000;;
                        }
                        Frame Armature_middle_02_l {
                          FrameTransformMatrix {
                             0.792784,-0.609488,-0.004327, 0.000000,
                             0.607063, 0.788955, 0.094997, 0.000000,
                            -0.054486,-0.077939, 0.995468, 0.000000,
                            -0.000005, 4.640379, 0.000004, 1.000000;;
                          }
                          Frame Armature_middle_03_l {
                            FrameTransformMatrix {
                               0.960284,-0.279007,-0.003050, 0.000000,
                               0.279002, 0.960289,-0.001822, 0.000000,
                               0.003438, 0.000898, 0.999994, 0.000000,
                              -0.000004, 3.648849, 0.000006, 1.000000;;
                            }
                          } // End of Armature_middle_03_l
                        } // End of Armature_middle_02_l
                      } // End of Armature_middle_01_l
                      Frame Armature_pinky_01_l {
                        FrameTransformMatrix {
                           0.623291,-0.653784, 0.429040, 0.000000,
                           0.771723, 0.602876,-0.202446, 0.000000,
                          -0.126302, 0.457283, 0.880307, 0.000000,
                           2.263153,10.140676,-4.643152, 1.000000;;
                        }
                        Frame Armature_pinky_02_l {
                          FrameTransformMatrix {
                             0.655655,-0.754260,-0.034760, 0.000000,
                             0.753971, 0.656487,-0.023493, 0.000000,
                             0.040540,-0.010805, 0.999119, 0.000000,
                             0.000006, 3.570980,-0.000011, 1.000000;;
                          }
                          Frame Armature_pinky_03_l {
                            FrameTransformMatrix {
                               0.835237,-0.549855,-0.006188, 0.000000,
                               0.549845, 0.835260,-0.003330, 0.000000,
                               0.006999,-0.000621, 0.999975, 0.000000,
                               0.000003, 2.985640, 0.000002, 1.000000;;
                            }
                          } // End of Armature_pinky_03_l
                        } // End of Armature_pinky_02_l
                      } // End of Armature_pinky_01_l
                      Frame Armature_ring_01_l {
                        FrameTransformMatrix {
                           0.621930,-0.707048, 0.336581, 0.000000,
                           0.776321, 0.613029,-0.146701, 0.000000,
                          -0.102610, 0.352532, 0.930157, 0.000000,
                           1.753527,11.497894,-2.846914, 1.000000;;
                        }
                        Frame Armature_ring_02_l {
                          FrameTransformMatrix {
                             0.933929,-0.357250,-0.012174, 0.000000,
                             0.357321, 0.933973, 0.004101, 0.000000,
                             0.009905,-0.008180, 0.999918, 0.000000,
                            -0.000006, 4.430175, 0.000000, 1.000000;;
                          }
                          Frame Armature_ring_03_l {
                            FrameTransformMatrix {
                               0.974616,-0.223885, 0.000428, 0.000000,
                               0.223885, 0.974615, 0.000678, 0.000000,
                              -0.000569,-0.000565, 1.000000, 0.000000,
                               0.000004, 3.476658,-0.000004, 1.000000;;
                            }
                          } // End of Armature_ring_03_l
                        } // End of Armature_ring_02_l
                      } // End of Armature_ring_01_l
                      Frame Armature_thumb_01_l {
                        FrameTransformMatrix {
                          -0.097206, 0.389948,-0.915692, 0.000000,
                           0.666060, 0.709136, 0.231280, 0.000000,
                           0.739537,-0.587424,-0.328661, 0.000000,
                           2.374987, 4.762042, 2.537822, 1.000000;;
                        }
                        Frame Armature_thumb_02_l {
                          FrameTransformMatrix {
                             0.999667, 0.008582,-0.024330, 0.000000,
                            -0.006171, 0.995218, 0.097484, 0.000000,
                             0.025050,-0.097302, 0.994940, 0.000000,
                            -0.000002, 3.869683,-0.000000, 1.000000;;
                          }
                          Frame Armature_thumb_03_l {
                            FrameTransformMatrix {
                               0.993578, 0.101287,-0.050426, 0.000000,
                              -0.094902, 0.988704, 0.116008, 0.000000,
                               0.061607,-0.110478, 0.991967, 0.000000,
                               0.000003, 4.062173, 0.000006, 1.000000;;
                            }
                          } // End of Armature_thumb_03_l
                        } // End of Armature_thumb_02_l
                      } // End of Armature_thumb_01_l
                    } // End of Armature_hand_l
                    Frame Armature_lowerarm_twist_01_l {
                      FrameTransformMatrix {
                         0.922877, 0.000000,-0.385094, 0.000000,
                        -0.000000, 1.000000, 0.000000, 0.000000,
                         0.385094,-0.000000, 0.922877, 0.000000,
                        -0.000004,14.000001,-0.000008, 1.000000;;
                      }
                    } // End of Armature_lowerarm_twist_01_l
                  } // End of Armature_lowerarm_l
                  Frame Armature_upperarm_twist_01_l {
                    FrameTransformMatrix {
                       0.147589,-0.000003,-0.989049, 0.000000,
                       0.000001, 1.000000,-0.000003, 0.000000,
                       0.989049,-0.000000, 0.147589, 0.000000,
                      -0.000013, 0.499995, 0.000049, 1.000000;;
                    }
                  } // End of Armature_upperarm_twist_01_l
                } // End of Armature_upperarm_l
              } // End of Armature_clavicle_l
              Frame Armature_clavicle_r {
                FrameTransformMatrix {
                  -0.784002,-0.179571,-0.594218, 0.000000,
                   0.620384,-0.259870,-0.739994, 0.000000,
                  -0.021538,-0.948800, 0.315142, 0.000000,
                  -2.732102,11.883792,-3.781994, 1.000000;;
                }
                Frame Armature_upperarm_r {
                  FrameTransformMatrix {
                     0.969599,-0.239968,-0.047876, 0.000000,
                     0.196562, 0.647282, 0.736470, 0.000000,
                    -0.145740,-0.723492, 0.674773, 0.000000,
                    -0.000040,15.784736, 0.000078, 1.000000;;
                  }
                  Frame Armature_lowerarm_r {
                    FrameTransformMatrix {
                       0.976873,-0.163244,-0.138097, 0.000000,
                       0.165826, 0.986128, 0.007325, 0.000000,
                       0.134985,-0.030056, 0.990392, 0.000000,
                       0.000006,30.340061,-0.000012, 1.000000;;
                    }
                    Frame Armature_hand_r {
                      FrameTransformMatrix {
                        -0.048260,-0.096877,-0.994126, 0.000000,
                        -0.796635, 0.604123,-0.020199, 0.000000,
                         0.602531, 0.790981,-0.106331, 0.000000,
                         0.000006,26.975248,-0.000024, 1.000000;;
                      }
                      Frame Armature_index_01_r {
                        FrameTransformMatrix {
                           0.680581, 0.711085, 0.176543, 0.000000,
                          -0.685834, 0.703073,-0.187937, 0.000000,
                          -0.257762, 0.006827, 0.966184, 0.000000,
                          -1.763742,12.067950, 2.109433, 1.000000;;
                        }
                        Frame Armature_index_02_r {
                          FrameTransformMatrix {
                            -0.096419, 0.990319, 0.099860, 0.000000,
                            -0.995295,-0.094970,-0.019174, 0.000000,
                            -0.009505,-0.101239, 0.994817, 0.000000,
                             0.000090, 4.287684,-0.000078, 1.000000;;
                          }
                          Frame Armature_index_03_r {
                            FrameTransformMatrix {
                               0.666915, 0.744998, 0.014205, 0.000000,
                              -0.744829, 0.667067,-0.015867, 0.000000,
                              -0.021296, 0.000002, 0.999773, 0.000000,
                               0.000118, 3.393801,-0.000015, 1.000000;;
                            }
                          } // End of Armature_index_03_r
                        } // End of Armature_index_02_r
                      } // End of Armature_index_01_r
                      Frame Armature_middle_01_r {
                        FrameTransformMatrix {
                           0.441930, 0.896672,-0.026033, 0.000000,
                          -0.895749, 0.439541,-0.066612, 0.000000,
                          -0.048286, 0.052757, 0.997439, 0.000000,
                          -1.293770,12.244121,-0.571124, 1.000000;;
                        }
                        Frame Armature_middle_02_r {
                          FrameTransformMatrix {
                             0.178866, 0.979905, 0.088287, 0.000000,
                            -0.981563, 0.171579, 0.084234, 0.000000,
                             0.067393,-0.101725, 0.992527, 0.000000,
                            -0.000152, 4.640575, 0.000008, 1.000000;;
                          }
                          Frame Armature_middle_03_r {
                            FrameTransformMatrix {
                               0.131022, 0.991379, 0.000429, 0.000000,
                              -0.991374, 0.131023,-0.003246, 0.000000,
                              -0.003274, 0.000000, 0.999995, 0.000000,
                              -0.000002, 3.648921,-0.000003, 1.000000;;
                            }
                          } // End of Armature_middle_03_r
                        } // End of Armature_middle_02_r
                      } // End of Armature_middle_01_r
                      Frame Armature_pinky_01_r {
                        FrameTransformMatrix {
                           0.827082, 0.473667,-0.302614, 0.000000,
                          -0.535493, 0.827640,-0.168105, 0.000000,
                           0.170830, 0.301084, 0.938171, 0.000000,
                          -2.263401,10.140598,-4.643085, 1.000000;;
                        }
                        Frame Armature_pinky_02_r {
                          FrameTransformMatrix {
                             0.135751, 0.989590, 0.047784, 0.000000,
                            -0.990284, 0.136998,-0.023855, 0.000000,
                            -0.030153,-0.044081, 0.998573, 0.000000,
                             0.000022, 3.571063, 0.000009, 1.000000;;
                          }
                          Frame Armature_pinky_03_r {
                            FrameTransformMatrix {
                              -0.138518, 0.990359,-0.000984, 0.000000,
                              -0.990334,-0.138522,-0.007042, 0.000000,
                              -0.007111,-0.000001, 0.999975, 0.000000,
                               0.000312, 2.985488,-0.000046, 1.000000;;
                            }
                          } // End of Armature_pinky_03_r
                        } // End of Armature_pinky_02_r
                      } // End of Armature_pinky_01_r
                      Frame Armature_ring_01_r {
                        FrameTransformMatrix {
                           0.488693, 0.835028,-0.252801, 0.000000,
                          -0.863051, 0.505116, 0.000075, 0.000000,
                           0.127756, 0.218143, 0.967518, 0.000000,
                          -1.753800,11.497982,-2.846907, 1.000000;;
                        }
                        Frame Armature_ring_02_r {
                          FrameTransformMatrix {
                            -0.098081, 0.994968, 0.020482, 0.000000,
                            -0.995158,-0.097925,-0.008493, 0.000000,
                            -0.006445,-0.021216, 0.999754, 0.000000,
                            -0.000014, 4.429867, 0.000007, 1.000000;;
                          }
                          Frame Armature_ring_03_r {
                            FrameTransformMatrix {
                               0.264064, 0.964505,-0.000106, 0.000000,
                              -0.964505, 0.264064, 0.000406, 0.000000,
                               0.000420,-0.000005, 1.000000, 0.000000,
                               0.000072, 3.476578,-0.000008, 1.000000;;
                            }
                          } // End of Armature_ring_03_r
                        } // End of Armature_ring_02_r
                      } // End of Armature_ring_01_r
                      Frame Armature_thumb_01_r {
                        FrameTransformMatrix {
                           0.166767,-0.399673, 0.901360, 0.000000,
                          -0.684861, 0.610703, 0.397503, 0.000000,
                          -0.709334,-0.683596,-0.171876, 0.000000,
                          -2.375131, 4.762127, 2.537807, 1.000000;;
                        }
                        Frame Armature_thumb_02_r {
                          FrameTransformMatrix {
                             0.809495, 0.587037, 0.010215, 0.000000,
                            -0.587123, 0.809316, 0.017119, 0.000000,
                             0.001782,-0.019855, 0.999801, 0.000000,
                             0.000111, 3.869564, 0.000037, 1.000000;;
                          }
                          Frame Armature_thumb_03_r {
                            FrameTransformMatrix {
                               0.696233, 0.717189, 0.029995, 0.000000,
                              -0.716524, 0.696879,-0.030866, 0.000000,
                              -0.043040,-0.000002, 0.999073, 0.000000,
                              -0.000003, 4.062179, 0.000010, 1.000000;;
                            }
                          } // End of Armature_thumb_03_r
                        } // End of Armature_thumb_02_r
                      } // End of Armature_thumb_01_r
                      Frame Armature_weapon_r {
                        FrameTransformMatrix {
                          -0.005470,-0.000002,-0.999985, 0.000000,
                          -0.000001,-1.000000, 0.000002, 0.000000,
                          -0.999985, 0.000001, 0.005470, 0.000000,
                          -4.666998,11.309013,-1.093001, 1.000000;;
                        }
                      } // End of Armature_weapon_r
                    } // End of Armature_hand_r
                    Frame Armature_lowerarm_twist_01_r {
                      FrameTransformMatrix {
                         0.961470, 0.000000,-0.274910, 0.000000,
                        -0.000000, 1.000000,-0.000000, 0.000000,
                         0.274910, 0.000000, 0.961470, 0.000000,
                         0.000033,14.000001,-0.000017, 1.000000;;
                      }
                    } // End of Armature_lowerarm_twist_01_r
                  } // End of Armature_lowerarm_r
                  Frame Armature_upperarm_twist_01_r {
                    FrameTransformMatrix {
                       0.986991,-0.000000,-0.160776, 0.000000,
                       0.000000, 1.000000,-0.000000, 0.000000,
                       0.160776, 0.000000, 0.986991, 0.000000,
                       0.000005, 0.499999, 0.000008, 1.000000;;
                    }
                  } // End of Armature_upperarm_twist_01_r
                } // End of Armature_upperarm_r
              } // End of Armature_clavicle_r
              Frame Armature_neck_01 {
                FrameTransformMatrix {
                   0.932828,-0.210093,-0.292733, 0.000000,
                   0.276137, 0.938734, 0.206219, 0.000000,
                   0.231474,-0.273201, 0.933692, 0.000000,
                  -0.355315,16.558781, 0.000004, 1.000000;;
                }
                Frame Armature_head {
                  FrameTransformMatrix {
                     0.583910,-0.551528,-0.595706, 0.000000,
                     0.652700, 0.755277,-0.059490, 0.000000,
                     0.482734,-0.354080, 0.800996, 0.000000,
                     0.364147, 9.283612, 0.000004, 1.000000;;
                  }
                } // End of Armature_head
              } // End of Armature_neck_01
            } // End of Armature_spine_03
          } // End of Armature_spine_02
        } // End of Armature_spine_01
        Frame Armature_sword_holder {
          FrameTransformMatrix {
            -0.909313, 0.370363, 0.189679, 0.000000,
            -0.355306,-0.928335, 0.109324, 0.000000,
             0.216575, 0.032016, 0.975741, 0.000000,
            13.979985,19.493010,16.301006, 1.000000;;
          }
        } // End of Armature_sword_holder
        Frame Armature_thigh_l {
          FrameTransformMatrix {
            -0.439565,-0.193052,-0.877219, 0.000000,
            -0.892702, 0.201893, 0.402892, 0.000000,
             0.099325, 0.960193,-0.261083, 0.000000,
            -1.448844, 0.531427, 9.005811, 1.000000;;
          }
          Frame Armature_calf_l {
            FrameTransformMatrix {
              -0.637193,-0.757710, 0.140924, 0.000000,
               0.751474,-0.651411,-0.104646, 0.000000,
               0.171091, 0.039221, 0.984474, 0.000000,
              -0.342951,42.406734, 0.050101, 1.000000;;
            }
            Frame Armature_calf_twist_01_l {
              FrameTransformMatrix {
                 0.999577,-0.015325,-0.024709, 0.000000,
                 0.015235, 0.999876,-0.003824, 0.000000,
                 0.024764, 0.003446, 0.999687, 0.000000,
                 0.000012,20.476778,-0.000002, 1.000000;;
              }
            } // End of Armature_calf_twist_01_l
            Frame Armature_foot_l {
              FrameTransformMatrix {
                -0.353466,-0.861858, 0.363679, 0.000000,
                -0.892965, 0.426700, 0.143319, 0.000000,
                -0.278702,-0.274094,-0.920433, 0.000000,
                 0.000552,40.196442,-0.000518, 1.000000;;
              }
              Frame Armature_ball_l {
                FrameTransformMatrix {
                   0.024636, 0.999696, 0.000150, 0.000000,
                  -0.999696, 0.024636, 0.000076, 0.000000,
                   0.000072,-0.000151, 1.000000, 0.000000,
                  -10.453830,16.577860,-0.080158, 1.000000;;
                }
              } // End of Armature_ball_l
            } // End of Armature_foot_l
          } // End of Armature_calf_l
          Frame Armature_thigh_twist_01_l {
            FrameTransformMatrix {
               0.307941,-0.000306,-0.951405, 0.000000,
               0.000983, 1.000000,-0.000004, 0.000000,
               0.951405,-0.000935, 0.307941, 0.000000,
               0.000001,22.094236, 0.000001, 1.000000;;
            }
          } // End of Armature_thigh_twist_01_l
        } // End of Armature_thigh_l
        Frame Armature_thigh_r {
          FrameTransformMatrix {
             0.464920, 0.868084, 0.174013, 0.000000,
            -0.852134, 0.492081,-0.178111, 0.000000,
            -0.240243,-0.065475, 0.968502, 0.000000,
            -1.448655, 0.531433,-9.005805, 1.000000;;
          }
          Frame Armature_calf_r {
            FrameTransformMatrix {
               0.287791, 0.957592,-0.013945, 0.000000,
              -0.952566, 0.284715,-0.107500, 0.000000,
              -0.098971, 0.044221, 0.994107, 0.000000,
               0.123659,42.357101, 0.019941, 1.000000;;
            }
            Frame Armature_calf_twist_01_r {
              FrameTransformMatrix {
                 0.998897, 0.015050,-0.044472, 0.000000,
                -0.015235, 0.999877,-0.003825, 0.000000,
                 0.044409, 0.004498, 0.999003, 0.000000,
                 0.000008,20.476910,-0.000003, 1.000000;;
              }
            } // End of Armature_calf_twist_01_r
            Frame Armature_foot_r {
              FrameTransformMatrix {
                -0.302882, 0.949231,-0.084982, 0.000000,
                 0.952528, 0.304406, 0.005265, 0.000000,
                 0.030867,-0.079353,-0.996369, 0.000000,
                -0.000521,40.196712,-0.000179, 1.000000;;
              }
              Frame Armature_ball_r {
                FrameTransformMatrix {
                  -0.002068,-0.999998,-0.000153, 0.000000,
                   0.999998,-0.002068, 0.000076, 0.000000,
                  -0.000076,-0.000153, 1.000000, 0.000000,
                  10.453810,16.577793,-0.080132, 1.000000;;
                }
              } // End of Armature_ball_r
            } // End of Armature_foot_r
          } // End of Armature_calf_r
          Frame Armature_thigh_twist_01_r {
            FrameTransformMatrix {
               0.989282, 0.000972,-0.146010, 0.000000,
              -0.000983, 0.999999,-0.000003, 0.000000,
               0.146010, 0.000146, 0.989283, 0.000000,
              -0.000001,22.094244, 0.000002, 1.000000;;
            }
          } // End of Armature_thigh_twist_01_r
        } // End of Armature_thigh_r
      } // End of Armature_pelvis
    } // End of Armature_root
  } // End of Armature
} // End of Root
AnimationSet Global {
  Animation {
    {Armature}
    AnimationKey { // Rotation
      0;
      35;
      0;4;-0.707107, 0.707107, 0.000000, 0.000000;;,
      1;4;-0.707107, 0.707107, 0.000000, 0.000000;;,
      2;4;-0.707107, 0.707107, 0.000000, 0.000000;;,
      3;4;-0.707107, 0.707107, 0.000000, 0.000000;;,
      4;4;-0.707107, 0.707107, 0.000000, 0.000000;;,
      5;4;-0.707107, 0.707107, 0.000000, 0.000000;;,
      6;4;-0.707107, 0.707107, 0.000000, 0.000000;;,
      7;4;-0.707107, 0.707107, 0.000000, 0.000000;;,
      8;4;-0.707107, 0.707107, 0.000000, 0.000000;;,
      9;4;-0.707107, 0.707107, 0.000000, 0.000000;;,
      10;4;-0.707107, 0.707107, 0.000000, 0.000000;;,
      11;4;-0.707107, 0.707107, 0.000000, 0.000000;;,
      12;4;-0.707107, 0.707107, 0.000000, 0.000000;;,
      13;4;-0.707107, 0.707107, 0.000000, 0.000000;;,
      14;4;-0.707107, 0.707107, 0.000000, 0.000000;;,
      15;4;-0.707107, 0.707107, 0.000000, 0.000000;;,
      16;4;-0.707107, 0.707107, 0.000000, 0.000000;;,
      17;4;-0.707107, 0.707107, 0.000000, 0.000000;;,
      18;4;-0.707107, 0.707107, 0.000000, 0.000000;;,
      19;4;-0.707107, 0.707107, 0.000000, 0.000000;;,
      20;4;-0.707107, 0.707107, 0.000000, 0.000000;;,
      21;4;-0.707107, 0.707107, 0.000000, 0.000000;;,
      22;4;-0.707107, 0.707107, 0.000000, 0.000000;;,
      23;4;-0.707107, 0.707107, 0.000000, 0.000000;;,
      24;4;-0.707107, 0.707107, 0.000000, 0.000000;;,
      25;4;-0.707107, 0.707107, 0.000000, 0.000000;;,
      26;4;-0.707107, 0.707107, 0.000000, 0.000000;;,
      27;4;-0.707107, 0.707107, 0.000000, 0.000000;;,
      28;4;-0.707107, 0.707107, 0.000000, 0.000000;;,
      29;4;-0.707107, 0.707107, 0.000000, 0.000000;;,
      30;4;-0.707107, 0.707107, 0.000000, 0.000000;;,
      31;4;-0.707107, 0.707107, 0.000000, 0.000000;;,
      32;4;-0.707107, 0.707107, 0.000000, 0.000000;;,
      33;4;-0.707107, 0.707107, 0.000000, 0.000000;;,
      34;4;-0.707107, 0.707107, 0.000000, 0.000000;;;
    }
    AnimationKey { // Scale
      1;
      35;
      0;3; 0.010000, 0.010000, 0.010000;;,
      1;3; 0.010000, 0.010000, 0.010000;;,
      2;3; 0.010000, 0.010000, 0.010000;;,
      3;3; 0.010000, 0.010000, 0.010000;;,
      4;3; 0.010000, 0.010000, 0.010000;;,
      5;3; 0.010000, 0.010000, 0.010000;;,
      6;3; 0.010000, 0.010000, 0.010000;;,
      7;3; 0.010000, 0.010000, 0.010000;;,
      8;3; 0.010000, 0.010000, 0.010000;;,
      9;3; 0.010000, 0.010000, 0.010000;;,
      10;3; 0.010000, 0.010000, 0.010000;;,
      11;3; 0.010000, 0.010000, 0.010000;;,
      12;3; 0.010000, 0.010000, 0.010000;;,
      13;3; 0.010000, 0.010000, 0.010000;;,
      14;3; 0.010000, 0.010000, 0.010000;;,
      15;3; 0.010000, 0.010000, 0.010000;;,
      16;3; 0.010000, 0.010000, 0.010000;;,
      17;3; 0.010000, 0.010000, 0.010000;;,
      18;3; 0.010000, 0.010000, 0.010000;;,
      19;3; 0.010000, 0.010000, 0.010000;;,
      20;3; 0.010000, 0.010000, 0.010000;;,
      21;3; 0.010000, 0.010000, 0.010000;;,
      22;3; 0.010000, 0.010000, 0.010000;;,
      23;3; 0.010000, 0.010000, 0.010000;;,
      24;3; 0.010000, 0.010000, 0.010000;;,
      25;3; 0.010000, 0.010000, 0.010000;;,
      26;3; 0.010000, 0.010000, 0.010000;;,
      27;3; 0.010000, 0.010000, 0.010000;;,
      28;3; 0.010000, 0.010000, 0.010000;;,
      29;3; 0.010000, 0.010000, 0.010000;;,
      30;3; 0.010000, 0.010000, 0.010000;;,
      31;3; 0.010000, 0.010000, 0.010000;;,
      32;3; 0.010000, 0.010000, 0.010000;;,
      33;3; 0.010000, 0.010000, 0.010000;;,
      34;3; 0.010000, 0.010000, 0.010000;;;
    }
    AnimationKey { // Position
      2;
      35;
      0;3; 0.000000, 0.000000, 0.000000;;,
      1;3; 0.000000, 0.000000, 0.000000;;,
      2;3; 0.000000, 0.000000, 0.000000;;,
      3;3; 0.000000, 0.000000, 0.000000;;,
      4;3; 0.000000, 0.000000, 0.000000;;,
      5;3; 0.000000, 0.000000, 0.000000;;,
      6;3; 0.000000, 0.000000, 0.000000;;,
      7;3; 0.000000, 0.000000, 0.000000;;,
      8;3; 0.000000, 0.000000, 0.000000;;,
      9;3; 0.000000, 0.000000, 0.000000;;,
      10;3; 0.000000, 0.000000, 0.000000;;,
      11;3; 0.000000, 0.000000, 0.000000;;,
      12;3; 0.000000, 0.000000, 0.000000;;,
      13;3; 0.000000, 0.000000, 0.000000;;,
      14;3; 0.000000, 0.000000, 0.000000;;,
      15;3; 0.000000, 0.000000, 0.000000;;,
      16;3; 0.000000, 0.000000, 0.000000;;,
      17;3; 0.000000, 0.000000, 0.000000;;,
      18;3; 0.000000, 0.000000, 0.000000;;,
      19;3; 0.000000, 0.000000, 0.000000;;,
      20;3; 0.000000, 0.000000, 0.000000;;,
      21;3; 0.000000, 0.000000, 0.000000;;,
      22;3; 0.000000, 0.000000, 0.000000;;,
      23;3; 0.000000, 0.000000, 0.000000;;,
      24;3; 0.000000, 0.000000, 0.000000;;,
      25;3; 0.000000, 0.000000, 0.000000;;,
      26;3; 0.000000, 0.000000, 0.000000;;,
      27;3; 0.000000, 0.000000, 0.000000;;,
      28;3; 0.000000, 0.000000, 0.000000;;,
      29;3; 0.000000, 0.000000, 0.000000;;,
      30;3; 0.000000, 0.000000, 0.000000;;,
      31;3; 0.000000, 0.000000, 0.000000;;,
      32;3; 0.000000, 0.000000, 0.000000;;,
      33;3; 0.000000, 0.000000, 0.000000;;,
      34;3; 0.000000, 0.000000, 0.000000;;;
    }
  }
  Animation {
    {Armature_root}
    AnimationKey { // Rotation
      0;
      35;
      0;4;-1.000000,-0.000000, 0.000000, 0.000000;;,
      1;4;-1.000000,-0.000000, 0.000000, 0.000000;;,
      2;4;-1.000000,-0.000000, 0.000000, 0.000000;;,
      3;4;-1.000000,-0.000000, 0.000000, 0.000000;;,
      4;4;-1.000000,-0.000000, 0.000000, 0.000000;;,
      5;4;-1.000000,-0.000000, 0.000000, 0.000000;;,
      6;4;-1.000000,-0.000000, 0.000000, 0.000000;;,
      7;4;-1.000000,-0.000000, 0.000000, 0.000000;;,
      8;4;-1.000000,-0.000000, 0.000000, 0.000000;;,
      9;4;-1.000000,-0.000000, 0.000000, 0.000000;;,
      10;4;-1.000000,-0.000000, 0.000000, 0.000000;;,
      11;4;-1.000000,-0.000000, 0.000000, 0.000000;;,
      12;4;-1.000000,-0.000000, 0.000000, 0.000000;;,
      13;4;-1.000000,-0.000000, 0.000000, 0.000000;;,
      14;4;-1.000000,-0.000000, 0.000000, 0.000000;;,
      15;4;-1.000000,-0.000000, 0.000000, 0.000000;;,
      16;4;-1.000000,-0.000000, 0.000000, 0.000000;;,
      17;4;-1.000000,-0.000000, 0.000000, 0.000000;;,
      18;4;-1.000000,-0.000000, 0.000000, 0.000000;;,
      19;4;-1.000000,-0.000000, 0.000000, 0.000000;;,
      20;4;-1.000000,-0.000000, 0.000000, 0.000000;;,
      21;4;-1.000000,-0.000000, 0.000000, 0.000000;;,
      22;4;-1.000000,-0.000000, 0.000000, 0.000000;;,
      23;4;-1.000000,-0.000000, 0.000000, 0.000000;;,
      24;4;-1.000000,-0.000000, 0.000000, 0.000000;;,
      25;4;-1.000000,-0.000000, 0.000000, 0.000000;;,
      26;4;-1.000000,-0.000000, 0.000000, 0.000000;;,
      27;4;-1.000000,-0.000000, 0.000000, 0.000000;;,
      28;4;-1.000000,-0.000000, 0.000000, 0.000000;;,
      29;4;-1.000000,-0.000000, 0.000000, 0.000000;;,
      30;4;-1.000000,-0.000000, 0.000000, 0.000000;;,
      31;4;-1.000000,-0.000000, 0.000000, 0.000000;;,
      32;4;-1.000000,-0.000000, 0.000000, 0.000000;;,
      33;4;-1.000000,-0.000000, 0.000000, 0.000000;;,
      34;4;-1.000000,-0.000000, 0.000000, 0.000000;;;
    }
    AnimationKey { // Scale
      1;
      35;
      0;3; 1.000000, 1.000000, 1.000000;;,
      1;3; 1.000000, 1.000000, 1.000000;;,
      2;3; 1.000000, 1.000000, 1.000000;;,
      3;3; 1.000000, 1.000000, 1.000000;;,
      4;3; 1.000000, 1.000000, 1.000000;;,
      5;3; 1.000000, 1.000000, 1.000000;;,
      6;3; 1.000000, 1.000000, 1.000000;;,
      7;3; 1.000000, 1.000000, 1.000000;;,
      8;3; 1.000000, 1.000000, 1.000000;;,
      9;3; 1.000000, 1.000000, 1.000000;;,
      10;3; 1.000000, 1.000000, 1.000000;;,
      11;3; 1.000000, 1.000000, 1.000000;;,
      12;3; 1.000000, 1.000000, 1.000000;;,
      13;3; 1.000000, 1.000000, 1.000000;;,
      14;3; 1.000000, 1.000000, 1.000000;;,
      15;3; 1.000000, 1.000000, 1.000000;;,
      16;3; 1.000000, 1.000000, 1.000000;;,
      17;3; 1.000000, 1.000000, 1.000000;;,
      18;3; 1.000000, 1.000000, 1.000000;;,
      19;3; 1.000000, 1.000000, 1.000000;;,
      20;3; 1.000000, 1.000000, 1.000000;;,
      21;3; 1.000000, 1.000000, 1.000000;;,
      22;3; 1.000000, 1.000000, 1.000000;;,
      23;3; 1.000000, 1.000000, 1.000000;;,
      24;3; 1.000000, 1.000000, 1.000000;;,
      25;3; 1.000000, 1.000000, 1.000000;;,
      26;3; 1.000000, 1.000000, 1.000000;;,
      27;3; 1.000000, 1.000000, 1.000000;;,
      28;3; 1.000000, 1.000000, 1.000000;;,
      29;3; 1.000000, 1.000000, 1.000000;;,
      30;3; 1.000000, 1.000000, 1.000000;;,
      31;3; 1.000000, 1.000000, 1.000000;;,
      32;3; 1.000000, 1.000000, 1.000000;;,
      33;3; 1.000000, 1.000000, 1.000000;;,
      34;3; 1.000000, 1.000000, 1.000000;;;
    }
    AnimationKey { // Position
      2;
      35;
      0;3; 0.000000, 0.000000, 0.000000;;,
      1;3; 0.000000, 0.000000, 0.000000;;,
      2;3; 0.000000, 0.000000, 0.000000;;,
      3;3; 0.000000, 0.000000, 0.000000;;,
      4;3; 0.000000, 0.000000, 0.000000;;,
      5;3; 0.000000, 0.000000, 0.000000;;,
      6;3; 0.000000, 0.000000, 0.000000;;,
      7;3; 0.000000, 0.000000, 0.000000;;,
      8;3; 0.000000, 0.000000, 0.000000;;,
      9;3; 0.000000, 0.000000, 0.000000;;,
      10;3; 0.000000, 0.000000, 0.000000;;,
      11;3; 0.000000, 0.000000, 0.000000;;,
      12;3; 0.000000, 0.000000, 0.000000;;,
      13;3; 0.000000, 0.000000, 0.000000;;,
      14;3; 0.000000, 0.000000, 0.000000;;,
      15;3; 0.000000, 0.000000, 0.000000;;,
      16;3; 0.000000, 0.000000, 0.000000;;,
      17;3; 0.000000, 0.000000, 0.000000;;,
      18;3; 0.000000, 0.000000, 0.000000;;,
      19;3; 0.000000, 0.000000, 0.000000;;,
      20;3; 0.000000, 0.000000, 0.000000;;,
      21;3; 0.000000, 0.000000, 0.000000;;,
      22;3; 0.000000, 0.000000, 0.000000;;,
      23;3; 0.000000, 0.000000, 0.000000;;,
      24;3; 0.000000, 0.000000, 0.000000;;,
      25;3; 0.000000, 0.000000, 0.000000;;,
      26;3; 0.000000, 0.000000, 0.000000;;,
      27;3; 0.000000, 0.000000, 0.000000;;,
      28;3; 0.000000, 0.000000, 0.000000;;,
      29;3; 0.000000, 0.000000, 0.000000;;,
      30;3; 0.000000, 0.000000, 0.000000;;,
      31;3; 0.000000, 0.000000, 0.000000;;,
      32;3; 0.000000, 0.000000, 0.000000;;,
      33;3; 0.000000, 0.000000, 0.000000;;,
      34;3; 0.000000, 0.000000, 0.000000;;;
    }
  }
  Animation {
    {Armature_pelvis}
    AnimationKey { // Rotation
      0;
      35;
      0;4;-0.572366, 0.300273, 0.232253, 0.726837;;,
