xof 0303txt 0032

template XSkinMeshHeader {
  <3cf169ce-ff7c-44ab-93c0-f78f62d172e2>
  WORD nMaxSkinWeightsPerVertex;
  WORD nMaxSkinWeightsPerFace;
  WORD nBones;
}

template SkinWeights {
  <6f0d123b-bad2-4167-a0d0-80224f25fabb>
  STRING transformNodeName;
  DWORD nWeights;
  array DWORD vertexIndices[nWeights];
  array float weights[nWeights];
  Matrix4x4 matrixOffset;
}

Frame Root {
  FrameTransformMatrix {
     1.000000, 0.000000, 0.000000, 0.000000,
     0.000000,-0.000000, 1.000000, 0.000000,
     0.000000, 1.000000, 0.000000, 0.000000,
     0.000000, 0.000000, 0.000000, 1.000000;;
  }
  Frame Armature {
    FrameTransformMatrix {
       0.010000, 0.000000, 0.000000, 0.000000,
       0.000000,-0.000000, 0.010000, 0.000000,
       0.000000,-0.010000,-0.000000, 0.000000,
       0.000000, 0.000000, 0.000000, 1.000000;;
    }
    Frame Armature_root {
      FrameTransformMatrix {
         1.000000, 0.000000, 0.000000, 0.000000,
         0.000000, 1.000000, 0.000000, 0.000000,
         0.000000, 0.000000, 1.000000, 0.000000,
         0.000000, 0.000006, 0.000000, 1.000000;;
      }
      Frame Armature_ik_foot_root {
        FrameTransformMatrix {
           0.000000,-0.000000,-1.000000, 0.000000,
           1.000000, 0.000000, 0.000000, 0.000000,
           0.000000,-1.000000, 0.000000, 0.000000,
           0.000000, 0.000000, 0.000000, 1.000000;;
        }
        Frame Armature_ik_foot_l {
          FrameTransformMatrix {
             0.999718, 0.021597,-0.009815, 0.000000,
            -0.009442,-0.017277,-0.999806, 0.000000,
            -0.021762, 0.999617,-0.017069, 0.000000,
            -13.938224,27.509605,-13.510491, 1.000000;;
          }
        } // End of Armature_ik_foot_l
        Frame Armature_ik_foot_r {
          FrameTransformMatrix {
            -0.268842,-0.963108, 0.012133, 0.000000,
             0.011839, 0.009291, 0.999887, 0.000000,
            -0.963112, 0.268955, 0.008904, 0.000000,
            30.856890,-11.095984,-13.472908, 1.000000;;
          }
        } // End of Armature_ik_foot_r
      } // End of Armature_ik_foot_root
      Frame Armature_ik_hand_root {
        FrameTransformMatrix {
           1.000000, 0.000000, 0.000000, 0.000000,
           0.000000, 1.000000, 0.000000, 0.000000,
           0.000000, 0.000000, 1.000000, 0.000000,
           0.000000, 0.000000, 0.000000, 1.000000;;
        }
        Frame Armature_ik_hand_gun {
          FrameTransformMatrix {
             0.511602, 0.801820, 0.308785, 0.000000,
             0.669965,-0.597272, 0.440923, 0.000000,
             0.537970,-0.018702,-0.842757, 0.000000,
            -34.287086,98.346413,-26.946102, 1.000000;;
          }
          Frame Armature_ik_hand_l {
            FrameTransformMatrix {
              -0.273185, 0.537615,-0.797709, 0.000000,
               0.857577,-0.239579,-0.455152, 0.000000,
              -0.435811,-0.808438,-0.395597, 0.000000,
              55.095951,68.736053,-22.066422, 1.000000;;
            }
          } // End of Armature_ik_hand_l
          Frame Armature_ik_hand_r {
            FrameTransformMatrix {
               1.000000, 0.000001,-0.000000, 0.000000,
              -0.000001, 1.000000,-0.000001, 0.000000,
               0.000000, 0.000001, 1.000000, 0.000000,
               0.000030,-0.000026, 0.000026, 1.000000;;
            }
          } // End of Armature_ik_hand_r
        } // End of Armature_ik_hand_gun
      } // End of Armature_ik_hand_root
      Frame Armature_pelvis {
        FrameTransformMatrix {
           0.261034, 0.954762,-0.142445, 0.000000,
          -0.921620, 0.290386, 0.257471, 0.000000,
           0.287188, 0.064071, 0.955729, 0.000000,
          -1.519589,91.823723,-2.146638, 1.000000;;
        }
        Frame Armature_spine_01 {
          FrameTransformMatrix {
             0.131613,-0.988102,-0.079578, 0.000000,
             0.991058, 0.132934,-0.011511, 0.000000,
             0.021952,-0.077352, 0.996762, 0.000000,
            10.808878, 0.851418, 0.000006, 1.000000;;
          }
          Frame Armature_spine_02 {
            FrameTransformMatrix {
               0.965086, 0.248656,-0.082335, 0.000000,
              -0.250787, 0.967902,-0.016474, 0.000000,
               0.075596, 0.036547, 0.996468, 0.000000,
               3.790201,18.803078, 0.347444, 1.000000;;
            }
            Frame Armature_spine_03 {
              FrameTransformMatrix {
                 0.993129, 0.085519,-0.079883, 0.000000,
                -0.083328, 0.996059, 0.030372, 0.000000,
                 0.082166,-0.023507, 0.996342, 0.000000,
                 0.414643,13.412320, 0.071190, 1.000000;;
              }
              Frame Armature_clavicle_l {
                FrameTransformMatrix {
                   0.889723, 0.146061,-0.432503, 0.000000,
                   0.445145,-0.067588, 0.892904, 0.000000,
                   0.101187,-0.986964,-0.125153, 0.000000,
                  -2.732090,11.883696, 3.781985, 1.000000;;
                }
                Frame Armature_upperarm_l {
                  FrameTransformMatrix {
                     0.887871, 0.367633, 0.276643, 0.000000,
                    -0.442159, 0.515554, 0.733962, 0.000000,
                     0.127205,-0.773983, 0.620297, 0.000000,
                    -0.000001,15.784863, 0.000003, 1.000000;;
                  }
                  Frame Armature_lowerarm_l {
                    FrameTransformMatrix {
                       0.940005, 0.340816,-0.015321, 0.000000,
                      -0.340064, 0.939636, 0.037961, 0.000000,
                       0.027334,-0.030474, 0.999162, 0.000000,
                      -0.000003,30.339935, 0.000006, 1.000000;;
                    }
                    Frame Armature_hand_l {
                      FrameTransformMatrix {
                         0.402300, 0.280194, 0.871577, 0.000000,
                        -0.344580, 0.928350,-0.139395, 0.000000,
                        -0.848186,-0.244249, 0.470025, 0.000000,
                        -0.000006,26.975153,-0.000001, 1.000000;;
                      }
                      Frame Armature_index_01_l {
                        FrameTransformMatrix {
                           0.904714,-0.325777,-0.274522, 0.000000,
                           0.345415, 0.938115, 0.025084, 0.000000,
                           0.249361,-0.117518, 0.961254, 0.000000,
                           1.763459,12.068117, 2.109399, 1.000000;;
                        }
                        Frame Armature_index_02_l {
                          FrameTransformMatrix {
                             0.889362,-0.454105,-0.053138, 0.000000,
                             0.457114, 0.885462, 0.083687, 0.000000,
                             0.009049,-0.098718, 0.995074, 0.000000,
                             0.000012, 4.287501,-0.000002, 1.000000;;
                          }
                          Frame Armature_index_03_l {
                            FrameTransformMatrix {
                               0.978684,-0.204292,-0.021038, 0.000000,
                               0.204256, 0.978910,-0.003875, 0.000000,
                               0.021386,-0.000505, 0.999771, 0.000000,
                               0.000002, 3.393804, 0.000001, 1.000000;;
                            }
                          } // End of Armature_index_03_l
                        } // End of Armature_index_02_l
                      } // End of Armature_index_01_l
                      Frame Armature_middle_01_l {
                        FrameTransformMatrix {
                           0.810604,-0.585550, 0.007171, 0.000000,
                           0.576343, 0.795571,-0.186803, 0.000000,
                           0.103677, 0.155556, 0.982371, 0.000000,
                           1.293639,12.244288,-0.571163, 1.000000;;
                        }
                        Frame Armature_middle_02_l {
                          FrameTransformMatrix {
                             0.814806,-0.579734, 0.000325, 0.000000,
                             0.577161, 0.811243, 0.093649, 0.000000,
                            -0.054555,-0.076118, 0.995605, 0.000000,
                             0.000005, 4.640381,-0.000000, 1.000000;;
                          }
                          Frame Armature_middle_03_l {
                            FrameTransformMatrix {
                               0.970027,-0.242990,-0.001857, 0.000000,
                               0.242983, 0.970025,-0.003359, 0.000000,
                               0.002618, 0.002807, 0.999993, 0.000000,
                              -0.000000, 3.648859,-0.000000, 1.000000;;
                            }
                          } // End of Armature_middle_03_l
                        } // End of Armature_middle_02_l
                      } // End of Armature_middle_01_l
                      Frame Armature_pinky_01_l {
                        FrameTransformMatrix {
                           0.651675,-0.631090, 0.420768, 0.000000,
                           0.747635, 0.627995,-0.216019, 0.000000,
                          -0.127913, 0.455355, 0.881073, 0.000000,
                           2.263148,10.140676,-4.643152, 1.000000;;
                        }
                        Frame Armature_pinky_02_l {
                          FrameTransformMatrix {
                             0.683290,-0.729326,-0.034610, 0.000000,
                             0.729057, 0.684092,-0.022216, 0.000000,
                             0.039879,-0.010053, 0.999154, 0.000000,
                             0.000000, 3.570983,-0.000000, 1.000000;;
                          }
                          Frame Armature_pinky_03_l {
                            FrameTransformMatrix {
                               0.855149,-0.518326,-0.007601, 0.000000,
                               0.518330, 0.855179,-0.001703, 0.000000,
                               0.007383,-0.002483, 0.999970, 0.000000,
                              -0.000002, 2.985627, 0.000003, 1.000000;;
                            }
                          } // End of Armature_pinky_03_l
                        } // End of Armature_pinky_02_l
                      } // End of Armature_pinky_01_l
                      Frame Armature_ring_01_l {
                        FrameTransformMatrix {
                           0.650696,-0.684257, 0.329221, 0.000000,
                           0.752316, 0.639762,-0.157242, 0.000000,
                          -0.103029, 0.349995, 0.931068, 0.000000,
                           1.753516,11.497896,-2.846913, 1.000000;;
                        }
                        Frame Armature_ring_02_l {
                          FrameTransformMatrix {
                             0.946588,-0.322241,-0.011479, 0.000000,
                             0.322301, 0.946630, 0.003716, 0.000000,
                             0.009669,-0.007217, 0.999927, 0.000000,
                             0.000007, 4.430178, 0.000001, 1.000000;;
                          }
                          Frame Armature_ring_03_l {
                            FrameTransformMatrix {
                               0.982278,-0.187427,-0.000357, 0.000000,
                               0.187427, 0.982277, 0.001860, 0.000000,
                               0.000002,-0.001894, 0.999998, 0.000000,
                               0.000002, 3.476646, 0.000002, 1.000000;;
                            }
                          } // End of Armature_ring_03_l
                        } // End of Armature_ring_02_l
                      } // End of Armature_ring_01_l
                      Frame Armature_thumb_01_l {
                        FrameTransformMatrix {
                          -0.049884, 0.340784,-0.938818, 0.000000,
                           0.696398, 0.685663, 0.211888, 0.000000,
                           0.715920,-0.643221,-0.271524, 0.000000,
                           2.374975, 4.762043, 2.537820, 1.000000;;
                        }
                        Frame Armature_thumb_02_l {
                          FrameTransformMatrix {
                             0.994917,-0.094572,-0.034578, 0.000000,
                             0.097443, 0.990808, 0.093837, 0.000000,
                             0.025386,-0.096729, 0.994987, 0.000000,
                             0.000004, 3.869683, 0.000002, 1.000000;;
                          }
                          Frame Armature_thumb_03_l {
                            FrameTransformMatrix {
                               0.993104,-0.092366,-0.072195, 0.000000,
                               0.099652, 0.989482, 0.104857, 0.000000,
                               0.061750,-0.111328, 0.991863, 0.000000,
                              -0.000001, 4.062184, 0.000004, 1.000000;;
                            }
                          } // End of Armature_thumb_03_l
                        } // End of Armature_thumb_02_l
                      } // End of Armature_thumb_01_l
                    } // End of Armature_hand_l
                    Frame Armature_lowerarm_twist_01_l {
                      FrameTransformMatrix {
                         0.976179,-0.000000,-0.216966, 0.000000,
                         0.000000, 1.000000, 0.000000, 0.000000,
                         0.216966,-0.000000, 0.976179, 0.000000,
                        -0.000007,14.000002,-0.000003, 1.000000;;
                      }
                    } // End of Armature_lowerarm_twist_01_l
                  } // End of Armature_lowerarm_l
                  Frame Armature_upperarm_twist_01_l {
                    FrameTransformMatrix {
                       0.935694, 0.000000,-0.352814, 0.000000,
                      -0.000000, 1.000000, 0.000000, 0.000000,
                       0.352814,-0.000000, 0.935694, 0.000000,
                       0.000003, 0.500006,-0.000003, 1.000000;;
                    }
                  } // End of Armature_upperarm_twist_01_l
                } // End of Armature_upperarm_l
              } // End of Armature_clavicle_l
              Frame Armature_clavicle_r {
                FrameTransformMatrix {
                  -0.945834,-0.129492,-0.297709, 0.000000,
                   0.313345,-0.124216,-0.941480, 0.000000,
                   0.084934,-0.983769, 0.158063, 0.000000,
                  -2.732104,11.883793,-3.782001, 1.000000;;
                }
                Frame Armature_upperarm_r {
                  FrameTransformMatrix {
                     0.713897,-0.699041,-0.041133, 0.000000,
                     0.543051, 0.515593, 0.662767, 0.000000,
                    -0.442093,-0.495485, 0.747695, 0.000000,
                    -0.000049,15.784745, 0.000097, 1.000000;;
                  }
                  Frame Armature_lowerarm_r {
                    FrameTransformMatrix {
                       0.749729,-0.651863,-0.113933, 0.000000,
                       0.650259, 0.757653,-0.055897, 0.000000,
                       0.122759,-0.032179, 0.991915, 0.000000,
                      -0.000006,30.340044,-0.000001, 1.000000;;
                    }
                    Frame Armature_hand_r {
                      FrameTransformMatrix {
                         0.139450,-0.058813,-0.988481, 0.000000,
                        -0.575914, 0.807224,-0.129276, 0.000000,
                         0.805529, 0.587308, 0.078696, 0.000000,
                        -0.000003,26.975248, 0.000002, 1.000000;;
                      }
                      Frame Armature_index_01_r {
                        FrameTransformMatrix {
                           0.680579, 0.711086, 0.176545, 0.000000,
                          -0.685835, 0.703072,-0.187937, 0.000000,
                          -0.257763, 0.006826, 0.966184, 0.000000,
                          -1.763757,12.067950, 2.109442, 1.000000;;
                        }
                        Frame Armature_index_02_r {
                          FrameTransformMatrix {
                            -0.096418, 0.990319, 0.099861, 0.000000,
                            -0.995296,-0.094969,-0.019173, 0.000000,
                            -0.009504,-0.101240, 0.994817, 0.000000,
                             0.000086, 4.287683,-0.000071, 1.000000;;
                          }
                          Frame Armature_index_03_r {
                            FrameTransformMatrix {
                               0.666917, 0.744997, 0.014205, 0.000000,
                              -0.744828, 0.667068,-0.015865, 0.000000,
                              -0.021295, 0.000001, 0.999773, 0.000000,
                               0.000116, 3.393796,-0.000016, 1.000000;;
                            }
                          } // End of Armature_index_03_r
                        } // End of Armature_index_02_r
                      } // End of Armature_index_01_r
                      Frame Armature_middle_01_r {
                        FrameTransformMatrix {
                           0.441929, 0.896672,-0.026033, 0.000000,
                          -0.895749, 0.439541,-0.066612, 0.000000,
                          -0.048287, 0.052756, 0.997439, 0.000000,
                          -1.293761,12.244120,-0.571119, 1.000000;;
                        }
                        Frame Armature_middle_02_r {
                          FrameTransformMatrix {
                             0.178865, 0.979905, 0.088286, 0.000000,
                            -0.981563, 0.171578, 0.084234, 0.000000,
                             0.067393,-0.101725, 0.992527, 0.000000,
                            -0.000149, 4.640558, 0.000002, 1.000000;;
                          }
                          Frame Armature_middle_03_r {
                            FrameTransformMatrix {
                               0.131027, 0.991379, 0.000429, 0.000000,
                              -0.991373, 0.131028,-0.003245, 0.000000,
                              -0.003273,-0.000000, 0.999995, 0.000000,
                               0.000026, 3.648912,-0.000001, 1.000000;;
                            }
                          } // End of Armature_middle_03_r
                        } // End of Armature_middle_02_r
                      } // End of Armature_middle_01_r
                      Frame Armature_pinky_01_r {
                        FrameTransformMatrix {
                           0.827081, 0.473667,-0.302614, 0.000000,
                          -0.535493, 0.827640,-0.168105, 0.000000,
                           0.170829, 0.301085, 0.938171, 0.000000,
                          -2.263397,10.140582,-4.643085, 1.000000;;
                        }
                        Frame Armature_pinky_02_r {
                          FrameTransformMatrix {
                             0.135758, 0.989592, 0.047733, 0.000000,
                            -0.990283, 0.137004,-0.023853, 0.000000,
                            -0.030144,-0.044031, 0.998575, 0.000000,
                            -0.000088, 3.571054,-0.000006, 1.000000;;
                          }
                          Frame Armature_pinky_03_r {
                            FrameTransformMatrix {
                              -0.138520, 0.990359,-0.000993, 0.000000,
                              -0.990334,-0.138523,-0.007094, 0.000000,
                              -0.007163, 0.000000, 0.999975, 0.000000,
                               0.000309, 2.985422,-0.000032, 1.000000;;
                            }
                          } // End of Armature_pinky_03_r
                        } // End of Armature_pinky_02_r
                      } // End of Armature_pinky_01_r
                      Frame Armature_ring_01_r {
                        FrameTransformMatrix {
                           0.488692, 0.835028,-0.252800, 0.000000,
                          -0.863052, 0.505115, 0.000075, 0.000000,
                           0.127756, 0.218143, 0.967518, 0.000000,
                          -1.753803,11.497972,-2.846905, 1.000000;;
                        }
                        Frame Armature_ring_02_r {
                          FrameTransformMatrix {
                            -0.098075, 0.994969, 0.020465, 0.000000,
                            -0.995158,-0.097919,-0.008487, 0.000000,
                            -0.006441,-0.021198, 0.999755, 0.000000,
                             0.000083, 4.429851,-0.000019, 1.000000;;
                          }
                          Frame Armature_ring_03_r {
                            FrameTransformMatrix {
                               0.264060, 0.964506,-0.000106, 0.000000,
                              -0.964506, 0.264060, 0.000387, 0.000000,
                               0.000401,-0.000000, 1.000000, 0.000000,
                               0.000078, 3.476667,-0.000005, 1.000000;;
                            }
                          } // End of Armature_ring_03_r
                        } // End of Armature_ring_02_r
                      } // End of Armature_ring_01_r
                      Frame Armature_thumb_01_r {
                        FrameTransformMatrix {
                           0.166766,-0.399675, 0.901360, 0.000000,
                          -0.684860, 0.610703, 0.397503, 0.000000,
                          -0.709335,-0.683595,-0.171877, 0.000000,
                          -2.375127, 4.762125, 2.537811, 1.000000;;
                        }
                        Frame Armature_thumb_02_r {
                          FrameTransformMatrix {
                             0.809496, 0.587036, 0.010213, 0.000000,
                            -0.587123, 0.809317, 0.017123, 0.000000,
                             0.001786,-0.019857, 0.999801, 0.000000,
                             0.000115, 3.869570, 0.000056, 1.000000;;
                          }
                          Frame Armature_thumb_03_r {
                            FrameTransformMatrix {
                               0.696232, 0.717190, 0.029994, 0.000000,
                              -0.716526, 0.696877,-0.030870, 0.000000,
                              -0.043042, 0.000002, 0.999073, 0.000000,
                              -0.000003, 4.062174, 0.000000, 1.000000;;
                            }
                          } // End of Armature_thumb_03_r
                        } // End of Armature_thumb_02_r
                      } // End of Armature_thumb_01_r
                      Frame Armature_weapon_r {
                        FrameTransformMatrix {
                          -0.005470,-0.000002,-0.999985, 0.000000,
                          -0.000002,-1.000000, 0.000002, 0.000000,
                          -0.999985, 0.000002, 0.005470, 0.000000,
                          -4.667011,11.308994,-1.092994, 1.000000;;
                        }
                      } // End of Armature_weapon_r
                    } // End of Armature_hand_r
                    Frame Armature_lowerarm_twist_01_r {
                      FrameTransformMatrix {
                         0.988345, 0.000000,-0.152231, 0.000000,
                        -0.000000, 1.000000, 0.000000, 0.000000,
                         0.152231,-0.000000, 0.988345, 0.000000,
                         0.000023,13.999996,-0.000008, 1.000000;;
                      }
                    } // End of Armature_lowerarm_twist_01_r
                  } // End of Armature_lowerarm_r
                  Frame Armature_upperarm_twist_01_r {
                    FrameTransformMatrix {
                       0.945482,-0.000000,-0.325673, 0.000000,
                       0.000000, 1.000000,-0.000000, 0.000000,
                       0.325673, 0.000000, 0.945482, 0.000000,
                      -0.000005, 0.499999, 0.000011, 1.000000;;
                    }
                  } // End of Armature_upperarm_twist_01_r
                } // End of Armature_upperarm_r
              } // End of Armature_clavicle_r
              Frame Armature_neck_01 {
                FrameTransformMatrix {
                   0.671669, 0.418101,-0.611598, 0.000000,
                  -0.407846, 0.897855, 0.165887, 0.000000,
                   0.618484, 0.138017, 0.773582, 0.000000,
                  -0.355320,16.558773, 0.000002, 1.000000;;
                }
                Frame Armature_head {
                  FrameTransformMatrix {
                     0.995679,-0.056819,-0.073446, 0.000000,
                     0.074826, 0.959318, 0.272232, 0.000000,
                     0.054991,-0.276551, 0.959425, 0.000000,
                     0.364157, 9.283621, 0.000001, 1.000000;;
                  }
                } // End of Armature_head
              } // End of Armature_neck_01
            } // End of Armature_spine_03
          } // End of Armature_spine_02
        } // End of Armature_spine_01
        Frame Armature_sword_holder {
          FrameTransformMatrix {
            -0.909314, 0.370364, 0.189678, 0.000000,
            -0.355306,-0.928335, 0.109325, 0.000000,
             0.216574, 0.032017, 0.975741, 0.000000,
            13.979997,19.493004,16.301014, 1.000000;;
          }
        } // End of Armature_sword_holder
        Frame Armature_thigh_l {
          FrameTransformMatrix {
            -0.073414,-0.195256,-0.978001, 0.000000,
            -0.810860,-0.559236, 0.172517, 0.000000,
            -0.580618, 0.805686,-0.117269, 0.000000,
            -1.448822, 0.531422, 9.005808, 1.000000;;
          }
          Frame Armature_calf_l {
            FrameTransformMatrix {
               0.989098,-0.107508,-0.100631, 0.000000,
               0.111487, 0.993158, 0.034765, 0.000000,
               0.096204,-0.045605, 0.994316, 0.000000,
              -0.000695,42.577030, 0.000047, 1.000000;;
            }
            Frame Armature_calf_twist_01_l {
              FrameTransformMatrix {
                 0.999812,-0.015279,-0.011975, 0.000000,
                 0.015235, 0.999877,-0.003824, 0.000000,
                 0.012032, 0.003641, 0.999921, 0.000000,
                 0.000014,20.476778,-0.000003, 1.000000;;
              }
            } // End of Armature_calf_twist_01_l
            Frame Armature_foot_l {
              FrameTransformMatrix {
                -0.063193,-0.956485,-0.284857, 0.000000,
                -0.994290, 0.035746, 0.100547, 0.000000,
                -0.085989, 0.289585,-0.953282, 0.000000,
                 0.000240,40.196648, 0.000236, 1.000000;;
              }
              Frame Armature_ball_l {
                FrameTransformMatrix {
                   0.022151, 0.999755, 0.000197, 0.000000,
                  -0.999755, 0.022151, 0.000076, 0.000000,
                   0.000072,-0.000199, 1.000000, 0.000000,
                  -10.453835,16.577852,-0.080157, 1.000000;;
                }
              } // End of Armature_ball_l
            } // End of Armature_foot_l
          } // End of Armature_calf_l
          Frame Armature_thigh_twist_01_l {
            FrameTransformMatrix {
               0.216908,-0.000217,-0.976192, 0.000000,
               0.000984, 0.999999,-0.000004, 0.000000,
               0.976191,-0.000960, 0.216908, 0.000000,
              -0.000008,22.094225,-0.000001, 1.000000;;
            }
          } // End of Armature_thigh_twist_01_l
        } // End of Armature_thigh_l
        Frame Armature_thigh_r {
          FrameTransformMatrix {
            -0.027967, 0.998083, 0.055212, 0.000000,
            -0.950925,-0.009537,-0.309275, 0.000000,
            -0.308155,-0.061152, 0.949368, 0.000000,
            -1.448640, 0.531432,-9.005800, 1.000000;;
          }
          Frame Armature_calf_r {
            FrameTransformMatrix {
               0.844890, 0.529995, 0.072566, 0.000000,
              -0.528869, 0.847959,-0.035526, 0.000000,
              -0.080361,-0.008362, 0.996731, 0.000000,
               0.011282,42.473095, 0.002701, 1.000000;;
            }
            Frame Armature_calf_twist_01_r {
              FrameTransformMatrix {
                 0.998127, 0.014982,-0.059320, 0.000000,
                -0.015235, 0.999876,-0.003825, 0.000000,
                 0.059255, 0.004721, 0.998232, 0.000000,
                 0.000001,20.476931,-0.000002, 1.000000;;
              }
            } // End of Armature_calf_twist_01_r
            Frame Armature_foot_r {
              FrameTransformMatrix {
                 0.274521, 0.926824, 0.256196, 0.000000,
                 0.961537,-0.267159,-0.063829, 0.000000,
                 0.009287, 0.263864,-0.964515, 0.000000,
                 0.000148,40.196815, 0.000237, 1.000000;;
              }
              Frame Armature_ball_r {
                FrameTransformMatrix {
                  -0.002067,-0.999998, 0.000560, 0.000000,
                   0.999998,-0.002067, 0.000073, 0.000000,
                  -0.000071, 0.000560, 1.000000, 0.000000,
                  10.453816,16.577812,-0.080167, 1.000000;;
                }
              } // End of Armature_ball_r
            } // End of Armature_foot_r
          } // End of Armature_calf_r
          Frame Armature_thigh_twist_01_r {
            FrameTransformMatrix {
               0.993595, 0.000977,-0.112994, 0.000000,
              -0.000983, 1.000000,-0.000003, 0.000000,
               0.112994, 0.000114, 0.993596, 0.000000,
               0.000000,22.094246, 0.000006, 1.000000;;
            }
          } // End of Armature_thigh_twist_01_r
        } // End of Armature_thigh_r
      } // End of Armature_pelvis
    } // End of Armature_root
  } // End of Armature
} // End of Root
AnimationSet Global {
  Animation {
    {Armature}
    AnimationKey { // Rotation
      0;
      31;
      0;4;-0.707107, 0.707107, 0.000000, 0.000000;;,
      1;4;-0.707107, 0.707107, 0.000000, 0.000000;;,
      2;4;-0.707107, 0.707107, 0.000000, 0.000000;;,
      3;4;-0.707107, 0.707107, 0.000000, 0.000000;;,
      4;4;-0.707107, 0.707107, 0.000000, 0.000000;;,
      5;4;-0.707107, 0.707107, 0.000000, 0.000000;;,
      6;4;-0.707107, 0.707107, 0.000000, 0.000000;;,
      7;4;-0.707107, 0.707107, 0.000000, 0.000000;;,
      8;4;-0.707107, 0.707107, 0.000000, 0.000000;;,
      9;4;-0.707107, 0.707107, 0.000000, 0.000000;;,
      10;4;-0.707107, 0.707107, 0.000000, 0.000000;;,
      11;4;-0.707107, 0.707107, 0.000000, 0.000000;;,
      12;4;-0.707107, 0.707107, 0.000000, 0.000000;;,
      13;4;-0.707107, 0.707107, 0.000000, 0.000000;;,
      14;4;-0.707107, 0.707107, 0.000000, 0.000000;;,
      15;4;-0.707107, 0.707107, 0.000000, 0.000000;;,
      16;4;-0.707107, 0.707107, 0.000000, 0.000000;;,
      17;4;-0.707107, 0.707107, 0.000000, 0.000000;;,
      18;4;-0.707107, 0.707107, 0.000000, 0.000000;;,
      19;4;-0.707107, 0.707107, 0.000000, 0.000000;;,
      20;4;-0.707107, 0.707107, 0.000000, 0.000000;;,
      21;4;-0.707107, 0.707107, 0.000000, 0.000000;;,
      22;4;-0.707107, 0.707107, 0.000000, 0.000000;;,
      23;4;-0.707107, 0.707107, 0.000000, 0.000000;;,
      24;4;-0.707107, 0.707107, 0.000000, 0.000000;;,
      25;4;-0.707107, 0.707107, 0.000000, 0.000000;;,
      26;4;-0.707107, 0.707107, 0.000000, 0.000000;;,
      27;4;-0.707107, 0.707107, 0.000000, 0.000000;;,
      28;4;-0.707107, 0.707107, 0.000000, 0.000000;;,
      29;4;-0.707107, 0.707107, 0.000000, 0.000000;;,
      30;4;-0.707107, 0.707107, 0.000000, 0.000000;;;
    }
    AnimationKey { // Scale
      1;
      31;
      0;3; 0.010000, 0.010000, 0.010000;;,
      1;3; 0.010000, 0.010000, 0.010000;;,
      2;3; 0.010000, 0.010000, 0.010000;;,
      3;3; 0.010000, 0.010000, 0.010000;;,
      4;3; 0.010000, 0.010000, 0.010000;;,
      5;3; 0.010000, 0.010000, 0.010000;;,
      6;3; 0.010000, 0.010000, 0.010000;;,
      7;3; 0.010000, 0.010000, 0.010000;;,
      8;3; 0.010000, 0.010000, 0.010000;;,
      9;3; 0.010000, 0.010000, 0.010000;;,
      10;3; 0.010000, 0.010000, 0.010000;;,
      11;3; 0.010000, 0.010000, 0.010000;;,
      12;3; 0.010000, 0.010000, 0.010000;;,
      13;3; 0.010000, 0.010000, 0.010000;;,
      14;3; 0.010000, 0.010000, 0.010000;;,
      15;3; 0.010000, 0.010000, 0.010000;;,
      16;3; 0.010000, 0.010000, 0.010000;;,
      17;3; 0.010000, 0.010000, 0.010000;;,
      18;3; 0.010000, 0.010000, 0.010000;;,
      19;3; 0.010000, 0.010000, 0.010000;;,
      20;3; 0.010000, 0.010000, 0.010000;;,
      21;3; 0.010000, 0.010000, 0.010000;;,
      22;3; 0.010000, 0.010000, 0.010000;;,
      23;3; 0.010000, 0.010000, 0.010000;;,
      24;3; 0.010000, 0.010000, 0.010000;;,
      25;3; 0.010000, 0.010000, 0.010000;;,
      26;3; 0.010000, 0.010000, 0.010000;;,
      27;3; 0.010000, 0.010000, 0.010000;;,
      28;3; 0.010000, 0.010000, 0.010000;;,
      29;3; 0.010000, 0.010000, 0.010000;;,
      30;3; 0.010000, 0.010000, 0.010000;;;
    }
    AnimationKey { // Position
      2;
      31;
      0;3; 0.000000, 0.000000, 0.000000;;,
      1;3; 0.000000, 0.000000, 0.000000;;,
      2;3; 0.000000, 0.000000, 0.000000;;,
      3;3; 0.000000, 0.000000, 0.000000;;,
      4;3; 0.000000, 0.000000, 0.000000;;,
      5;3; 0.000000, 0.000000, 0.000000;;,
      6;3; 0.000000, 0.000000, 0.000000;;,
      7;3; 0.000000, 0.000000, 0.000000;;,
      8;3; 0.000000, 0.000000, 0.000000;;,
      9;3; 0.000000, 0.000000, 0.000000;;,
      10;3; 0.000000, 0.000000, 0.000000;;,
      11;3; 0.000000, 0.000000, 0.000000;;,
      12;3; 0.000000, 0.000000, 0.000000;;,
      13;3; 0.000000, 0.000000, 0.000000;;,
      14;3; 0.000000, 0.000000, 0.000000;;,
      15;3; 0.000000, 0.000000, 0.000000;;,
      16;3; 0.000000, 0.000000, 0.000000;;,
      17;3; 0.000000, 0.000000, 0.000000;;,
      18;3; 0.000000, 0.000000, 0.000000;;,
      19;3; 0.000000, 0.000000, 0.000000;;,
      20;3; 0.000000, 0.000000, 0.000000;;,
      21;3; 0.000000, 0.000000, 0.000000;;,
      22;3; 0.000000, 0.000000, 0.000000;;,
      23;3; 0.000000, 0.000000, 0.000000;;,
      24;3; 0.000000, 0.000000, 0.000000;;,
      25;3; 0.000000, 0.000000, 0.000000;;,
      26;3; 0.000000, 0.000000, 0.000000;;,
      27;3; 0.000000, 0.000000, 0.000000;;,
      28;3; 0.000000, 0.000000, 0.000000;;,
      29;3; 0.000000, 0.000000, 0.000000;;,
      30;3; 0.000000, 0.000000, 0.000000;;;
    }
  }
  Animation {
    {Armature_root}
    AnimationKey { // Rotation
      0;
      31;
      0;4;-1.000000, 0.000000, 0.000000, 0.000000;;,
      1;4;-1.000000, 0.000000, 0.000000, 0.000000;;,
      2;4;-1.000000, 0.000000, 0.000000, 0.000000;;,
      3;4;-1.000000, 0.000000, 0.000000, 0.000000;;,
      4;4;-1.000000, 0.000000, 0.000000, 0.000000;;,
      5;4;-1.000000, 0.000000, 0.000000, 0.000000;;,
      6;4;-1.000000, 0.000000, 0.000000, 0.000000;;,
      7;4;-1.000000, 0.000000, 0.000000, 0.000000;;,
      8;4;-1.000000, 0.000000, 0.000000, 0.000000;;,
      9;4;-1.000000, 0.000000, 0.000000, 0.000000;;,
      10;4;-1.000000, 0.000000, 0.000000, 0.000000;;,
      11;4;-1.000000, 0.000000, 0.000000, 0.000000;;,
      12;4;-1.000000, 0.000000, 0.000000, 0.000000;;,
      13;4;-1.000000, 0.000000, 0.000000, 0.000000;;,
      14;4;-1.000000, 0.000000, 0.000000, 0.000000;;,
      15;4;-1.000000, 0.000000, 0.000000, 0.000000;;,
      16;4;-1.000000, 0.000000, 0.000000, 0.000000;;,
      17;4;-1.000000, 0.000000, 0.000000, 0.000000;;,
      18;4;-1.000000, 0.000000, 0.000000, 0.000000;;,
      19;4;-1.000000, 0.000000, 0.000000, 0.000000;;,
      20;4;-1.000000, 0.000000, 0.000000, 0.000000;;,
      21;4;-1.000000, 0.000000, 0.000000, 0.000000;;,
      22;4;-1.000000, 0.000000, 0.000000, 0.000000;;,
      23;4;-1.000000, 0.000000, 0.000000, 0.000000;;,
      24;4;-1.000000, 0.000000, 0.000000, 0.000000;;,
      25;4;-1.000000, 0.000000, 0.000000, 0.000000;;,
      26;4;-1.000000, 0.000000, 0.000000, 0.000000;;,
      27;4;-1.000000, 0.000000, 0.000000, 0.000000;;,
      28;4;-1.000000, 0.000000, 0.000000, 0.000000;;,
      29;4;-1.000000, 0.000000, 0.000000, 0.000000;;,
      30;4;-1.000000, 0.000000, 0.000000, 0.000000;;;
    }
    AnimationKey { // Scale
      1;
      31;
      0;3; 1.000000, 1.000000, 1.000000;;,
      1;3; 1.000000, 1.000000, 1.000000;;,
      2;3; 1.000000, 1.000000, 1.000000;;,
      3;3; 1.000000, 1.000000, 1.000000;;,
      4;3; 1.000000, 1.000000, 1.000000;;,
      5;3; 1.000000, 1.000000, 1.000000;;,
      6;3; 1.000000, 1.000000, 1.000000;;,
      7;3; 1.000000, 1.000000, 1.000000;;,
      8;3; 1.000000, 1.000000, 1.000000;;,
      9;3; 1.000000, 1.000000, 1.000000;;,
      10;3; 1.000000, 1.000000, 1.000000;;,
      11;3; 1.000000, 1.000000, 1.000000;;,
      12;3; 1.000000, 1.000000, 1.000000;;,
      13;3; 1.000000, 1.000000, 1.000000;;,
      14;3; 1.000000, 1.000000, 1.000000;;,
      15;3; 1.000000, 1.000000, 1.000000;;,
      16;3; 1.000000, 1.000000, 1.000000;;,
      17;3; 1.000000, 1.000000, 1.000000;;,
      18;3; 1.000000, 1.000000, 1.000000;;,
      19;3; 1.000000, 1.000000, 1.000000;;,
      20;3; 1.000000, 1.000000, 1.000000;;,
      21;3; 1.000000, 1.000000, 1.000000;;,
      22;3; 1.000000, 1.000000, 1.000000;;,
      23;3; 1.000000, 1.000000, 1.000000;;,
      24;3; 1.000000, 1.000000, 1.000000;;,
      25;3; 1.000000, 1.000000, 1.000000;;,
      26;3; 1.000000, 1.000000, 1.000000;;,
      27;3; 1.000000, 1.000000, 1.000000;;,
      28;3; 1.000000, 1.000000, 1.000000;;,
      29;3; 1.000000, 1.000000, 1.000000;;,
      30;3; 1.000000, 1.000000, 1.000000;;;
    }
    AnimationKey { // Position
      2;
      31;
      0;3; 0.000000, 0.000006, 0.000000;;,
      1;3; 0.000000, 0.000006, 0.000000;;,
      2;3; 0.000000, 0.000006, 0.000000;;,
      3;3; 0.000000, 0.000006, 0.000000;;,
      4;3; 0.000000, 0.000006, 0.000000;;,
      5;3; 0.000000, 0.000006, 0.000000;;,
      6;3; 0.000000, 0.000006, 0.000000;;,
      7;3; 0.000000, 0.000006, 0.000000;;,
      8;3; 0.000000, 0.000006, 0.000000;;,
      9;3; 0.000000, 0.000006, 0.000000;;,
      10;3; 0.000000, 0.000006, 0.000000;;,
      11;3; 0.000000, 0.000006, 0.000000;;,
      12;3; 0.000000, 0.000006, 0.000000;;,
      13;3; 0.000000, 0.000006, 0.000000;;,
      14;3; 0.000000, 0.000006, 0.000000;;,
      15;3; 0.000000, 0.000006, 0.000000;;,
      16;3; 0.000000, 0.000006, 0.000000;;,
      17;3; 0.000000, 0.000006, 0.000000;;,
      18;3; 0.000000, 0.000006, 0.000000;;,
      19;3; 0.000000, 0.000006, 0.000000;;,
      20;3; 0.000000, 0.000006, 0.000000;;,
      21;3; 0.000000, 0.000006, 0.000000;;,
      22;3; 0.000000, 0.000006, 0.000000;;,
      23;3; 0.000000, 0.000006, 0.000000;;,
      24;3; 0.000000, 0.000006, 0.000000;;,
      25;3; 0.000000, 0.000006, 0.000000;;,
      26;3; 0.000000, 0.000006, 0.000000;;,
      27;3; 0.000000, 0.000006, 0.000000;;,
      28;3; 0.000000, 0.000006, 0.000000;;,
      29;3; 0.000000, 0.000006, 0.000000;;,
      30;3; 0.000000, 0.000006, 0.000000;;;
    }
  }
  Animation {
    {Armature_pelvis}
    AnimationKey { // Rotation
      0;
      31;
      0;4;-0.791699, 0.061071, 0.135668, 0.592518;;,
      1;4;-0.790131, 0.058067, 0.132566, 0.595607;;,
      2;4;-0.787627, 0.059841, 0.133251, 0.598587;;,
      3;4;-0.785214, 0.063558, 0.135381, 0.600892;;,
      4;4;-0.782876, 0.068935, 0.138763, 0.602576;;,
      5;4;-0.780591, 0.075687, 0.143201, 0.603691;;,
      6;4;-0.778339, 0.083534, 0.148494, 0.604285;;,
      7;4;-0.776102, 0.092193, 0.154438, 0.604413;;,
      8;4;-0.773874, 0.101386, 0.160831, 0.604130;;,
      9;4;-0.771656, 0.110834, 0.167469, 0.603503;;,
      10;4;-0.769464, 0.120261, 0.174149, 0.602606;;,
      11;4;-0.767324, 0.129393, 0.180673, 0.601522;;,
      12;4;-0.765275, 0.137955, 0.186843, 0.600343;;,
      13;4;-0.763366, 0.145680, 0.192466, 0.599172;;,
      14;4;-0.761653, 0.152297, 0.197349, 0.598117;;,
      15;4;-0.760198, 0.157542, 0.201302, 0.597292;;,
      16;4;-0.759036, 0.161763, 0.204540, 0.596541;;,
      17;4;-0.758146, 0.165505, 0.207416, 0.595652;;,
      18;4;-0.757504, 0.168792, 0.209956, 0.594655;;,
      19;4;-0.757085, 0.171649, 0.212184, 0.593579;;,
      20;4;-0.756861, 0.174102, 0.214124, 0.592453;;,
      21;4;-0.756804, 0.176177, 0.215796, 0.591305;;,
