xof 0303txt 0032

template XSkinMeshHeader {
  <3cf169ce-ff7c-44ab-93c0-f78f62d172e2>
  WORD nMaxSkinWeightsPerVertex;
  WORD nMaxSkinWeightsPerFace;
  WORD nBones;
}

template SkinWeights {
  <6f0d123b-bad2-4167-a0d0-80224f25fabb>
  STRING transformNodeName;
  DWORD nWeights;
  array DWORD vertexIndices[nWeights];
  array float weights[nWeights];
  Matrix4x4 matrixOffset;
}

Frame Root {
  FrameTransformMatrix {
     1.000000, 0.000000, 0.000000, 0.000000,
     0.000000,-0.000000, 1.000000, 0.000000,
     0.000000, 1.000000, 0.000000, 0.000000,
     0.000000, 0.000000, 0.000000, 1.000000;;
  }
  Frame Armature {
    FrameTransformMatrix {
       0.010000, 0.000000, 0.000000, 0.000000,
       0.000000,-0.000000, 0.010000, 0.000000,
       0.000000,-0.010000,-0.000000, 0.000000,
       0.000000, 0.000000, 0.000000, 1.000000;;
    }
    Frame Armature_root {
      FrameTransformMatrix {
         1.000000, 0.000000, 0.000000, 0.000000,
         0.000000, 1.000000,-0.000000, 0.000000,
         0.000000, 0.000000, 1.000000, 0.000000,
         0.000000, 0.000000, 0.000000, 1.000000;;
      }
      Frame Armature_ik_foot_root {
        FrameTransformMatrix {
           1.000000, 0.000000, 0.000000, 0.000000,
           0.000000, 0.000000,-1.000000, 0.000000,
           0.000000, 1.000000, 0.000000, 0.000000,
           0.000000, 0.000000,-0.000000, 1.000000;;
        }
        Frame Armature_ik_foot_l {
          FrameTransformMatrix {
            -0.032698,-0.028584, 0.999057, 0.000000,
             0.484492, 0.873841, 0.040858, 0.000000,
            -0.874184, 0.485371,-0.014724, 0.000000,
            48.196201,-20.901375,13.933121, 1.000000;;
          }
        } // End of Armature_ik_foot_l
        Frame Armature_ik_foot_r {
          FrameTransformMatrix {
             0.013747, 0.050691,-0.998620, 0.000000,
            -0.908795,-0.415885,-0.033621, 0.000000,
            -0.417016, 0.908003, 0.040350, 0.000000,
            -18.318371,39.149994,14.042651, 1.000000;;
          }
        } // End of Armature_ik_foot_r
      } // End of Armature_ik_foot_root
      Frame Armature_ik_hand_root {
        FrameTransformMatrix {
           1.000000, 0.000000, 0.000000, 0.000000,
           0.000000, 1.000000, 0.000000, 0.000000,
           0.000000,-0.000000, 1.000000, 0.000000,
           0.000000, 0.000000,-0.000000, 1.000000;;
        }
        Frame Armature_ik_hand_gun {
          FrameTransformMatrix {
            -0.627712,-0.636417,-0.448276, 0.000000,
             0.522510,-0.771321, 0.363384, 0.000000,
            -0.577028,-0.006128, 0.816701, 0.000000,
            -15.157068,140.762009,21.120430, 1.000000;;
          }
          Frame Armature_ik_hand_l {
            FrameTransformMatrix {
              -0.182559,-0.840253, 0.510535, 0.000000,
               0.929249,-0.317094,-0.189598, 0.000000,
               0.321198, 0.439802, 0.838693, 0.000000,
               1.240831,15.067551, 6.169356, 1.000000;;
            }
          } // End of Armature_ik_hand_l
          Frame Armature_ik_hand_r {
            FrameTransformMatrix {
               1.000000,-0.000000, 0.000000, 0.000000,
               0.000000, 1.000000,-0.000000, 0.000000,
              -0.000000, 0.000000, 1.000000, 0.000000,
              -0.000009, 0.000002, 0.000003, 1.000000;;
            }
          } // End of Armature_ik_hand_r
        } // End of Armature_ik_hand_gun
      } // End of Armature_ik_hand_root
      Frame Armature_pelvis {
        FrameTransformMatrix {
           0.019429, 0.987997,-0.153246, 0.000000,
          -0.805486, 0.106268, 0.583008, 0.000000,
           0.592296, 0.112110, 0.797883, 0.000000,
          15.314919,73.707291,-10.308428, 1.000000;;
        }
        Frame Armature_spine_01 {
          FrameTransformMatrix {
             0.277561,-0.957195,-0.082086, 0.000000,
             0.960452, 0.274504, 0.046673, 0.000000,
            -0.022142,-0.091794, 0.995532, 0.000000,
            10.808887, 0.851418, 0.000003, 1.000000;;
          }
          Frame Armature_spine_02 {
            FrameTransformMatrix {
               0.983341, 0.159246,-0.087643, 0.000000,
              -0.146496, 0.979745, 0.136519, 0.000000,
               0.107608,-0.121405, 0.986753, 0.000000,
               3.784356,18.816200, 0.374327, 1.000000;;
            }
            Frame Armature_spine_03 {
              FrameTransformMatrix {
                 0.939769, 0.327611,-0.097491, 0.000000,
                -0.317057, 0.942069, 0.109461, 0.000000,
                 0.127703,-0.071958, 0.989199, 0.000000,
                 0.410729,13.412278, 0.091086, 1.000000;;
              }
              Frame Armature_clavicle_l {
                FrameTransformMatrix {
                   0.930137, 0.148129,-0.336011, 0.000000,
                   0.322698, 0.106966, 0.940439, 0.000000,
                   0.175248,-0.983166, 0.051692, 0.000000,
                  -2.732080,11.883698, 3.781984, 1.000000;;
                }
                Frame Armature_upperarm_l {
                  FrameTransformMatrix {
                    -0.400299, 0.378895, 0.834386, 0.000000,
                    -0.884237,-0.398756,-0.243141, 0.000000,
                     0.240592,-0.835124, 0.494655, 0.000000,
                    -0.000006,15.784882, 0.000006, 1.000000;;
                  }
                  Frame Armature_lowerarm_l {
                    FrameTransformMatrix {
                       0.199148, 0.979969,-0.000000, 0.000000,
                      -0.979969, 0.199148,-0.000000, 0.000000,
                      -0.000000, 0.000000, 1.000000, 0.000000,
                       0.000000,30.339928, 0.000002, 1.000000;;
                    }
                    Frame Armature_hand_l {
                      FrameTransformMatrix {
                        -0.984952,-0.141402, 0.099374, 0.000000,
                        -0.150951, 0.983848,-0.096212, 0.000000,
                        -0.084165,-0.109765,-0.990388, 0.000000,
                         0.000007,26.975161, 0.000004, 1.000000;;
                      }
                      Frame Armature_index_01_l {
                        FrameTransformMatrix {
                           0.920422,-0.260746,-0.291265, 0.000000,
                           0.284029, 0.957983, 0.039952, 0.000000,
                           0.268610,-0.119501, 0.955808, 0.000000,
                           1.763460,12.068111, 2.109406, 1.000000;;
                        }
                        Frame Armature_index_02_l {
                          FrameTransformMatrix {
                             0.907640,-0.412483,-0.077772, 0.000000,
                             0.417989, 0.905138, 0.077526, 0.000000,
                             0.038416,-0.102874, 0.993952, 0.000000,
                            -0.000001, 4.287510, 0.000005, 1.000000;;
                          }
                          Frame Armature_index_03_l {
                            FrameTransformMatrix {
                               0.991882,-0.126008,-0.017085, 0.000000,
                               0.126007, 0.992029,-0.001137, 0.000000,
                               0.017092,-0.001025, 0.999853, 0.000000,
                              -0.000010, 3.393787,-0.000006, 1.000000;;
                            }
                          } // End of Armature_index_03_l
                        } // End of Armature_index_02_l
                      } // End of Armature_index_01_l
                      Frame Armature_middle_01_l {
                        FrameTransformMatrix {
                           0.889971,-0.456010, 0.002762, 0.000000,
                           0.455644, 0.888979,-0.045873, 0.000000,
                           0.018463, 0.042084, 0.998943, 0.000000,
                           1.293638,12.244267,-0.571158, 1.000000;;
                        }
                        Frame Armature_middle_02_l {
                          FrameTransformMatrix {
                             0.660067,-0.750858,-0.022899, 0.000000,
                             0.749198, 0.655767, 0.093123, 0.000000,
                            -0.054905,-0.078623, 0.995391, 0.000000,
                             0.000001, 4.640369,-0.000004, 1.000000;;
                          }
                          Frame Armature_middle_03_l {
                            FrameTransformMatrix {
                               0.887977,-0.459878,-0.002907, 0.000000,
                               0.459876, 0.887982,-0.001505, 0.000000,
                               0.003273,-0.000001, 0.999995, 0.000000,
                               0.000007, 3.648855,-0.000008, 1.000000;;
                            }
                          } // End of Armature_middle_03_l
                        } // End of Armature_middle_02_l
                      } // End of Armature_middle_01_l
                      Frame Armature_pinky_01_l {
                        FrameTransformMatrix {
                           0.808126,-0.438592, 0.393154, 0.000000,
                           0.566754, 0.760764,-0.316271, 0.000000,
                          -0.160383, 0.478409, 0.863367, 0.000000,
                           2.263140,10.140652,-4.643148, 1.000000;;
                        }
                        Frame Armature_pinky_02_l {
                          FrameTransformMatrix {
                             0.497025,-0.867223,-0.029843, 0.000000,
                             0.866784, 0.497796,-0.029729, 0.000000,
                             0.040637,-0.011091, 0.999112, 0.000000,
                             0.000003, 3.570973, 0.000010, 1.000000;;
                          }
                          Frame Armature_pinky_03_l {
                            FrameTransformMatrix {
                               0.712789,-0.701360,-0.005107, 0.000000,
                               0.701342, 0.712807,-0.005028, 0.000000,
                               0.007167, 0.000002, 0.999974, 0.000000,
                              -0.000006, 2.985633,-0.000004, 1.000000;;
                            }
                          } // End of Armature_pinky_03_l
                        } // End of Armature_pinky_02_l
                      } // End of Armature_pinky_01_l
                      Frame Armature_ring_01_l {
                        FrameTransformMatrix {
                           0.773749,-0.540310, 0.330723, 0.000000,
                           0.617081, 0.760901,-0.200601, 0.000000,
                          -0.143261, 0.359298, 0.922161, 0.000000,
                           1.753522,11.497875,-2.846910, 1.000000;;
                        }
                        Frame Armature_ring_02_l {
                          FrameTransformMatrix {
                             0.554701,-0.832049,-0.001149, 0.000000,
                             0.832036, 0.554684, 0.006442, 0.000000,
                            -0.004723,-0.004529, 0.999979, 0.000000,
                             0.000003, 4.430180, 0.000008, 1.000000;;
                          }
                          Frame Armature_ring_03_l {
                            FrameTransformMatrix {
                               0.912722,-0.408582, 0.000366, 0.000000,
                               0.408582, 0.912721, 0.000164, 0.000000,
                              -0.000401,-0.000000, 1.000000, 0.000000,
                              -0.000006, 3.476658,-0.000007, 1.000000;;
                            }
                          } // End of Armature_ring_03_l
                        } // End of Armature_ring_02_l
                      } // End of Armature_ring_01_l
                      Frame Armature_thumb_01_l {
                        FrameTransformMatrix {
                          -0.022083, 0.415267,-0.909432, 0.000000,
                           0.314011, 0.866500, 0.388039, 0.000000,
                           0.949162,-0.277002,-0.149534, 0.000000,
                           2.374972, 4.762020, 2.537818, 1.000000;;
                        }
                        Frame Armature_thumb_02_l {
                          FrameTransformMatrix {
                             0.973173,-0.222810,-0.057362, 0.000000,
                             0.227394, 0.969410, 0.092396, 0.000000,
                             0.035020,-0.102961, 0.994069, 0.000000,
                            -0.000004, 3.869675,-0.000001, 1.000000;;
                          }
                          Frame Armature_thumb_03_l {
                            FrameTransformMatrix {
                               0.902699,-0.424864,-0.068019, 0.000000,
                               0.429682, 0.898408, 0.090750, 0.000000,
                               0.022553,-0.111147, 0.993548, 0.000000,
                               0.000000, 4.062172,-0.000004, 1.000000;;
                            }
                          } // End of Armature_thumb_03_l
                        } // End of Armature_thumb_02_l
                      } // End of Armature_thumb_01_l
                    } // End of Armature_hand_l
                    Frame Armature_lowerarm_twist_01_l {
                      FrameTransformMatrix {
                         0.734740,-0.000001, 0.678348, 0.000000,
                         0.000001, 1.000000, 0.000000, 0.000000,
                        -0.678348, 0.000000, 0.734740, 0.000000,
                         0.000001,14.000015, 0.000004, 1.000000;;
                      }
                    } // End of Armature_lowerarm_twist_01_l
                  } // End of Armature_lowerarm_l
                  Frame Armature_upperarm_twist_01_l {
                    FrameTransformMatrix {
                       0.236349, 0.000000,-0.971668, 0.000000,
                       0.000000, 1.000000, 0.000000, 0.000000,
                       0.971668,-0.000000, 0.236349, 0.000000,
                      -0.000006, 0.500000, 0.000006, 1.000000;;
                    }
                  } // End of Armature_upperarm_twist_01_l
                } // End of Armature_upperarm_l
              } // End of Armature_clavicle_l
              Frame Armature_clavicle_r {
                FrameTransformMatrix {
                  -0.901318,-0.140646,-0.409687, 0.000000,
                   0.432025,-0.223580,-0.873708, 0.000000,
                   0.031286,-0.964484, 0.262280, 0.000000,
                  -2.732104,11.883793,-3.782003, 1.000000;;
                }
                Frame Armature_upperarm_r {
                  FrameTransformMatrix {
                    -0.582582,-0.616297,-0.529883, 0.000000,
                     0.792356,-0.285449,-0.539158, 0.000000,
                     0.181027,-0.733960, 0.654624, 0.000000,
                    -0.000050,15.784753, 0.000088, 1.000000;;
                  }
                  Frame Armature_lowerarm_r {
                    FrameTransformMatrix {
                       0.114115,-0.993468,-0.000001, 0.000000,
                       0.993468, 0.114115, 0.000002, 0.000000,
                      -0.000002,-0.000001, 1.000000, 0.000000,
                      -0.000024,30.340073, 0.000026, 1.000000;;
                    }
                    Frame Armature_hand_r {
                      FrameTransformMatrix {
                         0.944319,-0.326434,-0.041259, 0.000000,
                         0.328932, 0.939663, 0.094007, 0.000000,
                         0.008082,-0.102344, 0.994716, 0.000000,
                        -0.000001,26.975227,-0.000017, 1.000000;;
                      }
                      Frame Armature_index_01_r {
                        FrameTransformMatrix {
                           0.680580, 0.711086, 0.176543, 0.000000,
                          -0.685835, 0.703072,-0.187937, 0.000000,
                          -0.257762, 0.006827, 0.966184, 0.000000,
                          -1.763745,12.067935, 2.109438, 1.000000;;
                        }
                        Frame Armature_index_02_r {
                          FrameTransformMatrix {
                            -0.096418, 0.990319, 0.099861, 0.000000,
                            -0.995296,-0.094969,-0.019177, 0.000000,
                            -0.009507,-0.101240, 0.994817, 0.000000,
                             0.000094, 4.287702,-0.000076, 1.000000;;
                          }
                          Frame Armature_index_03_r {
                            FrameTransformMatrix {
                               0.666916, 0.744998, 0.014205, 0.000000,
                              -0.744829, 0.667067,-0.015862, 0.000000,
                              -0.021293,-0.000002, 0.999773, 0.000000,
                               0.000114, 3.393803,-0.000011, 1.000000;;
                            }
                          } // End of Armature_index_03_r
                        } // End of Armature_index_02_r
                      } // End of Armature_index_01_r
                      Frame Armature_middle_01_r {
                        FrameTransformMatrix {
                           0.441930, 0.896672,-0.026033, 0.000000,
                          -0.895749, 0.439541,-0.066611, 0.000000,
                          -0.048286, 0.052757, 0.997439, 0.000000,
                          -1.293751,12.244113,-0.571123, 1.000000;;
                        }
                        Frame Armature_middle_02_r {
                          FrameTransformMatrix {
                             0.178866, 0.979905, 0.088287, 0.000000,
                            -0.981563, 0.171580, 0.084232, 0.000000,
                             0.067391,-0.101725, 0.992527, 0.000000,
                            -0.000143, 4.640567, 0.000007, 1.000000;;
                          }
                          Frame Armature_middle_03_r {
                            FrameTransformMatrix {
                               0.131027, 0.991379, 0.000432, 0.000000,
                              -0.991373, 0.131027,-0.003246, 0.000000,
                              -0.003274,-0.000003, 0.999995, 0.000000,
                               0.000003, 3.648911, 0.000000, 1.000000;;
                            }
                          } // End of Armature_middle_03_r
                        } // End of Armature_middle_02_r
                      } // End of Armature_middle_01_r
                      Frame Armature_pinky_01_r {
                        FrameTransformMatrix {
                           0.827082, 0.473667,-0.302614, 0.000000,
                          -0.535493, 0.827640,-0.168104, 0.000000,
                           0.170830, 0.301084, 0.938171, 0.000000,
                          -2.263385,10.140597,-4.643098, 1.000000;;
                        }
                        Frame Armature_pinky_02_r {
                          FrameTransformMatrix {
                             0.135756, 0.989592, 0.047732, 0.000000,
                            -0.990283, 0.137002,-0.023852, 0.000000,
                            -0.030143,-0.044030, 0.998575, 0.000000,
                            -0.000074, 3.571066,-0.000009, 1.000000;;
                          }
                          Frame Armature_pinky_03_r {
                            FrameTransformMatrix {
                              -0.138521, 0.990359,-0.000994, 0.000000,
                              -0.990334,-0.138525,-0.007096, 0.000000,
                              -0.007165, 0.000002, 0.999974, 0.000000,
                               0.000327, 2.985419,-0.000043, 1.000000;;
                            }
                          } // End of Armature_pinky_03_r
                        } // End of Armature_pinky_02_r
                      } // End of Armature_pinky_01_r
                      Frame Armature_ring_01_r {
                        FrameTransformMatrix {
                           0.488693, 0.835028,-0.252801, 0.000000,
                          -0.863051, 0.505116, 0.000075, 0.000000,
                           0.127757, 0.218143, 0.967518, 0.000000,
                          -1.753795,11.497981,-2.846913, 1.000000;;
                        }
                        Frame Armature_ring_02_r {
                          FrameTransformMatrix {
                            -0.098076, 0.994969, 0.020465, 0.000000,
                            -0.995158,-0.097920,-0.008488, 0.000000,
                            -0.006442,-0.021198, 0.999755, 0.000000,
                             0.000088, 4.429868,-0.000030, 1.000000;;
                          }
                          Frame Armature_ring_03_r {
                            FrameTransformMatrix {
                               0.264058, 0.964507,-0.000106, 0.000000,
                              -0.964507, 0.264058, 0.000386, 0.000000,
                               0.000401,-0.000000, 1.000000, 0.000000,
                               0.000062, 3.476660,-0.000005, 1.000000;;
                            }
                          } // End of Armature_ring_03_r
                        } // End of Armature_ring_02_r
                      } // End of Armature_ring_01_r
                      Frame Armature_thumb_01_r {
                        FrameTransformMatrix {
                           0.166768,-0.399675, 0.901359, 0.000000,
                          -0.684859, 0.610702, 0.397505, 0.000000,
                          -0.709335,-0.683595,-0.171876, 0.000000,
                          -2.375127, 4.762118, 2.537811, 1.000000;;
                        }
                        Frame Armature_thumb_02_r {
                          FrameTransformMatrix {
                             0.809495, 0.587038, 0.010215, 0.000000,
                            -0.587124, 0.809316, 0.017120, 0.000000,
                             0.001783,-0.019856, 0.999801, 0.000000,
                             0.000111, 3.869568, 0.000055, 1.000000;;
                          }
                          Frame Armature_thumb_03_r {
                            FrameTransformMatrix {
                               0.696233, 0.717189, 0.029995, 0.000000,
                              -0.716524, 0.696879,-0.030866, 0.000000,
                              -0.043040,-0.000002, 0.999073, 0.000000,
                              -0.000017, 4.062191,-0.000001, 1.000000;;
                            }
                          } // End of Armature_thumb_03_r
                        } // End of Armature_thumb_02_r
                      } // End of Armature_thumb_01_r
                      Frame Armature_weapon_r {
                        FrameTransformMatrix {
                          -0.005471, 0.000000,-0.999985, 0.000000,
                          -0.000002,-1.000000, 0.000000, 0.000000,
                          -0.999985, 0.000002, 0.005471, 0.000000,
                          -4.667004,11.309003,-1.092999, 1.000000;;
                        }
                      } // End of Armature_weapon_r
                    } // End of Armature_hand_r
                    Frame Armature_lowerarm_twist_01_r {
                      FrameTransformMatrix {
                         0.856377, 0.000000, 0.516352, 0.000000,
                         0.000001, 1.000000,-0.000002, 0.000000,
                        -0.516352, 0.000002, 0.856376, 0.000000,
                         0.000016,13.999979, 0.000008, 1.000000;;
                      }
                    } // End of Armature_lowerarm_twist_01_r
                  } // End of Armature_lowerarm_r
                  Frame Armature_upperarm_twist_01_r {
                    FrameTransformMatrix {
                       0.634250,-0.000001, 0.773128, 0.000000,
                      -0.000001, 1.000000, 0.000002, 0.000000,
                      -0.773128,-0.000002, 0.634250, 0.000000,
                       0.000006, 0.499992,-0.000023, 1.000000;;
                    }
                  } // End of Armature_upperarm_twist_01_r
                } // End of Armature_upperarm_r
              } // End of Armature_clavicle_r
              Frame Armature_neck_01 {
                FrameTransformMatrix {
                   0.877573, 0.410316,-0.248005, 0.000000,
                  -0.292529, 0.868078, 0.401083, 0.000000,
                   0.379858,-0.279431, 0.881831, 0.000000,
                  -0.355316,16.558788, 0.000002, 1.000000;;
                }
                Frame Armature_head {
                  FrameTransformMatrix {
                     0.861106,-0.504640, 0.061922, 0.000000,
                     0.507859, 0.847996,-0.151599, 0.000000,
                     0.023993, 0.161991, 0.986501, 0.000000,
                     0.364153, 9.283616,-0.000000, 1.000000;;
                  }
                } // End of Armature_head
              } // End of Armature_neck_01
            } // End of Armature_spine_03
          } // End of Armature_spine_02
        } // End of Armature_spine_01
        Frame Armature_sword_holder {
          FrameTransformMatrix {
            -0.909314, 0.370363, 0.189679, 0.000000,
            -0.355306,-0.928335, 0.109325, 0.000000,
             0.216575, 0.032017, 0.975741, 0.000000,
            13.979994,19.493000,16.301003, 1.000000;;
          }
        } // End of Armature_sword_holder
        Frame Armature_thigh_l {
          FrameTransformMatrix {
            -0.449311,-0.875973,-0.175472, 0.000000,
            -0.791643, 0.299362, 0.532621, 0.000000,
            -0.414032, 0.378223,-0.827964, 0.000000,
            -1.448827, 0.531426, 9.005808, 1.000000;;
          }
          Frame Armature_calf_l {
            FrameTransformMatrix {
               0.430308,-0.902653,-0.007195, 0.000000,
               0.898060, 0.428897,-0.097655, 0.000000,
               0.091235, 0.035561, 0.995194, 0.000000,
              -0.092370,42.372875, 0.015336, 1.000000;;
            }
            Frame Armature_calf_twist_01_l {
              FrameTransformMatrix {
                 0.999878,-0.015222, 0.003638, 0.000000,
                 0.015236, 0.999877,-0.003824, 0.000000,
                -0.003580, 0.003879, 0.999986, 0.000000,
                -0.000003,20.476784,-0.000004, 1.000000;;
              }
            } // End of Armature_calf_twist_01_l
            Frame Armature_foot_l {
              FrameTransformMatrix {
                 0.354331,-0.776188,-0.521519, 0.000000,
                -0.901430,-0.431864, 0.030302, 0.000000,
                -0.248746, 0.459376,-0.852701, 0.000000,
                -0.000274,40.196529, 0.000530, 1.000000;;
              }
              Frame Armature_ball_l {
                FrameTransformMatrix {
                   0.010395, 0.999946, 0.000162, 0.000000,
                  -0.999946, 0.010395, 0.000075, 0.000000,
                   0.000073,-0.000163, 1.000000, 0.000000,
                  -10.453839,16.577856,-0.080161, 1.000000;;
                }
              } // End of Armature_ball_l
            } // End of Armature_foot_l
          } // End of Armature_calf_l
          Frame Armature_thigh_twist_01_l {
            FrameTransformMatrix {
               0.979245,-0.000964,-0.202677, 0.000000,
               0.000983, 0.999999,-0.000004, 0.000000,
               0.202677,-0.000196, 0.979246, 0.000000,
               0.000001,22.094250, 0.000001, 1.000000;;
            }
          } // End of Armature_thigh_twist_01_l
        } // End of Armature_thigh_l
        Frame Armature_thigh_r {
          FrameTransformMatrix {
             0.609769, 0.771556, 0.181337, 0.000000,
            -0.591584, 0.595322,-0.543710, 0.000000,
            -0.527457, 0.224262, 0.819449, 0.000000,
            -1.448634, 0.531429,-9.005802, 1.000000;;
          }
          Frame Armature_calf_r {
            FrameTransformMatrix {
               0.339209, 0.940690,-0.006371, 0.000000,
              -0.935794, 0.336736,-0.104390, 0.000000,
              -0.096053, 0.041372, 0.994516, 0.000000,
               0.112260,42.362122, 0.018277, 1.000000;;
            }
            Frame Armature_calf_twist_01_r {
              FrameTransformMatrix {
                 0.999748, 0.015296, 0.016454, 0.000000,
                -0.015235, 0.999876,-0.003825, 0.000000,
                -0.016511, 0.003573, 0.999857, 0.000000,
                -0.000001,20.476919, 0.000005, 1.000000;;
              }
            } // End of Armature_calf_twist_01_r
            Frame Armature_foot_r {
              FrameTransformMatrix {
                 0.284170, 0.842672, 0.457331, 0.000000,
                 0.931816,-0.355051, 0.075213, 0.000000,
                 0.225755, 0.404775,-0.886110, 0.000000,
                 0.000188,40.196728, 0.000471, 1.000000;;
              }
              Frame Armature_ball_r {
                FrameTransformMatrix {
                   0.005156,-0.999987,-0.000110, 0.000000,
                   0.999987, 0.005156, 0.000074, 0.000000,
                  -0.000073,-0.000110, 1.000000, 0.000000,
                  10.453818,16.577803,-0.080157, 1.000000;;
                }
              } // End of Armature_ball_r
            } // End of Armature_foot_r
          } // End of Armature_calf_r
          Frame Armature_thigh_twist_01_r {
            FrameTransformMatrix {
               0.990496, 0.000973,-0.137538, 0.000000,
              -0.000983, 1.000000,-0.000003, 0.000000,
               0.137538, 0.000138, 0.990497, 0.000000,
              -0.000003,22.094246, 0.000004, 1.000000;;
            }
          } // End of Armature_thigh_twist_01_r
        } // End of Armature_thigh_r
      } // End of Armature_pelvis
    } // End of Armature_root
  } // End of Armature
} // End of Root
AnimationSet Global {
  Animation {
    {Armature}
    AnimationKey { // Rotation
      0;
      165;
      0;4;-0.707107, 0.707107, 0.000000, 0.000000;;,
      1;4;-0.707107, 0.707107, 0.000000, 0.000000;;,
      2;4;-0.707107, 0.707107, 0.000000, 0.000000;;,
      3;4;-0.707107, 0.707107, 0.000000, 0.000000;;,
      4;4;-0.707107, 0.707107, 0.000000, 0.000000;;,
      5;4;-0.707107, 0.707107, 0.000000, 0.000000;;,
      6;4;-0.707107, 0.707107, 0.000000, 0.000000;;,
      7;4;-0.707107, 0.707107, 0.000000, 0.000000;;,
      8;4;-0.707107, 0.707107, 0.000000, 0.000000;;,
      9;4;-0.707107, 0.707107, 0.000000, 0.000000;;,
      10;4;-0.707107, 0.707107, 0.000000, 0.000000;;,
      11;4;-0.707107, 0.707107, 0.000000, 0.000000;;,
      12;4;-0.707107, 0.707107, 0.000000, 0.000000;;,
      13;4;-0.707107, 0.707107, 0.000000, 0.000000;;,
      14;4;-0.707107, 0.707107, 0.000000, 0.000000;;,
      15;4;-0.707107, 0.707107, 0.000000, 0.000000;;,
      16;4;-0.707107, 0.707107, 0.000000, 0.000000;;,
      17;4;-0.707107, 0.707107, 0.000000, 0.000000;;,
      18;4;-0.707107, 0.707107, 0.000000, 0.000000;;,
      19;4;-0.707107, 0.707107, 0.000000, 0.000000;;,
      20;4;-0.707107, 0.707107, 0.000000, 0.000000;;,
      21;4;-0.707107, 0.707107, 0.000000, 0.000000;;,
      22;4;-0.707107, 0.707107, 0.000000, 0.000000;;,
      23;4;-0.707107, 0.707107, 0.000000, 0.000000;;,
      24;4;-0.707107, 0.707107, 0.000000, 0.000000;;,
      25;4;-0.707107, 0.707107, 0.000000, 0.000000;;,
      26;4;-0.707107, 0.707107, 0.000000, 0.000000;;,
      27;4;-0.707107, 0.707107, 0.000000, 0.000000;;,
      28;4;-0.707107, 0.707107, 0.000000, 0.000000;;,
      29;4;-0.707107, 0.707107, 0.000000, 0.000000;;,
      30;4;-0.707107, 0.707107, 0.000000, 0.000000;;,
      31;4;-0.707107, 0.707107, 0.000000, 0.000000;;,
      32;4;-0.707107, 0.707107, 0.000000, 0.000000;;,
      33;4;-0.707107, 0.707107, 0.000000, 0.000000;;,
      34;4;-0.707107, 0.707107, 0.000000, 0.000000;;,
      35;4;-0.707107, 0.707107, 0.000000, 0.000000;;,
      36;4;-0.707107, 0.707107, 0.000000, 0.000000;;,
      37;4;-0.707107, 0.707107, 0.000000, 0.000000;;,
      38;4;-0.707107, 0.707107, 0.000000, 0.000000;;,
      39;4;-0.707107, 0.707107, 0.000000, 0.000000;;,
      40;4;-0.707107, 0.707107, 0.000000, 0.000000;;,
      41;4;-0.707107, 0.707107, 0.000000, 0.000000;;,
      42;4;-0.707107, 0.707107, 0.000000, 0.000000;;,
      43;4;-0.707107, 0.707107, 0.000000, 0.000000;;,
      44;4;-0.707107, 0.707107, 0.000000, 0.000000;;,
      45;4;-0.707107, 0.707107, 0.000000, 0.000000;;,
      46;4;-0.707107, 0.707107, 0.000000, 0.000000;;,
      47;4;-0.707107, 0.707107, 0.000000, 0.000000;;,
      48;4;-0.707107, 0.707107, 0.000000, 0.000000;;,
      49;4;-0.707107, 0.707107, 0.000000, 0.000000;;,
      50;4;-0.707107, 0.707107, 0.000000, 0.000000;;,
      51;4;-0.707107, 0.707107, 0.000000, 0.000000;;,
      52;4;-0.707107, 0.707107, 0.000000, 0.000000;;,
      53;4;-0.707107, 0.707107, 0.000000, 0.000000;;,
      54;4;-0.707107, 0.707107, 0.000000, 0.000000;;,
      55;4;-0.707107, 0.707107, 0.000000, 0.000000;;,
      56;4;-0.707107, 0.707107, 0.000000, 0.000000;;,
      57;4;-0.707107, 0.707107, 0.000000, 0.000000;;,
      58;4;-0.707107, 0.707107, 0.000000, 0.000000;;,
      59;4;-0.707107, 0.707107, 0.000000, 0.000000;;,
      60;4;-0.707107, 0.707107, 0.000000, 0.000000;;,
      61;4;-0.707107, 0.707107, 0.000000, 0.000000;;,
      62;4;-0.707107, 0.707107, 0.000000, 0.000000;;,
      63;4;-0.707107, 0.707107, 0.000000, 0.000000;;,
      64;4;-0.707107, 0.707107, 0.000000, 0.000000;;,
      65;4;-0.707107, 0.707107, 0.000000, 0.000000;;,
      66;4;-0.707107, 0.707107, 0.000000, 0.000000;;,
      67;4;-0.707107, 0.707107, 0.000000, 0.000000;;,
      68;4;-0.707107, 0.707107, 0.000000, 0.000000;;,
      69;4;-0.707107, 0.707107, 0.000000, 0.000000;;,
      70;4;-0.707107, 0.707107, 0.000000, 0.000000;;,
      71;4;-0.707107, 0.707107, 0.000000, 0.000000;;,
      72;4;-0.707107, 0.707107, 0.000000, 0.000000;;,
      73;4;-0.707107, 0.707107, 0.000000, 0.000000;;,
      74;4;-0.707107, 0.707107, 0.000000, 0.000000;;,
      75;4;-0.707107, 0.707107, 0.000000, 0.000000;;,
      76;4;-0.707107, 0.707107, 0.000000, 0.000000;;,
      77;4;-0.707107, 0.707107, 0.000000, 0.000000;;,
      78;4;-0.707107, 0.707107, 0.000000, 0.000000;;,
      79;4;-0.707107, 0.707107, 0.000000, 0.000000;;,
      80;4;-0.707107, 0.707107, 0.000000, 0.000000;;,
      81;4;-0.707107, 0.707107, 0.000000, 0.000000;;,
      82;4;-0.707107, 0.707107, 0.000000, 0.000000;;,
      83;4;-0.707107, 0.707107, 0.000000, 0.000000;;,
      84;4;-0.707107, 0.707107, 0.000000, 0.000000;;,
      85;4;-0.707107, 0.707107, 0.000000, 0.000000;;,
      86;4;-0.707107, 0.707107, 0.000000, 0.000000;;,
      87;4;-0.707107, 0.707107, 0.000000, 0.000000;;,
      88;4;-0.707107, 0.707107, 0.000000, 0.000000;;,
      89;4;-0.707107, 0.707107, 0.000000, 0.000000;;,
      90;4;-0.707107, 0.707107, 0.000000, 0.000000;;,
      91;4;-0.707107, 0.707107, 0.000000, 0.000000;;,
      92;4;-0.707107, 0.707107, 0.000000, 0.000000;;,
      93;4;-0.707107, 0.707107, 0.000000, 0.000000;;,
      94;4;-0.707107, 0.707107, 0.000000, 0.000000;;,
      95;4;-0.707107, 0.707107, 0.000000, 0.000000;;,
      96;4;-0.707107, 0.707107, 0.000000, 0.000000;;,
      97;4;-0.707107, 0.707107, 0.000000, 0.000000;;,
      98;4;-0.707107, 0.707107, 0.000000, 0.000000;;,
      99;4;-0.707107, 0.707107, 0.000000, 0.000000;;,
      100;4;-0.707107, 0.707107, 0.000000, 0.000000;;,
      101;4;-0.707107, 0.707107, 0.000000, 0.000000;;,
      102;4;-0.707107, 0.707107, 0.000000, 0.000000;;,
      103;4;-0.707107, 0.707107, 0.000000, 0.000000;;,
      104;4;-0.707107, 0.707107, 0.000000, 0.000000;;,
      105;4;-0.707107, 0.707107, 0.000000, 0.000000;;,
      106;4;-0.707107, 0.707107, 0.000000, 0.000000;;,
      107;4;-0.707107, 0.707107, 0.000000, 0.000000;;,
      108;4;-0.707107, 0.707107, 0.000000, 0.000000;;,
      109;4;-0.707107, 0.707107, 0.000000, 0.000000;;,
      110;4;-0.707107, 0.707107, 0.000000, 0.000000;;,
      111;4;-0.707107, 0.707107, 0.000000, 0.000000;;,
      112;4;-0.707107, 0.707107, 0.000000, 0.000000;;,
      113;4;-0.707107, 0.707107, 0.000000, 0.000000;;,
      114;4;-0.707107, 0.707107, 0.000000, 0.000000;;,
      115;4;-0.707107, 0.707107, 0.000000, 0.000000;;,
      116;4;-0.707107, 0.707107, 0.000000, 0.000000;;,
      117;4;-0.707107, 0.707107, 0.000000, 0.000000;;,
      118;4;-0.707107, 0.707107, 0.000000, 0.000000;;,
      119;4;-0.707107, 0.707107, 0.000000, 0.000000;;,
      120;4;-0.707107, 0.707107, 0.000000, 0.000000;;,
      121;4;-0.707107, 0.707107, 0.000000, 0.000000;;,
      122;4;-0.707107, 0.707107, 0.000000, 0.000000;;,
      123;4;-0.707107, 0.707107, 0.000000, 0.000000;;,
      124;4;-0.707107, 0.707107, 0.000000, 0.000000;;,
      125;4;-0.707107, 0.707107, 0.000000, 0.000000;;,
      126;4;-0.707107, 0.707107, 0.000000, 0.000000;;,
      127;4;-0.707107, 0.707107, 0.000000, 0.000000;;,
      128;4;-0.707107, 0.707107, 0.000000, 0.000000;;,
      129;4;-0.707107, 0.707107, 0.000000, 0.000000;;,
      130;4;-0.707107, 0.707107, 0.000000, 0.000000;;,
      131;4;-0.707107, 0.707107, 0.000000, 0.000000;;,
      132;4;-0.707107, 0.707107, 0.000000, 0.000000;;,
      133;4;-0.707107, 0.707107, 0.000000, 0.000000;;,
      134;4;-0.707107, 0.707107, 0.000000, 0.000000;;,
      135;4;-0.707107, 0.707107, 0.000000, 0.000000;;,
      136;4;-0.707107, 0.707107, 0.000000, 0.000000;;,
      137;4;-0.707107, 0.707107, 0.000000, 0.000000;;,
      138;4;-0.707107, 0.707107, 0.000000, 0.000000;;,
      139;4;-0.707107, 0.707107, 0.000000, 0.000000;;,
      140;4;-0.707107, 0.707107, 0.000000, 0.000000;;,
      141;4;-0.707107, 0.707107, 0.000000, 0.000000;;,
      142;4;-0.707107, 0.707107, 0.000000, 0.000000;;,
      143;4;-0.707107, 0.707107, 0.000000, 0.000000;;,
      144;4;-0.707107, 0.707107, 0.000000, 0.000000;;,
      145;4;-0.707107, 0.707107, 0.000000, 0.000000;;,
      146;4;-0.707107, 0.707107, 0.000000, 0.000000;;,
      147;4;-0.707107, 0.707107, 0.000000, 0.000000;;,
      148;4;-0.707107, 0.707107, 0.000000, 0.000000;;,
      149;4;-0.707107, 0.707107, 0.000000, 0.000000;;,
      150;4;-0.707107, 0.707107, 0.000000, 0.000000;;,
      151;4;-0.707107, 0.707107, 0.000000, 0.000000;;,
      152;4;-0.707107, 0.707107, 0.000000, 0.000000;;,
      153;4;-0.707107, 0.707107, 0.000000, 0.000000;;,
      154;4;-0.707107, 0.707107, 0.000000, 0.000000;;,
      155;4;-0.707107, 0.707107, 0.000000, 0.000000;;,
      156;4;-0.707107, 0.707107, 0.000000, 0.000000;;,
      157;4;-0.707107, 0.707107, 0.000000, 0.000000;;,
      158;4;-0.707107, 0.707107, 0.000000, 0.000000;;,
      159;4;-0.707107, 0.707107, 0.000000, 0.000000;;,
      160;4;-0.707107, 0.707107, 0.000000, 0.000000;;,
      161;4;-0.707107, 0.707107, 0.000000, 0.000000;;,
      162;4;-0.707107, 0.707107, 0.000000, 0.000000;;,
      163;4;-0.707107, 0.707107, 0.000000, 0.000000;;,
      164;4;-0.707107, 0.707107, 0.000000, 0.000000;;;
    }
    AnimationKey { // Scale
      1;
      165;
      0;3; 0.010000, 0.010000, 0.010000;;,
      1;3; 0.010000, 0.010000, 0.010000;;,
      2;3; 0.010000, 0.010000, 0.010000;;,
      3;3; 0.010000, 0.010000, 0.010000;;,
      4;3; 0.010000, 0.010000, 0.010000;;,
      5;3; 0.010000, 0.010000, 0.010000;;,
      6;3; 0.010000, 0.010000, 0.010000;;,
      7;3; 0.010000, 0.010000, 0.010000;;,
      8;3; 0.010000, 0.010000, 0.010000;;,
      9;3; 0.010000, 0.010000, 0.010000;;,
      10;3; 0.010000, 0.010000, 0.010000;;,
      11;3; 0.010000, 0.010000, 0.010000;;,
      12;3; 0.010000, 0.010000, 0.010000;;,
      13;3; 0.010000, 0.010000, 0.010000;;,
      14;3; 0.010000, 0.010000, 0.010000;;,
      15;3; 0.010000, 0.010000, 0.010000;;,
      16;3; 0.010000, 0.010000, 0.010000;;,
      17;3; 0.010000, 0.010000, 0.010000;;,
      18;3; 0.010000, 0.010000, 0.010000;;,
      19;3; 0.010000, 0.010000, 0.010000;;,
      20;3; 0.010000, 0.010000, 0.010000;;,
      21;3; 0.010000, 0.010000, 0.010000;;,
      22;3; 0.010000, 0.010000, 0.010000;;,
      23;3; 0.010000, 0.010000, 0.010000;;,
      24;3; 0.010000, 0.010000, 0.010000;;,
      25;3; 0.010000, 0.010000, 0.010000;;,
      26;3; 0.010000, 0.010000, 0.010000;;,
      27;3; 0.010000, 0.010000, 0.010000;;,
      28;3; 0.010000, 0.010000, 0.010000;;,
      29;3; 0.010000, 0.010000, 0.010000;;,
