xof 0303txt 0032

template XSkinMeshHeader {
  <3cf169ce-ff7c-44ab-93c0-f78f62d172e2>
  WORD nMaxSkinWeightsPerVertex;
  WORD nMaxSkinWeightsPerFace;
  WORD nBones;
}

template SkinWeights {
  <6f0d123b-bad2-4167-a0d0-80224f25fabb>
  STRING transformNodeName;
  DWORD nWeights;
  array DWORD vertexIndices[nWeights];
  array float weights[nWeights];
  Matrix4x4 matrixOffset;
}

Frame Root {
  FrameTransformMatrix {
     1.000000, 0.000000, 0.000000, 0.000000,
     0.000000,-0.000000, 1.000000, 0.000000,
     0.000000, 1.000000, 0.000000, 0.000000,
     0.000000, 0.000000, 0.000000, 1.000000;;
  }
  Frame Armature {
    FrameTransformMatrix {
       0.010000, 0.000000, 0.000000, 0.000000,
       0.000000,-0.000000, 0.010000, 0.000000,
       0.000000,-0.010000,-0.000000, 0.000000,
       0.000000, 0.000000, 0.000000, 1.000000;;
    }
    Frame Armature_root {
      FrameTransformMatrix {
         1.000000, 0.000000, 0.000000, 0.000000,
         0.000000, 1.000000, 0.000000, 0.000000,
         0.000000, 0.000000, 1.000000, 0.000000,
         0.000000, 0.000006, 0.000000, 1.000000;;
      }
      Frame Armature_ik_foot_root {
        FrameTransformMatrix {
           0.000000,-0.000000,-1.000000, 0.000000,
           1.000000, 0.000000, 0.000000, 0.000000,
           0.000000,-1.000000, 0.000000, 0.000000,
           0.000000, 0.000000, 0.000000, 1.000000;;
        }
        Frame Armature_ik_foot_l {
          FrameTransformMatrix {
            -0.347791,-0.937572,-0.000655, 0.000000,
             0.045788,-0.016288,-0.998818, 0.000000,
             0.936453,-0.347410, 0.048595, 0.000000,
            60.723396,27.537401,-12.588336, 1.000000;;
          }
        } // End of Armature_ik_foot_l
        Frame Armature_ik_foot_r {
          FrameTransformMatrix {
            -0.686038, 0.725970, 0.048159, 0.000000,
             0.024797,-0.042824, 0.998775, 0.000000,
             0.727143, 0.686391, 0.011377, 0.000000,
            -47.600876,-41.479050,-13.460853, 1.000000;;
          }
        } // End of Armature_ik_foot_r
      } // End of Armature_ik_foot_root
      Frame Armature_ik_hand_root {
        FrameTransformMatrix {
           1.000000, 0.000000, 0.000000, 0.000000,
           0.000000, 1.000000, 0.000000, 0.000000,
           0.000000, 0.000000, 1.000000, 0.000000,
           0.000000, 0.000000, 0.000000, 1.000000;;
        }
        Frame Armature_ik_hand_gun {
          FrameTransformMatrix {
            -0.047822, 0.530061, 0.846610, 0.000000,
            -0.909204, 0.327857,-0.256629, 0.000000,
            -0.413596,-0.782013, 0.466254, 0.000000,
            50.791023,93.007858,-17.078730, 1.000000;;
          }
          Frame Armature_ik_hand_l {
            FrameTransformMatrix {
              -0.612517, 0.725094,-0.314739, 0.000000,
               0.380771,-0.078274,-0.921350, 0.000000,
              -0.692702,-0.684187,-0.228150, 0.000000,
               1.486752,87.553841,-12.343615, 1.000000;;
            }
          } // End of Armature_ik_hand_l
          Frame Armature_ik_hand_r {
            FrameTransformMatrix {
               1.000000, 0.000001,-0.000000, 0.000000,
              -0.000001, 1.000000,-0.000001, 0.000000,
               0.000000, 0.000001, 1.000000, 0.000000,
               0.000035,-0.000033, 0.000032, 1.000000;;
            }
          } // End of Armature_ik_hand_r
        } // End of Armature_ik_hand_gun
      } // End of Armature_ik_hand_root
      Frame Armature_pelvis {
        FrameTransformMatrix {
          -0.145264, 0.985516, 0.087498, 0.000000,
           0.986386, 0.137365, 0.090414, 0.000000,
           0.077085, 0.099441,-0.992053, 0.000000,
          -2.456179,63.824684,-4.372900, 1.000000;;
        }
        Frame Armature_spine_01 {
          FrameTransformMatrix {
             0.564095,-0.788984,-0.243517, 0.000000,
             0.779577, 0.606089,-0.157849, 0.000000,
             0.272133,-0.100798, 0.956966, 0.000000,
            10.808870, 0.851420, 0.000005, 1.000000;;
          }
          Frame Armature_spine_02 {
            FrameTransformMatrix {
               0.953637, 0.194636,-0.229548, 0.000000,
              -0.216619, 0.973405,-0.074563, 0.000000,
               0.208931, 0.120830, 0.970437, 0.000000,
               3.713496,18.811602, 0.869894, 1.000000;;
            }
            Frame Armature_spine_03 {
              FrameTransformMatrix {
                 0.977426, 0.025516,-0.209734, 0.000000,
                -0.032060, 0.999098,-0.027858, 0.000000,
                 0.208834, 0.033953, 0.977362, 0.000000,
                 0.380101,13.411944, 0.180281, 1.000000;;
              }
              Frame Armature_clavicle_l {
                FrameTransformMatrix {
                   0.889723, 0.146061,-0.432503, 0.000000,
                   0.445145,-0.067588, 0.892904, 0.000000,
                   0.101187,-0.986964,-0.125153, 0.000000,
                  -2.732091,11.883691, 3.781977, 1.000000;;
                }
                Frame Armature_upperarm_l {
                  FrameTransformMatrix {
                     0.826524,-0.055680, 0.560141, 0.000000,
                    -0.303569, 0.793897, 0.526852, 0.000000,
                    -0.474030,-0.605497, 0.639272, 0.000000,
                     0.000001,15.784870, 0.000009, 1.000000;;
                  }
                  Frame Armature_lowerarm_l {
                    FrameTransformMatrix {
                       0.898823, 0.438263, 0.006566, 0.000000,
                      -0.438157, 0.898004, 0.040088, 0.000000,
                       0.011673,-0.038909, 0.999174, 0.000000,
                      -0.000003,30.339931, 0.000007, 1.000000;;
                    }
                    Frame Armature_hand_l {
                      FrameTransformMatrix {
                         0.617881,-0.101960, 0.779633, 0.000000,
                         0.125077, 0.991676, 0.030563, 0.000000,
                        -0.776259, 0.078630, 0.625491, 0.000000,
                         0.000003,26.975151,-0.000004, 1.000000;;
                      }
                      Frame Armature_index_01_l {
                        FrameTransformMatrix {
                           0.964274,-0.061299,-0.257715, 0.000000,
                           0.089814, 0.990889, 0.100362, 0.000000,
                           0.249215,-0.119923, 0.960994, 0.000000,
                           1.763476,12.068113, 2.109400, 1.000000;;
                        }
                        Frame Armature_index_02_l {
                          FrameTransformMatrix {
                             0.979538,-0.199125,-0.029237, 0.000000,
                             0.201065, 0.974593, 0.098695, 0.000000,
                             0.008842,-0.102554, 0.994688, 0.000000,
                            -0.000004, 4.287501,-0.000002, 1.000000;;
                          }
                          Frame Armature_index_03_l {
                            FrameTransformMatrix {
                               0.997545, 0.066720,-0.021249, 0.000000,
                              -0.066704, 0.997772, 0.001433, 0.000000,
                               0.021297,-0.000012, 0.999773, 0.000000,
                               0.000006, 3.393803, 0.000008, 1.000000;;
                            }
                          } // End of Armature_index_03_l
                        } // End of Armature_index_02_l
                      } // End of Armature_index_01_l
                      Frame Armature_middle_01_l {
                        FrameTransformMatrix {
                           0.935806,-0.349845,-0.043312, 0.000000,
                           0.336700, 0.923438,-0.184107, 0.000000,
                           0.104404, 0.157706, 0.981951, 0.000000,
                           1.293647,12.244282,-0.571163, 1.000000;;
                        }
                        Frame Armature_middle_02_l {
                          FrameTransformMatrix {
                             0.940085,-0.340022, 0.025017, 0.000000,
                             0.336491, 0.937131, 0.092519, 0.000000,
                            -0.054903,-0.078557, 0.995397, 0.000000,
                            -0.000007, 4.640370,-0.000006, 1.000000;;
                          }
                          Frame Armature_middle_03_l {
                            FrameTransformMatrix {
                               0.999631, 0.026966,-0.003254, 0.000000,
                              -0.026966, 0.999636, 0.000019, 0.000000,
                               0.003254, 0.000069, 0.999995, 0.000000,
                               0.000002, 3.648849,-0.000002, 1.000000;;
                            }
                          } // End of Armature_middle_03_l
                        } // End of Armature_middle_02_l
                      } // End of Armature_middle_01_l
                      Frame Armature_pinky_01_l {
                        FrameTransformMatrix {
                           0.828926,-0.439112, 0.346499, 0.000000,
                           0.545097, 0.773125,-0.324262, 0.000000,
                          -0.125499, 0.457665, 0.880223, 0.000000,
                           2.263152,10.140667,-4.643152, 1.000000;;
                        }
                        Frame Armature_pinky_02_l {
                          FrameTransformMatrix {
                             0.854251,-0.518283,-0.040471, 0.000000,
                             0.518271, 0.855138,-0.011602, 0.000000,
                             0.040621,-0.011064, 0.999113, 0.000000,
                             0.000016, 3.570984,-0.000008, 1.000000;;
                          }
                          Frame Armature_pinky_03_l {
                            FrameTransformMatrix {
                               0.963086,-0.269106,-0.006928, 0.000000,
                               0.269100, 0.963110,-0.001872, 0.000000,
                               0.007177,-0.000061, 0.999974, 0.000000,
                              -0.000013, 2.985635,-0.000004, 1.000000;;
                            }
                          } // End of Armature_pinky_03_l
                        } // End of Armature_pinky_02_l
                      } // End of Armature_pinky_01_l
                      Frame Armature_ring_01_l {
                        FrameTransformMatrix {
                           0.828974,-0.486604, 0.275717, 0.000000,
                           0.549925, 0.798995,-0.243289, 0.000000,
                          -0.101911, 0.353304, 0.929941, 0.000000,
                           1.753522,11.497889,-2.846914, 1.000000;;
                        }
                        Frame Armature_ring_02_l {
                          FrameTransformMatrix {
                             0.998402,-0.055577,-0.010172, 0.000000,
                             0.055659, 0.998418, 0.007946, 0.000000,
                             0.009714,-0.008499, 0.999917, 0.000000,
                             0.000015, 4.430176,-0.000005, 1.000000;;
                          }
                          Frame Armature_ring_03_l {
                            FrameTransformMatrix {
                               0.996480, 0.083834, 0.000388, 0.000000,
                              -0.083834, 0.996480, 0.000013, 0.000000,
                              -0.000386,-0.000046, 1.000000, 0.000000,
                               0.000003, 3.476658,-0.000004, 1.000000;;
                            }
                          } // End of Armature_ring_03_l
                        } // End of Armature_ring_02_l
                      } // End of Armature_ring_01_l
                      Frame Armature_thumb_01_l {
                        FrameTransformMatrix {
                          -0.049884, 0.340784,-0.938818, 0.000000,
                           0.696398, 0.685663, 0.211888, 0.000000,
                           0.715920,-0.643221,-0.271524, 0.000000,
                           2.374982, 4.762040, 2.537825, 1.000000;;
                        }
                        Frame Armature_thumb_02_l {
                          FrameTransformMatrix {
                             0.994917,-0.094572,-0.034578, 0.000000,
                             0.097443, 0.990808, 0.093837, 0.000000,
                             0.025386,-0.096729, 0.994987, 0.000000,
                             0.000004, 3.869674, 0.000006, 1.000000;;
                          }
                          Frame Armature_thumb_03_l {
                            FrameTransformMatrix {
                               0.993105,-0.092366,-0.072195, 0.000000,
                               0.099652, 0.989482, 0.104857, 0.000000,
                               0.061750,-0.111328, 0.991863, 0.000000,
                               0.000002, 4.062166,-0.000005, 1.000000;;
                            }
                          } // End of Armature_thumb_03_l
                        } // End of Armature_thumb_02_l
                      } // End of Armature_thumb_01_l
                    } // End of Armature_hand_l
                    Frame Armature_lowerarm_twist_01_l {
                      FrameTransformMatrix {
                         0.944934,-0.000000,-0.327262, 0.000000,
                         0.000000, 1.000000, 0.000000, 0.000000,
                         0.327262,-0.000000, 0.944934, 0.000000,
                        -0.000001,14.000000,-0.000015, 1.000000;;
                      }
                    } // End of Armature_lowerarm_twist_01_l
                  } // End of Armature_lowerarm_l
                  Frame Armature_upperarm_twist_01_l {
                    FrameTransformMatrix {
                       0.744187, 0.000000,-0.667972, 0.000000,
                      -0.000000, 1.000000, 0.000000, 0.000000,
                       0.667972,-0.000000, 0.744187, 0.000000,
                       0.000003, 0.499996,-0.000002, 1.000000;;
                    }
                  } // End of Armature_upperarm_twist_01_l
                } // End of Armature_upperarm_l
              } // End of Armature_clavicle_l
              Frame Armature_clavicle_r {
                FrameTransformMatrix {
                  -0.945834,-0.129491,-0.297709, 0.000000,
                   0.313345,-0.124216,-0.941480, 0.000000,
                   0.084934,-0.983769, 0.158063, 0.000000,
                  -2.732106,11.883784,-3.782001, 1.000000;;
                }
                Frame Armature_upperarm_r {
                  FrameTransformMatrix {
                    -0.194593,-0.956669,-0.216604, 0.000000,
                     0.977275,-0.208017, 0.040774, 0.000000,
                    -0.084064,-0.203747, 0.975408, 0.000000,
                    -0.000045,15.784750, 0.000078, 1.000000;;
                  }
                  Frame Armature_lowerarm_r {
                    FrameTransformMatrix {
                       0.498778,-0.861557,-0.094555, 0.000000,
                       0.856063, 0.506762,-0.101725, 0.000000,
                       0.135559,-0.030206, 0.990309, 0.000000,
                      -0.000004,30.340054,-0.000010, 1.000000;;
                    }
                    Frame Armature_hand_r {
                      FrameTransformMatrix {
                        -0.585196, 0.026048,-0.810473, 0.000000,
                        -0.709419, 0.467674, 0.527262, 0.000000,
                         0.392771, 0.883517,-0.255203, 0.000000,
                        -0.000001,26.975246,-0.000002, 1.000000;;
                      }
                      Frame Armature_index_01_r {
                        FrameTransformMatrix {
                           0.680579, 0.711086, 0.176545, 0.000000,
                          -0.685835, 0.703072,-0.187937, 0.000000,
                          -0.257763, 0.006826, 0.966184, 0.000000,
                          -1.763753,12.067948, 2.109437, 1.000000;;
                        }
                        Frame Armature_index_02_r {
                          FrameTransformMatrix {
                            -0.096417, 0.990319, 0.099861, 0.000000,
                            -0.995296,-0.094969,-0.019173, 0.000000,
                            -0.009504,-0.101240, 0.994817, 0.000000,
                             0.000087, 4.287691,-0.000080, 1.000000;;
                          }
                          Frame Armature_index_03_r {
                            FrameTransformMatrix {
                               0.666916, 0.744997, 0.014205, 0.000000,
                              -0.744828, 0.667068,-0.015865, 0.000000,
                              -0.021295, 0.000001, 0.999773, 0.000000,
                               0.000118, 3.393798,-0.000016, 1.000000;;
                            }
                          } // End of Armature_index_03_r
                        } // End of Armature_index_02_r
                      } // End of Armature_index_01_r
                      Frame Armature_middle_01_r {
                        FrameTransformMatrix {
                           0.441929, 0.896672,-0.026033, 0.000000,
                          -0.895749, 0.439541,-0.066612, 0.000000,
                          -0.048287, 0.052756, 0.997439, 0.000000,
                          -1.293753,12.244121,-0.571122, 1.000000;;
                        }
                        Frame Armature_middle_02_r {
                          FrameTransformMatrix {
                             0.178865, 0.979905, 0.088286, 0.000000,
                            -0.981563, 0.171578, 0.084234, 0.000000,
                             0.067393,-0.101725, 0.992527, 0.000000,
                            -0.000151, 4.640569,-0.000002, 1.000000;;
                          }
                          Frame Armature_middle_03_r {
                            FrameTransformMatrix {
                               0.131027, 0.991379, 0.000429, 0.000000,
                              -0.991373, 0.131028,-0.003245, 0.000000,
                              -0.003273,-0.000000, 0.999995, 0.000000,
                               0.000036, 3.648911, 0.000007, 1.000000;;
                            }
                          } // End of Armature_middle_03_r
                        } // End of Armature_middle_02_r
                      } // End of Armature_middle_01_r
                      Frame Armature_pinky_01_r {
                        FrameTransformMatrix {
                           0.827081, 0.473667,-0.302614, 0.000000,
                          -0.535493, 0.827640,-0.168105, 0.000000,
                           0.170829, 0.301085, 0.938171, 0.000000,
                          -2.263388,10.140581,-4.643092, 1.000000;;
                        }
                        Frame Armature_pinky_02_r {
                          FrameTransformMatrix {
                             0.135758, 0.989592, 0.047733, 0.000000,
                            -0.990283, 0.137004,-0.023853, 0.000000,
                            -0.030144,-0.044031, 0.998575, 0.000000,
                            -0.000070, 3.571054,-0.000015, 1.000000;;
                          }
                          Frame Armature_pinky_03_r {
                            FrameTransformMatrix {
                              -0.138520, 0.990359,-0.000993, 0.000000,
                              -0.990334,-0.138523,-0.007094, 0.000000,
                              -0.007163, 0.000000, 0.999974, 0.000000,
                               0.000317, 2.985414,-0.000032, 1.000000;;
                            }
                          } // End of Armature_pinky_03_r
                        } // End of Armature_pinky_02_r
                      } // End of Armature_pinky_01_r
                      Frame Armature_ring_01_r {
                        FrameTransformMatrix {
                           0.488692, 0.835028,-0.252800, 0.000000,
                          -0.863052, 0.505115, 0.000075, 0.000000,
                           0.127756, 0.218143, 0.967518, 0.000000,
                          -1.753795,11.497968,-2.846911, 1.000000;;
                        }
                        Frame Armature_ring_02_r {
                          FrameTransformMatrix {
                            -0.098075, 0.994969, 0.020465, 0.000000,
                            -0.995158,-0.097919,-0.008487, 0.000000,
                            -0.006441,-0.021198, 0.999755, 0.000000,
                             0.000084, 4.429862,-0.000019, 1.000000;;
                          }
                          Frame Armature_ring_03_r {
                            FrameTransformMatrix {
                               0.264060, 0.964506,-0.000106, 0.000000,
                              -0.964506, 0.264060, 0.000387, 0.000000,
                               0.000401,-0.000000, 1.000000, 0.000000,
                               0.000074, 3.476663, 0.000008, 1.000000;;
                            }
                          } // End of Armature_ring_03_r
                        } // End of Armature_ring_02_r
                      } // End of Armature_ring_01_r
                      Frame Armature_thumb_01_r {
                        FrameTransformMatrix {
                           0.166766,-0.399675, 0.901360, 0.000000,
                          -0.684860, 0.610703, 0.397503, 0.000000,
                          -0.709335,-0.683595,-0.171877, 0.000000,
                          -2.375128, 4.762128, 2.537804, 1.000000;;
                        }
                        Frame Armature_thumb_02_r {
                          FrameTransformMatrix {
                             0.809496, 0.587036, 0.010213, 0.000000,
                            -0.587123, 0.809317, 0.017123, 0.000000,
                             0.001786,-0.019857, 0.999801, 0.000000,
                             0.000114, 3.869576, 0.000054, 1.000000;;
                          }
                          Frame Armature_thumb_03_r {
                            FrameTransformMatrix {
                               0.696232, 0.717190, 0.029994, 0.000000,
                              -0.716526, 0.696877,-0.030870, 0.000000,
                              -0.043042, 0.000002, 0.999073, 0.000000,
                              -0.000001, 4.062183,-0.000001, 1.000000;;
                            }
                          } // End of Armature_thumb_03_r
                        } // End of Armature_thumb_02_r
                      } // End of Armature_thumb_01_r
                      Frame Armature_weapon_r {
                        FrameTransformMatrix {
                          -0.005470,-0.000002,-0.999985, 0.000000,
                          -0.000002,-1.000000, 0.000002, 0.000000,
                          -0.999985, 0.000002, 0.005470, 0.000000,
                          -4.667009,11.309000,-1.092999, 1.000000;;
                        }
                      } // End of Armature_weapon_r
                    } // End of Armature_hand_r
                    Frame Armature_lowerarm_twist_01_r {
                      FrameTransformMatrix {
                         0.746259, 0.000000,-0.665655, 0.000000,
                         0.000000, 1.000000, 0.000000, 0.000000,
                         0.665655,-0.000000, 0.746259, 0.000000,
                         0.000026,13.999998,-0.000006, 1.000000;;
                      }
                    } // End of Armature_lowerarm_twist_01_r
                  } // End of Armature_lowerarm_r
                  Frame Armature_upperarm_twist_01_r {
                    FrameTransformMatrix {
                       0.999947,-0.000000,-0.010320, 0.000000,
                      -0.000000, 1.000000,-0.000000, 0.000000,
                       0.010320, 0.000000, 0.999947, 0.000000,
                       0.000004, 0.499996, 0.000001, 1.000000;;
                    }
                  } // End of Armature_upperarm_twist_01_r
                } // End of Armature_upperarm_r
              } // End of Armature_clavicle_r
              Frame Armature_neck_01 {
                FrameTransformMatrix {
                   0.834456, 0.317594, 0.450353, 0.000000,
                  -0.093123, 0.886740,-0.452792, 0.000000,
                  -0.543149, 0.335897, 0.769520, 0.000000,
                  -0.355326,16.558779,-0.000003, 1.000000;;
                }
                Frame Armature_head {
                  FrameTransformMatrix {
                     0.749622,-0.470422, 0.465586, 0.000000,
                     0.584423, 0.800641,-0.131998, 0.000000,
                    -0.310672, 0.371047, 0.875104, 0.000000,
                     0.364148, 9.283614, 0.000000, 1.000000;;
                  }
                } // End of Armature_head
              } // End of Armature_neck_01
            } // End of Armature_spine_03
          } // End of Armature_spine_02
        } // End of Armature_spine_01
        Frame Armature_sword_holder {
          FrameTransformMatrix {
            -0.909314, 0.370364, 0.189678, 0.000000,
            -0.355306,-0.928335, 0.109325, 0.000000,
             0.216574, 0.032017, 0.975741, 0.000000,
            13.979984,19.493004,16.301012, 1.000000;;
          }
        } // End of Armature_sword_holder
        Frame Armature_thigh_l {
          FrameTransformMatrix {
            -0.608096,-0.773395, 0.179106, 0.000000,
            -0.603699, 0.597019, 0.528315, 0.000000,
            -0.515525, 0.213140,-0.829943, 0.000000,
            -1.448830, 0.531422, 9.005808, 1.000000;;
          }
          Frame Armature_calf_l {
            FrameTransformMatrix {
               0.650997,-0.757971,-0.041017, 0.000000,
               0.754613, 0.652074,-0.073202, 0.000000,
               0.082231, 0.016702, 0.996473, 0.000000,
              -0.046382,42.412827, 0.008364, 1.000000;;
            }
            Frame Armature_calf_twist_01_l {
              FrameTransformMatrix {
                 0.993324,-0.014697, 0.114419, 0.000000,
                 0.015235, 0.999877,-0.003824, 0.000000,
                -0.114349, 0.005541, 0.993425, 0.000000,
                 0.000013,20.476778,-0.000000, 1.000000;;
              }
            } // End of Armature_calf_twist_01_l
            Frame Armature_foot_l {
              FrameTransformMatrix {
                -0.067287,-0.747725,-0.660591, 0.000000,
                -0.979868, 0.174257,-0.097435, 0.000000,
                 0.187967, 0.640736,-0.744397, 0.000000,
                 0.000277,40.196438, 0.000725, 1.000000;;
              }
              Frame Armature_ball_l {
                FrameTransformMatrix {
                  -0.032878, 0.999459, 0.000201, 0.000000,
                  -0.999459,-0.032878, 0.000065, 0.000000,
                   0.000072,-0.000199, 1.000000, 0.000000,
                  -10.453835,16.577847,-0.080150, 1.000000;;
                }
              } // End of Armature_ball_l
            } // End of Armature_foot_l
          } // End of Armature_calf_l
          Frame Armature_thigh_twist_01_l {
            FrameTransformMatrix {
               0.990979,-0.000975, 0.134015, 0.000000,
               0.000984, 1.000000,-0.000004, 0.000000,
              -0.134015, 0.000136, 0.990979, 0.000000,
              -0.000007,22.094242,-0.000006, 1.000000;;
            }
          } // End of Armature_thigh_twist_01_l
        } // End of Armature_thigh_l
        Frame Armature_thigh_r {
          FrameTransformMatrix {
             0.303905, 0.881936,-0.360319, 0.000000,
            -0.451741,-0.199589,-0.869537, 0.000000,
            -0.838792, 0.427027, 0.337751, 0.000000,
            -1.448647, 0.531434,-9.005800, 1.000000;;
          }
          Frame Armature_calf_r {
            FrameTransformMatrix {
               0.669046, 0.741926, 0.043858, 0.000000,
              -0.738714, 0.670318,-0.070535, 0.000000,
              -0.081730, 0.014792, 0.996544, 0.000000,
               0.042841,42.417366, 0.007822, 1.000000;;
            }
            Frame Armature_calf_twist_01_r {
              FrameTransformMatrix {
                 0.997947, 0.015444, 0.062152, 0.000000,
                -0.015235, 0.999877,-0.003824, 0.000000,
                -0.062203, 0.002870, 0.998059, 0.000000,
                 0.000004,20.476927, 0.000006, 1.000000;;
              }
            } // End of Armature_calf_twist_01_r
            Frame Armature_foot_r {
              FrameTransformMatrix {
                 0.149598, 0.633624, 0.759039, 0.000000,
                 0.919373,-0.371627, 0.129026, 0.000000,
                 0.363833, 0.678538,-0.638131, 0.000000,
                 0.000047,40.196533, 0.000850, 1.000000;;
              }
              Frame Armature_ball_r {
                FrameTransformMatrix {
                  -0.002067,-0.999998, 0.000561, 0.000000,
                   0.999998,-0.002067, 0.000072, 0.000000,
                  -0.000071, 0.000561, 1.000000, 0.000000,
                  10.453817,16.577814,-0.080163, 1.000000;;
                }
              } // End of Armature_ball_r
            } // End of Armature_foot_r
          } // End of Armature_calf_r
          Frame Armature_thigh_twist_01_r {
            FrameTransformMatrix {
               0.836115, 0.000824, 0.548554, 0.000000,
              -0.000983, 1.000000,-0.000003, 0.000000,
              -0.548553,-0.000537, 0.836115, 0.000000,
               0.000002,22.094233, 0.000001, 1.000000;;
            }
          } // End of Armature_thigh_twist_01_r
        } // End of Armature_thigh_r
      } // End of Armature_pelvis
    } // End of Armature_root
  } // End of Armature
} // End of Root
AnimationSet Global {
  Animation {
    {Armature}
    AnimationKey { // Rotation
      0;
      40;
      0;4;-0.707107, 0.707107, 0.000000, 0.000000;;,
      1;4;-0.707107, 0.707107, 0.000000, 0.000000;;,
      2;4;-0.707107, 0.707107, 0.000000, 0.000000;;,
      3;4;-0.707107, 0.707107, 0.000000, 0.000000;;,
      4;4;-0.707107, 0.707107, 0.000000, 0.000000;;,
      5;4;-0.707107, 0.707107, 0.000000, 0.000000;;,
      6;4;-0.707107, 0.707107, 0.000000, 0.000000;;,
      7;4;-0.707107, 0.707107, 0.000000, 0.000000;;,
      8;4;-0.707107, 0.707107, 0.000000, 0.000000;;,
      9;4;-0.707107, 0.707107, 0.000000, 0.000000;;,
      10;4;-0.707107, 0.707107, 0.000000, 0.000000;;,
      11;4;-0.707107, 0.707107, 0.000000, 0.000000;;,
      12;4;-0.707107, 0.707107, 0.000000, 0.000000;;,
      13;4;-0.707107, 0.707107, 0.000000, 0.000000;;,
      14;4;-0.707107, 0.707107, 0.000000, 0.000000;;,
      15;4;-0.707107, 0.707107, 0.000000, 0.000000;;,
      16;4;-0.707107, 0.707107, 0.000000, 0.000000;;,
      17;4;-0.707107, 0.707107, 0.000000, 0.000000;;,
      18;4;-0.707107, 0.707107, 0.000000, 0.000000;;,
      19;4;-0.707107, 0.707107, 0.000000, 0.000000;;,
      20;4;-0.707107, 0.707107, 0.000000, 0.000000;;,
      21;4;-0.707107, 0.707107, 0.000000, 0.000000;;,
      22;4;-0.707107, 0.707107, 0.000000, 0.000000;;,
      23;4;-0.707107, 0.707107, 0.000000, 0.000000;;,
      24;4;-0.707107, 0.707107, 0.000000, 0.000000;;,
      25;4;-0.707107, 0.707107, 0.000000, 0.000000;;,
      26;4;-0.707107, 0.707107, 0.000000, 0.000000;;,
      27;4;-0.707107, 0.707107, 0.000000, 0.000000;;,
      28;4;-0.707107, 0.707107, 0.000000, 0.000000;;,
      29;4;-0.707107, 0.707107, 0.000000, 0.000000;;,
      30;4;-0.707107, 0.707107, 0.000000, 0.000000;;,
      31;4;-0.707107, 0.707107, 0.000000, 0.000000;;,
      32;4;-0.707107, 0.707107, 0.000000, 0.000000;;,
      33;4;-0.707107, 0.707107, 0.000000, 0.000000;;,
      34;4;-0.707107, 0.707107, 0.000000, 0.000000;;,
      35;4;-0.707107, 0.707107, 0.000000, 0.000000;;,
      36;4;-0.707107, 0.707107, 0.000000, 0.000000;;,
      37;4;-0.707107, 0.707107, 0.000000, 0.000000;;,
      38;4;-0.707107, 0.707107, 0.000000, 0.000000;;,
      39;4;-0.707107, 0.707107, 0.000000, 0.000000;;;
    }
    AnimationKey { // Scale
      1;
      40;
      0;3; 0.010000, 0.010000, 0.010000;;,
      1;3; 0.010000, 0.010000, 0.010000;;,
      2;3; 0.010000, 0.010000, 0.010000;;,
      3;3; 0.010000, 0.010000, 0.010000;;,
      4;3; 0.010000, 0.010000, 0.010000;;,
      5;3; 0.010000, 0.010000, 0.010000;;,
      6;3; 0.010000, 0.010000, 0.010000;;,
      7;3; 0.010000, 0.010000, 0.010000;;,
      8;3; 0.010000, 0.010000, 0.010000;;,
      9;3; 0.010000, 0.010000, 0.010000;;,
      10;3; 0.010000, 0.010000, 0.010000;;,
      11;3; 0.010000, 0.010000, 0.010000;;,
      12;3; 0.010000, 0.010000, 0.010000;;,
      13;3; 0.010000, 0.010000, 0.010000;;,
      14;3; 0.010000, 0.010000, 0.010000;;,
      15;3; 0.010000, 0.010000, 0.010000;;,
      16;3; 0.010000, 0.010000, 0.010000;;,
      17;3; 0.010000, 0.010000, 0.010000;;,
      18;3; 0.010000, 0.010000, 0.010000;;,
      19;3; 0.010000, 0.010000, 0.010000;;,
      20;3; 0.010000, 0.010000, 0.010000;;,
      21;3; 0.010000, 0.010000, 0.010000;;,
      22;3; 0.010000, 0.010000, 0.010000;;,
      23;3; 0.010000, 0.010000, 0.010000;;,
      24;3; 0.010000, 0.010000, 0.010000;;,
      25;3; 0.010000, 0.010000, 0.010000;;,
      26;3; 0.010000, 0.010000, 0.010000;;,
      27;3; 0.010000, 0.010000, 0.010000;;,
      28;3; 0.010000, 0.010000, 0.010000;;,
      29;3; 0.010000, 0.010000, 0.010000;;,
      30;3; 0.010000, 0.010000, 0.010000;;,
      31;3; 0.010000, 0.010000, 0.010000;;,
      32;3; 0.010000, 0.010000, 0.010000;;,
      33;3; 0.010000, 0.010000, 0.010000;;,
      34;3; 0.010000, 0.010000, 0.010000;;,
      35;3; 0.010000, 0.010000, 0.010000;;,
      36;3; 0.010000, 0.010000, 0.010000;;,
      37;3; 0.010000, 0.010000, 0.010000;;,
      38;3; 0.010000, 0.010000, 0.010000;;,
      39;3; 0.010000, 0.010000, 0.010000;;;
    }
    AnimationKey { // Position
      2;
      40;
      0;3; 0.000000, 0.000000, 0.000000;;,
      1;3; 0.000000, 0.000000, 0.000000;;,
      2;3; 0.000000, 0.000000, 0.000000;;,
      3;3; 0.000000, 0.000000, 0.000000;;,
      4;3; 0.000000, 0.000000, 0.000000;;,
      5;3; 0.000000, 0.000000, 0.000000;;,
      6;3; 0.000000, 0.000000, 0.000000;;,
      7;3; 0.000000, 0.000000, 0.000000;;,
      8;3; 0.000000, 0.000000, 0.000000;;,
      9;3; 0.000000, 0.000000, 0.000000;;,
      10;3; 0.000000, 0.000000, 0.000000;;,
      11;3; 0.000000, 0.000000, 0.000000;;,
      12;3; 0.000000, 0.000000, 0.000000;;,
      13;3; 0.000000, 0.000000, 0.000000;;,
      14;3; 0.000000, 0.000000, 0.000000;;,
      15;3; 0.000000, 0.000000, 0.000000;;,
      16;3; 0.000000, 0.000000, 0.000000;;,
      17;3; 0.000000, 0.000000, 0.000000;;,
      18;3; 0.000000, 0.000000, 0.000000;;,
      19;3; 0.000000, 0.000000, 0.000000;;,
      20;3; 0.000000, 0.000000, 0.000000;;,
      21;3; 0.000000, 0.000000, 0.000000;;,
      22;3; 0.000000, 0.000000, 0.000000;;,
      23;3; 0.000000, 0.000000, 0.000000;;,
      24;3; 0.000000, 0.000000, 0.000000;;,
      25;3; 0.000000, 0.000000, 0.000000;;,
      26;3; 0.000000, 0.000000, 0.000000;;,
      27;3; 0.000000, 0.000000, 0.000000;;,
      28;3; 0.000000, 0.000000, 0.000000;;,
      29;3; 0.000000, 0.000000, 0.000000;;,
      30;3; 0.000000, 0.000000, 0.000000;;,
      31;3; 0.000000, 0.000000, 0.000000;;,
      32;3; 0.000000, 0.000000, 0.000000;;,
      33;3; 0.000000, 0.000000, 0.000000;;,
      34;3; 0.000000, 0.000000, 0.000000;;,
      35;3; 0.000000, 0.000000, 0.000000;;,
      36;3; 0.000000, 0.000000, 0.000000;;,
      37;3; 0.000000, 0.000000, 0.000000;;,
      38;3; 0.000000, 0.000000, 0.000000;;,
      39;3; 0.000000, 0.000000, 0.000000;;;
    }
  }
  Animation {
    {Armature_root}
    AnimationKey { // Rotation
      0;
      40;
      0;4;-1.000000, 0.000000, 0.000000, 0.000000;;,
      1;4;-1.000000, 0.000000, 0.000000, 0.000000;;,
      2;4;-1.000000, 0.000000, 0.000000, 0.000000;;,
      3;4;-1.000000, 0.000000, 0.000000, 0.000000;;,
      4;4;-1.000000, 0.000000, 0.000000, 0.000000;;,
      5;4;-1.000000, 0.000000, 0.000000, 0.000000;;,
      6;4;-1.000000, 0.000000, 0.000000, 0.000000;;,
      7;4;-1.000000, 0.000000, 0.000000, 0.000000;;,
      8;4;-1.000000, 0.000000, 0.000000, 0.000000;;,
      9;4;-1.000000, 0.000000, 0.000000, 0.000000;;,
      10;4;-1.000000, 0.000000, 0.000000, 0.000000;;,
      11;4;-1.000000, 0.000000, 0.000000, 0.000000;;,
      12;4;-1.000000, 0.000000, 0.000000, 0.000000;;,
      13;4;-1.000000, 0.000000, 0.000000, 0.000000;;,
      14;4;-1.000000, 0.000000, 0.000000, 0.000000;;,
      15;4;-1.000000, 0.000000, 0.000000, 0.000000;;,
      16;4;-1.000000, 0.000000, 0.000000, 0.000000;;,
      17;4;-1.000000, 0.000000, 0.000000, 0.000000;;,
      18;4;-1.000000, 0.000000, 0.000000, 0.000000;;,
      19;4;-1.000000, 0.000000, 0.000000, 0.000000;;,
      20;4;-1.000000, 0.000000, 0.000000, 0.000000;;,
      21;4;-1.000000, 0.000000, 0.000000, 0.000000;;,
      22;4;-1.000000, 0.000000, 0.000000, 0.000000;;,
      23;4;-1.000000, 0.000000, 0.000000, 0.000000;;,
      24;4;-1.000000, 0.000000, 0.000000, 0.000000;;,
      25;4;-1.000000, 0.000000, 0.000000, 0.000000;;,
      26;4;-1.000000, 0.000000, 0.000000, 0.000000;;,
      27;4;-1.000000, 0.000000, 0.000000, 0.000000;;,
      28;4;-1.000000, 0.000000, 0.000000, 0.000000;;,
      29;4;-1.000000, 0.000000, 0.000000, 0.000000;;,
      30;4;-1.000000, 0.000000, 0.000000, 0.000000;;,
      31;4;-1.000000, 0.000000, 0.000000, 0.000000;;,
      32;4;-1.000000, 0.000000, 0.000000, 0.000000;;,
      33;4;-1.000000, 0.000000, 0.000000, 0.000000;;,
      34;4;-1.000000, 0.000000, 0.000000, 0.000000;;,
      35;4;-1.000000, 0.000000, 0.000000, 0.000000;;,
      36;4;-1.000000, 0.000000, 0.000000, 0.000000;;,
      37;4;-1.000000, 0.000000, 0.000000, 0.000000;;,
      38;4;-1.000000, 0.000000, 0.000000, 0.000000;;,
      39;4;-1.000000, 0.000000, 0.000000, 0.000000;;;
    }
    AnimationKey { // Scale
      1;
      40;
      0;3; 1.000000, 1.000000, 1.000000;;,
      1;3; 1.000000, 1.000000, 1.000000;;,
      2;3; 1.000000, 1.000000, 1.000000;;,
      3;3; 1.000000, 1.000000, 1.000000;;,
      4;3; 1.000000, 1.000000, 1.000000;;,
      5;3; 1.000000, 1.000000, 1.000000;;,
      6;3; 1.000000, 1.000000, 1.000000;;,
      7;3; 1.000000, 1.000000, 1.000000;;,
      8;3; 1.000000, 1.000000, 1.000000;;,
      9;3; 1.000000, 1.000000, 1.000000;;,
      10;3; 1.000000, 1.000000, 1.000000;;,
      11;3; 1.000000, 1.000000, 1.000000;;,
      12;3; 1.000000, 1.000000, 1.000000;;,
      13;3; 1.000000, 1.000000, 1.000000;;,
      14;3; 1.000000, 1.000000, 1.000000;;,
      15;3; 1.000000, 1.000000, 1.000000;;,
      16;3; 1.000000, 1.000000, 1.000000;;,
      17;3; 1.000000, 1.000000, 1.000000;;,
      18;3; 1.000000, 1.000000, 1.000000;;,
      19;3; 1.000000, 1.000000, 1.000000;;,
      20;3; 1.000000, 1.000000, 1.000000;;,
      21;3; 1.000000, 1.000000, 1.000000;;,
      22;3; 1.000000, 1.000000, 1.000000;;,
      23;3; 1.000000, 1.000000, 1.000000;;,
      24;3; 1.000000, 1.000000, 1.000000;;,
      25;3; 1.000000, 1.000000, 1.000000;;,
      26;3; 1.000000, 1.000000, 1.000000;;,
      27;3; 1.000000, 1.000000, 1.000000;;,
      28;3; 1.000000, 1.000000, 1.000000;;,
      29;3; 1.000000, 1.000000, 1.000000;;,
      30;3; 1.000000, 1.000000, 1.000000;;,
      31;3; 1.000000, 1.000000, 1.000000;;,
      32;3; 1.000000, 1.000000, 1.000000;;,
      33;3; 1.000000, 1.000000, 1.000000;;,
      34;3; 1.000000, 1.000000, 1.000000;;,
      35;3; 1.000000, 1.000000, 1.000000;;,
      36;3; 1.000000, 1.000000, 1.000000;;,
      37;3; 1.000000, 1.000000, 1.000000;;,
      38;3; 1.000000, 1.000000, 1.000000;;,
      39;3; 1.000000, 1.000000, 1.000000;;;
    }
    AnimationKey { // Position
      2;
      40;
      0;3; 0.000000, 0.000006, 0.000000;;,
      1;3; 0.000000, 0.000006, 0.000000;;,
      2;3; 0.000000, 0.000006, 0.000000;;,
      3;3; 0.000000, 0.000006, 0.000000;;,
      4;3; 0.000000, 0.000006, 0.000000;;,
      5;3; 0.000000, 0.000006, 0.000000;;,
      6;3; 0.000000, 0.000006, 0.000000;;,
      7;3; 0.000000, 0.000006, 0.000000;;,
      8;3; 0.000000, 0.000006, 0.000000;;,
      9;3; 0.000000, 0.000006, 0.000000;;,
      10;3; 0.000000, 0.000006, 0.000000;;,
