xof 0303txt 0032

template XSkinMeshHeader {
  <3cf169ce-ff7c-44ab-93c0-f78f62d172e2>
  WORD nMaxSkinWeightsPerVertex;
  WORD nMaxSkinWeightsPerFace;
  WORD nBones;
}

template SkinWeights {
  <6f0d123b-bad2-4167-a0d0-80224f25fabb>
  STRING transformNodeName;
  DWORD nWeights;
  array DWORD vertexIndices[nWeights];
  array float weights[nWeights];
  Matrix4x4 matrixOffset;
}

Frame Root {
  FrameTransformMatrix {
     1.000000, 0.000000, 0.000000, 0.000000,
     0.000000,-0.000000, 1.000000, 0.000000,
     0.000000, 1.000000, 0.000000, 0.000000,
     0.000000, 0.000000, 0.000000, 1.000000;;
  }
  Frame Armature {
    FrameTransformMatrix {
       0.010000, 0.000000, 0.000000, 0.000000,
       0.000000,-0.000000, 0.010000, 0.000000,
       0.000000,-0.010000,-0.000000, 0.000000,
       0.000000, 0.000000, 0.000000, 1.000000;;
    }
    Frame Armature_root {
      FrameTransformMatrix {
         1.000000, 0.000000, 0.000000, 0.000000,
         0.000000, 1.000000,-0.000000, 0.000000,
         0.000000, 0.000000, 1.000000, 0.000000,
         0.000000, 0.000000, 0.000000, 1.000000;;
      }
      Frame Armature_ik_foot_root {
        FrameTransformMatrix {
           1.000000, 0.000000, 0.000000, 0.000000,
           0.000000, 1.000000, 0.000000, 0.000000,
           0.000000, 0.000000, 1.000000, 0.000000,
           0.000000, 0.000000, 0.000000, 1.000000;;
        }
        Frame Armature_ik_foot_l {
          FrameTransformMatrix {
             0.211306,-0.004682, 0.977409, 0.000000,
            -0.379981,-0.921722, 0.077732, 0.000000,
             0.900535,-0.387823,-0.196544, 0.000000,
            38.704338,80.231651,-26.164009, 1.000000;;
          }
        } // End of Armature_ik_foot_l
        Frame Armature_ik_foot_r {
          FrameTransformMatrix {
            -0.056580, 0.282532,-0.957588, 0.000000,
            -0.886349, 0.427257, 0.178431, 0.000000,
             0.459548, 0.858852, 0.226248, 0.000000,
            -37.736969,32.570648,-40.404423, 1.000000;;
          }
        } // End of Armature_ik_foot_r
      } // End of Armature_ik_foot_root
      Frame Armature_ik_hand_root {
        FrameTransformMatrix {
           1.000000, 0.000000, 0.000000, 0.000000,
           0.000000, 1.000000,-0.000000, 0.000000,
           0.000000, 0.000000, 1.000000, 0.000000,
           0.000000, 0.000000, 0.000000, 1.000000;;
        }
        Frame Armature_ik_hand_gun {
          FrameTransformMatrix {
            -0.435744,-0.218702, 0.873096, 0.000000,
            -0.735101,-0.473275,-0.485425, 0.000000,
             0.519378,-0.853335, 0.045458, 0.000000,
            40.181602,157.252213,15.137435, 1.000000;;
          }
          Frame Armature_ik_hand_l {
            FrameTransformMatrix {
              -0.949112, 0.071171,-0.306791, 0.000000,
              -0.290096,-0.576771, 0.763662, 0.000000,
              -0.122597, 0.813800, 0.568067, 0.000000,
              -17.042244,100.563713,-31.956675, 1.000000;;
            }
          } // End of Armature_ik_hand_l
          Frame Armature_ik_hand_r {
            FrameTransformMatrix {
               1.000000, 0.000000,-0.000000, 0.000000,
              -0.000000, 1.000000, 0.000000, 0.000000,
               0.000000,-0.000000, 1.000000, 0.000000,
               0.000001, 0.000009, 0.000006, 1.000000;;
            }
          } // End of Armature_ik_hand_r
        } // End of Armature_ik_hand_gun
      } // End of Armature_ik_hand_root
      Frame Armature_pelvis {
        FrameTransformMatrix {
          -0.458976, 0.881836, 0.108193, 0.000000,
           0.697057, 0.281916, 0.659268, 0.000000,
           0.550865, 0.378006,-0.744083, 0.000000,
          -1.060114,90.522301,-2.139821, 1.000000;;
        }
        Frame Armature_spine_01 {
          FrameTransformMatrix {
             0.360210,-0.630983,-0.687102, 0.000000,
             0.922631, 0.349803, 0.162452, 0.000000,
             0.137846,-0.692458, 0.708167, 0.000000,
            10.808888, 0.851422,-0.000001, 1.000000;;
          }
          Frame Armature_spine_02 {
            FrameTransformMatrix {
               0.984806, 0.172790,-0.017368, 0.000000,
              -0.173348, 0.984103,-0.038633, 0.000000,
               0.010417, 0.041057, 0.999102, 0.000000,
               3.800717,18.814034, 0.085255, 1.000000;;
            }
            Frame Armature_spine_03 {
              FrameTransformMatrix {
                 0.967909, 0.250334,-0.022017, 0.000000,
                -0.249974, 0.968088, 0.017864, 0.000000,
                 0.025786,-0.011787, 0.999598, 0.000000,
                 0.420522,13.412378, 0.012748, 1.000000;;
              }
              Frame Armature_clavicle_l {
                FrameTransformMatrix {
                   0.787606, 0.156156,-0.596064, 0.000000,
                   0.604027,-0.004491, 0.796951, 0.000000,
                   0.121772,-0.987722,-0.097860, 0.000000,
                  -2.732091,11.883689, 3.781990, 1.000000;;
                }
                Frame Armature_upperarm_l {
                  FrameTransformMatrix {
                     0.877477,-0.182114, 0.443698, 0.000000,
                    -0.097780, 0.837751, 0.537226, 0.000000,
                    -0.469545,-0.514789, 0.717301, 0.000000,
                    -0.000002,15.784863,-0.000017, 1.000000;;
                  }
                  Frame Armature_lowerarm_l {
                    FrameTransformMatrix {
                       0.706531, 0.707679, 0.002322, 0.000000,
                      -0.707121, 0.705835, 0.042144, 0.000000,
                       0.028185,-0.031418, 0.999109, 0.000000,
                       0.000011,30.339928,-0.000051, 1.000000;;
                    }
                    Frame Armature_hand_l {
                      FrameTransformMatrix {
                         0.454852, 0.519007, 0.723700, 0.000000,
                        -0.458680, 0.833084,-0.309168, 0.000000,
                        -0.763363,-0.191321, 0.616987, 0.000000,
                         0.000005,26.975157,-0.000011, 1.000000;;
                      }
                      Frame Armature_index_01_l {
                        FrameTransformMatrix {
                           0.965521, 0.107854,-0.236933, 0.000000,
                          -0.075137, 0.986861, 0.143038, 0.000000,
                           0.249247,-0.120304, 0.960939, 0.000000,
                           1.763449,12.068119, 2.109414, 1.000000;;
                        }
                        Frame Armature_index_02_l {
                          FrameTransformMatrix {
                             0.999455,-0.030736,-0.012057, 0.000000,
                             0.031813, 0.994217, 0.102568, 0.000000,
                             0.008834,-0.102896, 0.994653, 0.000000,
                             0.000006, 4.287488,-0.000005, 1.000000;;
                          }
                          Frame Armature_index_03_l {
                            FrameTransformMatrix {
                               0.971729, 0.235188,-0.020697, 0.000000,
                              -0.235135, 0.971950, 0.004965, 0.000000,
                               0.021284, 0.000042, 0.999773, 0.000000,
                              -0.000015, 3.393790,-0.000001, 1.000000;;
                            }
                          } // End of Armature_index_03_l
                        } // End of Armature_index_02_l
                      } // End of Armature_index_01_l
                      Frame Armature_middle_01_l {
                        FrameTransformMatrix {
                           0.979390,-0.187954,-0.073945, 0.000000,
                           0.172861, 0.969374,-0.174449, 0.000000,
                           0.104469, 0.158072, 0.981886, 0.000000,
                           1.293633,12.244279,-0.571146, 1.000000;;
                        }
                        Frame Armature_middle_02_l {
                          FrameTransformMatrix {
                             0.983572,-0.175947, 0.040355, 0.000000,
                             0.171960, 0.981249, 0.087066, 0.000000,
                            -0.054917,-0.078696, 0.995385, 0.000000,
                            -0.000002, 4.640387, 0.000006, 1.000000;;
                          }
                          Frame Armature_middle_03_l {
                            FrameTransformMatrix {
                               0.980533, 0.196330,-0.003211, 0.000000,
                              -0.196329, 0.980538, 0.000733, 0.000000,
                               0.003293,-0.000089, 0.999994, 0.000000,
                              -0.000001, 3.648838, 0.000003, 1.000000;;
                            }
                          } // End of Armature_middle_03_l
                        } // End of Armature_middle_02_l
                      } // End of Armature_middle_01_l
                      Frame Armature_pinky_01_l {
                        FrameTransformMatrix {
                           0.909450,-0.301464, 0.286390, 0.000000,
                           0.396467, 0.836315,-0.378671, 0.000000,
                          -0.125357, 0.457927, 0.880107, 0.000000,
                           2.263140,10.140669,-4.643143, 1.000000;;
                        }
                        Frame Armature_pinky_02_l {
                          FrameTransformMatrix {
                             0.929854,-0.365532,-0.041927, 0.000000,
                             0.365672, 0.930733,-0.004549, 0.000000,
                             0.040686,-0.011102, 0.999110, 0.000000,
                            -0.000010, 3.570990,-0.000001, 1.000000;;
                          }
                          Frame Armature_pinky_03_l {
                            FrameTransformMatrix {
                               0.994794,-0.101654,-0.007129, 0.000000,
                               0.101651, 0.994820,-0.000711, 0.000000,
                               0.007164,-0.000017, 0.999974, 0.000000,
                              -0.000022, 2.985619,-0.000002, 1.000000;;
                            }
                          } // End of Armature_pinky_03_l
                        } // End of Armature_pinky_02_l
                      } // End of Armature_pinky_01_l
                      Frame Armature_ring_01_l {
                        FrameTransformMatrix {
                           0.910317,-0.343850, 0.230414, 0.000000,
                           0.401173, 0.870001,-0.286634, 0.000000,
                          -0.101902, 0.353364, 0.929919, 0.000000,
                           1.753518,11.497885,-2.846902, 1.000000;;
                        }
                        Frame Armature_ring_02_l {
                          FrameTransformMatrix {
                             0.993354, 0.114775,-0.008678, 0.000000,
                            -0.114690, 0.993354, 0.009719, 0.000000,
                             0.009736,-0.008659, 0.999915, 0.000000,
                             0.000001, 4.430185,-0.000005, 1.000000;;
                          }
                          Frame Armature_ring_03_l {
                            FrameTransformMatrix {
                               0.967771, 0.251833, 0.000389, 0.000000,
                              -0.251833, 0.967771,-0.000250, 0.000000,
                              -0.000440, 0.000144, 1.000000, 0.000000,
                              -0.000003, 3.476654,-0.000002, 1.000000;;
                            }
                          } // End of Armature_ring_03_l
                        } // End of Armature_ring_02_l
                      } // End of Armature_ring_01_l
                      Frame Armature_thumb_01_l {
                        FrameTransformMatrix {
                          -0.015639, 0.474610,-0.880058, 0.000000,
                           0.674899, 0.654427, 0.340935, 0.000000,
                           0.737744,-0.588618,-0.330548, 0.000000,
                           2.374969, 4.762032, 2.537830, 1.000000;;
                        }
                        Frame Armature_thumb_02_l {
                          FrameTransformMatrix {
                             0.991297, 0.131043,-0.012542, 0.000000,
                            -0.129173, 0.986647, 0.099207, 0.000000,
                             0.025375,-0.096724, 0.994988, 0.000000,
                            -0.000006, 3.869676, 0.000009, 1.000000;;
                          }
                          Frame Armature_thumb_03_l {
                            FrameTransformMatrix {
                               0.974354, 0.222167,-0.035720, 0.000000,
                              -0.216382, 0.968631, 0.122193, 0.000000,
                               0.061747,-0.111330, 0.991863, 0.000000,
                               0.000002, 4.062160,-0.000005, 1.000000;;
                            }
                          } // End of Armature_thumb_03_l
                        } // End of Armature_thumb_02_l
                      } // End of Armature_thumb_01_l
                    } // End of Armature_hand_l
                    Frame Armature_lowerarm_twist_01_l {
                      FrameTransformMatrix {
                         0.964844, 0.000000,-0.262822, 0.000000,
                        -0.000000, 1.000000, 0.000000, 0.000000,
                         0.262822,-0.000000, 0.964844, 0.000000,
                         0.000003,14.000005, 0.000003, 1.000000;;
                      }
                    } // End of Armature_lowerarm_twist_01_l
                  } // End of Armature_lowerarm_l
                  Frame Armature_upperarm_twist_01_l {
                    FrameTransformMatrix {
                       0.806169,-0.000002,-0.591685, 0.000000,
                       0.000001, 1.000000,-0.000003, 0.000000,
                       0.591685, 0.000002, 0.806169, 0.000000,
                      -0.000012, 0.499993, 0.000041, 1.000000;;
                    }
                  } // End of Armature_upperarm_twist_01_l
                } // End of Armature_upperarm_l
              } // End of Armature_clavicle_l
              Frame Armature_clavicle_r {
                FrameTransformMatrix {
                  -0.784002,-0.179571,-0.594218, 0.000000,
                   0.620384,-0.259870,-0.739994, 0.000000,
                  -0.021538,-0.948800, 0.315142, 0.000000,
                  -2.732102,11.883789,-3.781999, 1.000000;;
                }
                Frame Armature_upperarm_r {
                  FrameTransformMatrix {
                    -0.729247,-0.317093,-0.606343, 0.000000,
                     0.630829,-0.654819,-0.416253, 0.000000,
                    -0.265054,-0.686050, 0.677556, 0.000000,
                    -0.000051,15.784743, 0.000087, 1.000000;;
                  }
                  Frame Armature_lowerarm_r {
                    FrameTransformMatrix {
                       0.893126,-0.428953,-0.135370, 0.000000,
                       0.428884, 0.902821,-0.031178, 0.000000,
                       0.135589,-0.030213, 0.990304, 0.000000,
                       0.000015,30.340054,-0.000018, 1.000000;;
                    }
                    Frame Armature_hand_r {
                      FrameTransformMatrix {
                        -0.997191,-0.074444,-0.008326, 0.000000,
                        -0.054562, 0.645689, 0.761648, 0.000000,
                        -0.051324, 0.759963,-0.647937, 0.000000,
                        -0.000005,26.975250,-0.000014, 1.000000;;
                      }
                      Frame Armature_index_01_r {
                        FrameTransformMatrix {
                           0.680581, 0.711085, 0.176543, 0.000000,
                          -0.685834, 0.703072,-0.187937, 0.000000,
                          -0.257762, 0.006827, 0.966184, 0.000000,
                          -1.763741,12.067942, 2.109426, 1.000000;;
                        }
                        Frame Armature_index_02_r {
                          FrameTransformMatrix {
                            -0.096419, 0.990319, 0.099860, 0.000000,
                            -0.995296,-0.094970,-0.019174, 0.000000,
                            -0.009505,-0.101239, 0.994817, 0.000000,
                             0.000082, 4.287701,-0.000081, 1.000000;;
                          }
                          Frame Armature_index_03_r {
                            FrameTransformMatrix {
                               0.666915, 0.744998, 0.014205, 0.000000,
                              -0.744829, 0.667067,-0.015867, 0.000000,
                              -0.021296, 0.000002, 0.999773, 0.000000,
                               0.000126, 3.393796,-0.000014, 1.000000;;
                            }
                          } // End of Armature_index_03_r
                        } // End of Armature_index_02_r
                      } // End of Armature_index_01_r
                      Frame Armature_middle_01_r {
                        FrameTransformMatrix {
                           0.441929, 0.896672,-0.026033, 0.000000,
                          -0.895749, 0.439541,-0.066612, 0.000000,
                          -0.048286, 0.052757, 0.997439, 0.000000,
                          -1.293746,12.244113,-0.571124, 1.000000;;
                        }
                        Frame Armature_middle_02_r {
                          FrameTransformMatrix {
                             0.178866, 0.979905, 0.088287, 0.000000,
                            -0.981563, 0.171579, 0.084234, 0.000000,
                             0.067393,-0.101725, 0.992527, 0.000000,
                            -0.000147, 4.640560,-0.000001, 1.000000;;
                          }
                          Frame Armature_middle_03_r {
                            FrameTransformMatrix {
                               0.131022, 0.991379, 0.000429, 0.000000,
                              -0.991374, 0.131023,-0.003246, 0.000000,
                              -0.003274, 0.000000, 0.999995, 0.000000,
                              -0.000024, 3.648908,-0.000009, 1.000000;;
                            }
                          } // End of Armature_middle_03_r
                        } // End of Armature_middle_02_r
                      } // End of Armature_middle_01_r
                      Frame Armature_pinky_01_r {
                        FrameTransformMatrix {
                           0.827082, 0.473667,-0.302614, 0.000000,
                          -0.535493, 0.827640,-0.168104, 0.000000,
                           0.170830, 0.301084, 0.938171, 0.000000,
                          -2.263390,10.140592,-4.643087, 1.000000;;
                        }
                        Frame Armature_pinky_02_r {
                          FrameTransformMatrix {
                             0.135751, 0.989590, 0.047784, 0.000000,
                            -0.990284, 0.136998,-0.023855, 0.000000,
                            -0.030153,-0.044081, 0.998573, 0.000000,
                            -0.000009, 3.571059, 0.000008, 1.000000;;
                          }
                          Frame Armature_pinky_03_r {
                            FrameTransformMatrix {
                              -0.138518, 0.990359,-0.000984, 0.000000,
                              -0.990335,-0.138522,-0.007042, 0.000000,
                              -0.007111,-0.000001, 0.999975, 0.000000,
                               0.000313, 2.985499,-0.000034, 1.000000;;
                            }
                          } // End of Armature_pinky_03_r
                        } // End of Armature_pinky_02_r
                      } // End of Armature_pinky_01_r
                      Frame Armature_ring_01_r {
                        FrameTransformMatrix {
                           0.488693, 0.835028,-0.252801, 0.000000,
                          -0.863051, 0.505116, 0.000075, 0.000000,
                           0.127757, 0.218143, 0.967518, 0.000000,
                          -1.753790,11.497975,-2.846903, 1.000000;;
                        }
                        Frame Armature_ring_02_r {
                          FrameTransformMatrix {
                            -0.098081, 0.994968, 0.020482, 0.000000,
                            -0.995158,-0.097925,-0.008493, 0.000000,
                            -0.006445,-0.021216, 0.999754, 0.000000,
                            -0.000000, 4.429865, 0.000004, 1.000000;;
                          }
                          Frame Armature_ring_03_r {
                            FrameTransformMatrix {
                               0.264064, 0.964505,-0.000106, 0.000000,
                              -0.964505, 0.264064, 0.000406, 0.000000,
                               0.000420,-0.000006, 1.000000, 0.000000,
                               0.000064, 3.476565,-0.000003, 1.000000;;
                            }
                          } // End of Armature_ring_03_r
                        } // End of Armature_ring_02_r
                      } // End of Armature_ring_01_r
                      Frame Armature_thumb_01_r {
                        FrameTransformMatrix {
                           0.166767,-0.399673, 0.901360, 0.000000,
                          -0.684860, 0.610702, 0.397503, 0.000000,
                          -0.709334,-0.683596,-0.171876, 0.000000,
                          -2.375117, 4.762121, 2.537812, 1.000000;;
                        }
                        Frame Armature_thumb_02_r {
                          FrameTransformMatrix {
                             0.809495, 0.587037, 0.010215, 0.000000,
                            -0.587124, 0.809316, 0.017119, 0.000000,
                             0.001782,-0.019855, 0.999801, 0.000000,
                             0.000112, 3.869573, 0.000058, 1.000000;;
                          }
                          Frame Armature_thumb_03_r {
                            FrameTransformMatrix {
                               0.696233, 0.717189, 0.029995, 0.000000,
                              -0.716524, 0.696879,-0.030866, 0.000000,
                              -0.043040,-0.000002, 0.999073, 0.000000,
                              -0.000010, 4.062186,-0.000007, 1.000000;;
                            }
                          } // End of Armature_thumb_03_r
                        } // End of Armature_thumb_02_r
                      } // End of Armature_thumb_01_r
                      Frame Armature_weapon_r {
                        FrameTransformMatrix {
                          -0.005470,-0.000002,-0.999985, 0.000000,
                          -0.000001,-1.000000, 0.000002, 0.000000,
                          -0.999985, 0.000001, 0.005470, 0.000000,
                          -4.666993,11.309004,-1.093000, 1.000000;;
                        }
                      } // End of Armature_weapon_r
                    } // End of Armature_hand_r
                    Frame Armature_lowerarm_twist_01_r {
                      FrameTransformMatrix {
                         0.497881,-0.000000,-0.867246, 0.000000,
                        -0.000000, 1.000000,-0.000000, 0.000000,
                         0.867246, 0.000000, 0.497881, 0.000000,
                         0.000017,14.000005,-0.000014, 1.000000;;
                      }
                    } // End of Armature_lowerarm_twist_01_r
                  } // End of Armature_lowerarm_r
                  Frame Armature_upperarm_twist_01_r {
                    FrameTransformMatrix {
                       0.481260, 0.000000, 0.876578, 0.000000,
                       0.000000, 1.000000,-0.000000, 0.000000,
                      -0.876578, 0.000000, 0.481260, 0.000000,
                      -0.000001, 0.499998, 0.000002, 1.000000;;
                    }
                  } // End of Armature_upperarm_twist_01_r
                } // End of Armature_upperarm_r
              } // End of Armature_clavicle_r
              Frame Armature_neck_01 {
                FrameTransformMatrix {
                   0.971507, 0.161788, 0.173202, 0.000000,
                  -0.117841, 0.963773,-0.239281, 0.000000,
                  -0.205640, 0.212053, 0.955377, 0.000000,
                  -0.355311,16.558783, 0.000002, 1.000000;;
                }
                Frame Armature_head {
                  FrameTransformMatrix {
                     0.643105, 0.097348, 0.759565, 0.000000,
                     0.223362, 0.924910,-0.307654, 0.000000,
                    -0.732479, 0.367511, 0.573070, 0.000000,
                     0.364144, 9.283599, 0.000003, 1.000000;;
                  }
                } // End of Armature_head
              } // End of Armature_neck_01
            } // End of Armature_spine_03
          } // End of Armature_spine_02
        } // End of Armature_spine_01
        Frame Armature_sword_holder {
          FrameTransformMatrix {
            -0.909313, 0.370363, 0.189679, 0.000000,
            -0.355306,-0.928335, 0.109325, 0.000000,
             0.216575, 0.032016, 0.975741, 0.000000,
            13.980003,19.493006,16.300999, 1.000000;;
          }
        } // End of Armature_sword_holder
        Frame Armature_thigh_l {
          FrameTransformMatrix {
            -0.675259,-0.354654, 0.646719, 0.000000,
            -0.401334, 0.912320, 0.081261, 0.000000,
            -0.618834,-0.204678,-0.758387, 0.000000,
            -1.448823, 0.531425, 9.005808, 1.000000;;
          }
          Frame Armature_calf_l {
            FrameTransformMatrix {
              -0.511097,-0.850412, 0.124818, 0.000000,
               0.844214,-0.523958,-0.113004, 0.000000,
               0.161500, 0.047617, 0.985723, 0.000000,
              -0.314260,42.381317, 0.046365, 1.000000;;
            }
            Frame Armature_calf_twist_01_l {
              FrameTransformMatrix {
                 0.998924,-0.015388,-0.043742, 0.000000,
                 0.015235, 0.999877,-0.003824, 0.000000,
                 0.043795, 0.003153, 0.999035, 0.000000,
                 0.000004,20.476780, 0.000003, 1.000000;;
              }
            } // End of Armature_calf_twist_01_l
            Frame Armature_foot_l {
              FrameTransformMatrix {
                -0.184465,-0.958399, 0.217816, 0.000000,
                -0.959233, 0.223838, 0.172536, 0.000000,
                -0.214114,-0.177109,-0.960618, 0.000000,
                 0.000369,40.196590,-0.000349, 1.000000;;
              }
              Frame Armature_ball_l {
                FrameTransformMatrix {
                   0.024622, 0.999697, 0.000151, 0.000000,
                  -0.999697, 0.024622, 0.000077, 0.000000,
                   0.000073,-0.000153, 1.000000, 0.000000,
                  -10.453839,16.577856,-0.080151, 1.000000;;
                }
              } // End of Armature_ball_l
            } // End of Armature_foot_l
          } // End of Armature_calf_l
          Frame Armature_thigh_twist_01_l {
            FrameTransformMatrix {
               0.849844,-0.000834, 0.527034, 0.000000,
               0.000983, 1.000000,-0.000004, 0.000000,
              -0.527034, 0.000521, 0.849844, 0.000000,
               0.000002,22.094233, 0.000005, 1.000000;;
            }
          } // End of Armature_thigh_twist_01_l
        } // End of Armature_thigh_l
        Frame Armature_thigh_r {
          FrameTransformMatrix {
            -0.140585, 0.526862,-0.838243, 0.000000,
            -0.586867,-0.726225,-0.358029, 0.000000,
            -0.797385, 0.441604, 0.411295, 0.000000,
            -1.448631, 0.531430,-9.005806, 1.000000;;
          }
          Frame Armature_calf_r {
            FrameTransformMatrix {
               0.745493, 0.664150, 0.056078, 0.000000,
              -0.661669, 0.747576,-0.057660, 0.000000,
              -0.080217, 0.005880, 0.996760, 0.000000,
               0.028310,42.438091, 0.005517, 1.000000;;
            }
            Frame Armature_calf_twist_01_r {
              FrameTransformMatrix {
                 0.997709, 0.014950,-0.065977, 0.000000,
                -0.015235, 0.999877,-0.003825, 0.000000,
                 0.065911, 0.004821, 0.997814, 0.000000,
                 0.000003,20.476908, 0.000002, 1.000000;;
              }
            } // End of Armature_calf_twist_01_r
            Frame Armature_foot_r {
              FrameTransformMatrix {
                -0.715954, 0.698114, 0.006801, 0.000000,
                 0.697782, 0.715861,-0.025347, 0.000000,
                -0.022563,-0.013402,-0.999656, 0.000000,
                -0.000995,40.196381,-0.000066, 1.000000;;
              }
              Frame Armature_ball_r {
                FrameTransformMatrix {
                  -0.002078,-0.999998,-0.000156, 0.000000,
                   0.999998,-0.002078, 0.000077, 0.000000,
                  -0.000078,-0.000155, 1.000000, 0.000000,
                  10.453815,16.577789,-0.080132, 1.000000;;
                }
              } // End of Armature_ball_r
            } // End of Armature_foot_r
          } // End of Armature_calf_r
          Frame Armature_thigh_twist_01_r {
            FrameTransformMatrix {
               0.537160, 0.000530, 0.843480, 0.000000,
              -0.000983, 0.999999,-0.000003, 0.000000,
              -0.843480,-0.000828, 0.537160, 0.000000,
              -0.000003,22.094252, 0.000001, 1.000000;;
            }
          } // End of Armature_thigh_twist_01_r
        } // End of Armature_thigh_r
      } // End of Armature_pelvis
    } // End of Armature_root
  } // End of Armature
} // End of Root
AnimationSet Global {
  Animation {
    {Armature}
    AnimationKey { // Rotation
      0;
      15;
      0;4;-0.707107, 0.707107, 0.000000, 0.000000;;,
      1;4;-0.707107, 0.707107, 0.000000, 0.000000;;,
      2;4;-0.707107, 0.707107, 0.000000, 0.000000;;,
      3;4;-0.707107, 0.707107, 0.000000, 0.000000;;,
      4;4;-0.707107, 0.707107, 0.000000, 0.000000;;,
      5;4;-0.707107, 0.707107, 0.000000, 0.000000;;,
      6;4;-0.707107, 0.707107, 0.000000, 0.000000;;,
      7;4;-0.707107, 0.707107, 0.000000, 0.000000;;,
      8;4;-0.707107, 0.707107, 0.000000, 0.000000;;,
      9;4;-0.707107, 0.707107, 0.000000, 0.000000;;,
      10;4;-0.707107, 0.707107, 0.000000, 0.000000;;,
      11;4;-0.707107, 0.707107, 0.000000, 0.000000;;,
      12;4;-0.707107, 0.707107, 0.000000, 0.000000;;,
      13;4;-0.707107, 0.707107, 0.000000, 0.000000;;,
      14;4;-0.707107, 0.707107, 0.000000, 0.000000;;;
    }
    AnimationKey { // Scale
      1;
      15;
      0;3; 0.010000, 0.010000, 0.010000;;,
      1;3; 0.010000, 0.010000, 0.010000;;,
      2;3; 0.010000, 0.010000, 0.010000;;,
      3;3; 0.010000, 0.010000, 0.010000;;,
      4;3; 0.010000, 0.010000, 0.010000;;,
      5;3; 0.010000, 0.010000, 0.010000;;,
      6;3; 0.010000, 0.010000, 0.010000;;,
      7;3; 0.010000, 0.010000, 0.010000;;,
      8;3; 0.010000, 0.010000, 0.010000;;,
      9;3; 0.010000, 0.010000, 0.010000;;,
      10;3; 0.010000, 0.010000, 0.010000;;,
      11;3; 0.010000, 0.010000, 0.010000;;,
      12;3; 0.010000, 0.010000, 0.010000;;,
      13;3; 0.010000, 0.010000, 0.010000;;,
      14;3; 0.010000, 0.010000, 0.010000;;;
    }
    AnimationKey { // Position
      2;
      15;
      0;3; 0.000000, 0.000000, 0.000000;;,
      1;3; 0.000000, 0.000000, 0.000000;;,
      2;3; 0.000000, 0.000000, 0.000000;;,
      3;3; 0.000000, 0.000000, 0.000000;;,
      4;3; 0.000000, 0.000000, 0.000000;;,
      5;3; 0.000000, 0.000000, 0.000000;;,
      6;3; 0.000000, 0.000000, 0.000000;;,
      7;3; 0.000000, 0.000000, 0.000000;;,
      8;3; 0.000000, 0.000000, 0.000000;;,
      9;3; 0.000000, 0.000000, 0.000000;;,
      10;3; 0.000000, 0.000000, 0.000000;;,
      11;3; 0.000000, 0.000000, 0.000000;;,
      12;3; 0.000000, 0.000000, 0.000000;;,
      13;3; 0.000000, 0.000000, 0.000000;;,
      14;3; 0.000000, 0.000000, 0.000000;;;
    }
  }
  Animation {
    {Armature_root}
    AnimationKey { // Rotation
      0;
      15;
      0;4;-1.000000,-0.000000, 0.000000, 0.000000;;,
      1;4;-1.000000,-0.000000, 0.000000, 0.000000;;,
      2;4;-1.000000,-0.000000, 0.000000, 0.000000;;,
      3;4;-1.000000,-0.000000, 0.000000, 0.000000;;,
      4;4;-1.000000,-0.000000, 0.000000, 0.000000;;,
      5;4;-1.000000,-0.000000, 0.000000, 0.000000;;,
      6;4;-1.000000,-0.000000, 0.000000, 0.000000;;,
      7;4;-1.000000,-0.000000, 0.000000, 0.000000;;,
      8;4;-1.000000,-0.000000, 0.000000, 0.000000;;,
      9;4;-1.000000,-0.000000, 0.000000, 0.000000;;,
      10;4;-1.000000,-0.000000, 0.000000, 0.000000;;,
      11;4;-1.000000,-0.000000, 0.000000, 0.000000;;,
      12;4;-1.000000,-0.000000, 0.000000, 0.000000;;,
      13;4;-1.000000,-0.000000, 0.000000, 0.000000;;,
      14;4;-1.000000,-0.000000, 0.000000, 0.000000;;;
    }
    AnimationKey { // Scale
      1;
      15;
      0;3; 1.000000, 1.000000, 1.000000;;,
      1;3; 1.000000, 1.000000, 1.000000;;,
      2;3; 1.000000, 1.000000, 1.000000;;,
      3;3; 1.000000, 1.000000, 1.000000;;,
      4;3; 1.000000, 1.000000, 1.000000;;,
      5;3; 1.000000, 1.000000, 1.000000;;,
      6;3; 1.000000, 1.000000, 1.000000;;,
      7;3; 1.000000, 1.000000, 1.000000;;,
      8;3; 1.000000, 1.000000, 1.000000;;,
      9;3; 1.000000, 1.000000, 1.000000;;,
      10;3; 1.000000, 1.000000, 1.000000;;,
      11;3; 1.000000, 1.000000, 1.000000;;,
      12;3; 1.000000, 1.000000, 1.000000;;,
      13;3; 1.000000, 1.000000, 1.000000;;,
      14;3; 1.000000, 1.000000, 1.000000;;;
    }
    AnimationKey { // Position
      2;
      15;
      0;3; 0.000000, 0.000000, 0.000000;;,
      1;3; 0.000000, 0.000000, 0.000000;;,
      2;3; 0.000000, 0.000000, 0.000000;;,
      3;3; 0.000000, 0.000000, 0.000000;;,
      4;3; 0.000000, 0.000000, 0.000000;;,
      5;3; 0.000000, 0.000000, 0.000000;;,
      6;3; 0.000000, 0.000000, 0.000000;;,
      7;3; 0.000000, 0.000000, 0.000000;;,
      8;3; 0.000000, 0.000000, 0.000000;;,
      9;3; 0.000000, 0.000000, 0.000000;;,
      10;3; 0.000000, 0.000000, 0.000000;;,
      11;3; 0.000000, 0.000000, 0.000000;;,
      12;3; 0.000000, 0.000000, 0.000000;;,
      13;3; 0.000000, 0.000000, 0.000000;;,
      14;3; 0.000000, 0.000000, 0.000000;;;
    }
  }
  Animation {
    {Armature_pelvis}
    AnimationKey { // Rotation
      0;
      15;
      0;4;-0.140407, 0.500797, 0.788190, 0.329005;;,
      1;4;-0.133250, 0.498100, 0.794286, 0.321327;;,
      2;4;-0.132680, 0.498666, 0.794057, 0.321250;;,
      3;4;-0.120967, 0.493645, 0.804990, 0.306060;;,
      4;4;-0.112142, 0.482202, 0.818396, 0.291778;;,
      5;4;-0.118079, 0.470807, 0.823568, 0.293485;;,
      6;4;-0.123300, 0.462465, 0.826512, 0.296314;;,
      7;4;-0.126528, 0.460480, 0.825883, 0.299777;;,
      8;4;-0.127822, 0.463392, 0.822603, 0.303734;;,
      9;4;-0.129121, 0.466488, 0.819099, 0.307884;;,
      10;4;-0.131905, 0.468194, 0.816315, 0.311489;;,
      11;4;-0.137737, 0.467028, 0.815166, 0.313717;;,
      12;4;-0.147448, 0.463223, 0.814966, 0.315459;;,
      13;4;-0.160573, 0.458030, 0.814381, 0.318133;;,
      14;4;-0.176821, 0.451611, 0.813247, 0.321576;;;
    }
    AnimationKey { // Scale
      1;
      15;
      0;3; 1.000000, 1.000000, 1.000000;;,
      1;3; 1.000000, 1.000000, 1.000000;;,
      2;3; 1.000000, 1.000000, 1.000000;;,
      3;3; 1.000000, 1.000000, 1.000000;;,
      4;3; 1.000000, 1.000000, 1.000000;;,
      5;3; 1.000000, 1.000000, 1.000000;;,
      6;3; 1.000000, 1.000000, 1.000000;;,
      7;3; 1.000000, 1.000000, 1.000000;;,
      8;3; 1.000000, 1.000000, 1.000000;;,
      9;3; 1.000000, 1.000000, 1.000000;;,
      10;3; 1.000000, 1.000000, 1.000000;;,
      11;3; 1.000000, 1.000000, 1.000000;;,
      12;3; 1.000000, 1.000000, 1.000000;;,
      13;3; 1.000000, 1.000000, 1.000000;;,
      14;3; 1.000000, 1.000000, 1.000000;;;
    }
    AnimationKey { // Position
      2;
      15;
      0;3;-1.060114,90.522301,-2.139821;;,
      1;3;-1.392958,90.362938,-2.139816;;,
      2;3;-1.628269,90.245628,-2.139819;;,
      3;3;-1.628269,90.245628,-2.139819;;,
      4;3;-1.628269,90.245628,-2.139819;;,
      5;3;-1.628269,90.245628,-2.139819;;,
      6;3;-1.628269,90.245628,-2.139819;;,
      7;3;-1.628269,90.245628,-2.139819;;,
      8;3;-1.628269,90.245628,-2.139819;;,
      9;3;-1.628269,90.245628,-2.139819;;,
      10;3;-1.628269,90.245628,-2.139819;;,
      11;3;-1.628269,90.245628,-2.139819;;,
      12;3;-1.620077,90.542824,-2.139816;;,
      13;3;-1.596363,91.357712,-2.139821;;,
      14;3;-1.558420,92.575249,-2.139822;;;
    }
  }
  Animation {
    {Armature_spine_01}
    AnimationKey { // Rotation
      0;
      15;
      0;4;-0.777525, 0.274882, 0.265248,-0.499538;;,
      1;4;-0.781529, 0.270506, 0.264919,-0.495840;;,
      2;4;-0.779549, 0.273065, 0.269144,-0.495277;;,
      3;4;-0.781120, 0.274384, 0.275163,-0.488723;;,
      4;4;-0.786977, 0.273718, 0.283653,-0.474644;;,
      5;4;-0.794043, 0.272104, 0.292586,-0.458093;;,
      6;4;-0.799686, 0.270535, 0.299920,-0.444253;;,
      7;4;-0.801709, 0.269913, 0.303637,-0.438422;;,
      8;4;-0.801056, 0.270428, 0.303082,-0.439681;;,
      9;4;-0.800366, 0.270682, 0.299680,-0.443100;;,
      10;4;-0.800082, 0.269160, 0.294526,-0.447969;;,
      11;4;-0.800653, 0.264334, 0.288703,-0.453578;;,
      12;4;-0.802738, 0.257328, 0.281811,-0.458232;;,
      13;4;-0.806606, 0.250291, 0.272865,-0.460744;;,
      14;4;-0.812109, 0.243224, 0.262041,-0.461146;;;
    }
    AnimationKey { // Scale
      1;
      15;
      0;3; 1.000000, 1.000000, 1.000000;;,
      1;3; 1.000000, 1.000000, 1.000000;;,
      2;3; 1.000000, 1.000000, 1.000000;;,
      3;3; 1.000000, 1.000000, 1.000000;;,
      4;3; 1.000000, 1.000000, 1.000000;;,
      5;3; 1.000000, 1.000000, 1.000000;;,
      6;3; 1.000000, 1.000000, 1.000000;;,
      7;3; 1.000000, 1.000000, 1.000000;;,
      8;3; 1.000000, 1.000000, 1.000000;;,
      9;3; 1.000000, 1.000000, 1.000000;;,
      10;3; 1.000000, 1.000000, 1.000000;;,
      11;3; 1.000000, 1.000000, 1.000000;;,
      12;3; 1.000000, 1.000000, 1.000000;;,
      13;3; 1.000000, 1.000000, 1.000000;;,
      14;3; 1.000000, 1.000000, 1.000000;;;
    }
    AnimationKey { // Position
      2;
      15;
      0;3;10.808888, 0.851422,-0.000001;;,
      1;3;10.808882, 0.851414,-0.000004;;,
      2;3;10.808884, 0.851416,-0.000003;;,
      3;3;10.808880, 0.851413,-0.000005;;,
      4;3;10.808874, 0.851417,-0.000002;;,
      5;3;10.808887, 0.851420,-0.000001;;,
      6;3;10.808887, 0.851420,-0.000002;;,
      7;3;10.808873, 0.851416,-0.000004;;,
      8;3;10.808877, 0.851419, 0.000002;;,
      9;3;10.808881, 0.851410,-0.000004;;,
      10;3;10.808877, 0.851420, 0.000001;;,
      11;3;10.808871, 0.851419,-0.000000;;,
      12;3;10.808874, 0.851412,-0.000001;;,
      13;3;10.808875, 0.851419, 0.000002;;,
      14;3;10.808884, 0.851418, 0.000005;;;
    }
  }
  Animation {
    {Armature_spine_02}
    AnimationKey { // Rotation
      0;
      15;
      0;4;-0.995993,-0.020003, 0.006974, 0.086882;;,
      1;4;-0.995786,-0.021566, 0.013943, 0.088035;;,
      2;4;-0.995644,-0.022331, 0.019221, 0.088455;;,
      3;4;-0.995522,-0.023985, 0.023958, 0.088243;;,
      4;4;-0.995476,-0.025520, 0.028044, 0.087116;;,
      5;4;-0.995465,-0.026744, 0.031399, 0.085724;;,
      6;4;-0.995446,-0.027480, 0.033935, 0.084733;;,
      7;4;-0.995380,-0.027546, 0.035560, 0.084824;;,
      8;4;-0.995291,-0.027453, 0.036512, 0.085498;;,
      9;4;-0.995198,-0.027626, 0.037103, 0.086266;;,
      10;4;-0.995050,-0.027716, 0.037347, 0.087818;;,
      11;4;-0.994794,-0.027363, 0.037258, 0.090819;;,
      12;4;-0.994325,-0.026421, 0.036718, 0.096284;;,
      13;4;-0.993548,-0.025013, 0.035622, 0.104726;;,
      14;4;-0.992404,-0.023146, 0.033990, 0.115942;;;
    }
    AnimationKey { // Scale
      1;
      15;
      0;3; 1.000000, 1.000000, 1.000000;;,
      1;3; 1.000000, 1.000000, 1.000000;;,
      2;3; 1.000000, 1.000000, 1.000000;;,
      3;3; 1.000000, 1.000000, 1.000000;;,
      4;3; 1.000000, 1.000000, 1.000000;;,
      5;3; 1.000000, 1.000000, 1.000000;;,
