xof 0303txt 0032

template XSkinMeshHeader {
  <3cf169ce-ff7c-44ab-93c0-f78f62d172e2>
  WORD nMaxSkinWeightsPerVertex;
  WORD nMaxSkinWeightsPerFace;
  WORD nBones;
}

template SkinWeights {
  <6f0d123b-bad2-4167-a0d0-80224f25fabb>
  STRING transformNodeName;
  DWORD nWeights;
  array DWORD vertexIndices[nWeights];
  array float weights[nWeights];
  Matrix4x4 matrixOffset;
}

Frame Root {
  FrameTransformMatrix {
     1.000000, 0.000000, 0.000000, 0.000000,
     0.000000,-0.000000, 1.000000, 0.000000,
     0.000000, 1.000000, 0.000000, 0.000000,
     0.000000, 0.000000, 0.000000, 1.000000;;
  }
  Frame Armature {
    FrameTransformMatrix {
       0.010000, 0.000000, 0.000000, 0.000000,
       0.000000,-0.000000, 0.010000, 0.000000,
       0.000000,-0.010000,-0.000000, 0.000000,
       0.000000, 0.000000, 0.000000, 1.000000;;
    }
    Frame Armature_root {
      FrameTransformMatrix {
         1.000000, 0.000000, 0.000000, 0.000000,
         0.000000, 1.000000, 0.000000, 0.000000,
         0.000000, 0.000000, 1.000000, 0.000000,
         0.000000, 0.000009, 0.000000, 1.000000;;
      }
      Frame Armature_ik_foot_root {
        FrameTransformMatrix {
           0.000000,-0.000000,-1.000000, 0.000000,
           1.000000, 0.000000, 0.000000, 0.000000,
           0.000000,-1.000000, 0.000000, 0.000000,
           0.000000, 0.000000, 0.000000, 1.000000;;
        }
        Frame Armature_ik_foot_l {
          FrameTransformMatrix {
             0.950203, 0.310360, 0.028119, 0.000000,
             0.033471,-0.011932,-0.999368, 0.000000,
            -0.309829, 0.950544,-0.021726, 0.000000,
            -61.028732,31.822346,-12.702978, 1.000000;;
          }
        } // End of Armature_ik_foot_l
        Frame Armature_ik_foot_r {
          FrameTransformMatrix {
             0.269205,-0.962616, 0.029980, 0.000000,
             0.693122, 0.215263, 0.687928, 0.000000,
            -0.668664,-0.164414, 0.725160, 0.000000,
            46.177689,-13.234690,-13.306654, 1.000000;;
          }
        } // End of Armature_ik_foot_r
      } // End of Armature_ik_foot_root
      Frame Armature_ik_hand_root {
        FrameTransformMatrix {
           1.000000, 0.000000, 0.000000, 0.000000,
           0.000000, 1.000000, 0.000000, 0.000000,
           0.000000, 0.000000, 1.000000, 0.000000,
           0.000000, 0.000000, 0.000000, 1.000000;;
        }
        Frame Armature_ik_hand_gun {
          FrameTransformMatrix {
            -0.937843,-0.212478, 0.274416, 0.000000,
             0.049930,-0.865064,-0.499171, 0.000000,
             0.343450,-0.454443, 0.821903, 0.000000,
            -4.986889,122.210228,-9.700783, 1.000000;;
          }
          Frame Armature_ik_hand_l {
            FrameTransformMatrix {
              -0.399332, 0.078418, 0.913446, 0.000000,
               0.291039,-0.933957, 0.207413, 0.000000,
               0.869385, 0.348675, 0.350137, 0.000000,
              -5.688314, 1.764183,128.903931, 1.000000;;
            }
          } // End of Armature_ik_hand_l
          Frame Armature_ik_hand_r {
            FrameTransformMatrix {
               1.000000, 0.000000,-0.000000, 0.000000,
              -0.000000, 1.000000,-0.000000, 0.000000,
               0.000000, 0.000000, 1.000000, 0.000000,
               0.000015,-0.000004,-0.000007, 1.000000;;
            }
          } // End of Armature_ik_hand_r
        } // End of Armature_ik_hand_gun
      } // End of Armature_ik_hand_root
      Frame Armature_pelvis {
        FrameTransformMatrix {
           0.230398, 0.954884, 0.187388, 0.000000,
          -0.826437, 0.090347, 0.555733, 0.000000,
           0.513731,-0.282904, 0.809967, 0.000000,
           2.676168,52.715019,26.869204, 1.000000;;
        }
        Frame Armature_spine_01 {
          FrameTransformMatrix {
             0.631663,-0.743379, 0.219975, 0.000000,
             0.736899, 0.663877, 0.127469, 0.000000,
            -0.240794, 0.081582, 0.967141, 0.000000,
            10.808884, 0.851418, 0.000005, 1.000000;;
          }
          Frame Armature_spine_02 {
            FrameTransformMatrix {
               0.984727, 0.120460, 0.125709, 0.000000,
              -0.122354, 0.992459, 0.007424, 0.000000,
              -0.123867,-0.022692, 0.992039, 0.000000,
               3.780454,18.821842,-0.416243, 1.000000;;
            }
            Frame Armature_spine_03 {
              FrameTransformMatrix {
                 0.967949, 0.223491, 0.114572, 0.000000,
                -0.242868, 0.949131, 0.200411, 0.000000,
                -0.063954,-0.221814, 0.972989, 0.000000,
                 0.409463,13.412256,-0.096612, 1.000000;;
              }
              Frame Armature_clavicle_l {
                FrameTransformMatrix {
                   0.889723, 0.146061,-0.432503, 0.000000,
                   0.445145,-0.067587, 0.892905, 0.000000,
                   0.101187,-0.986964,-0.125152, 0.000000,
                  -2.732087,11.883703, 3.781997, 1.000000;;
                }
                Frame Armature_upperarm_l {
                  FrameTransformMatrix {
                     0.251952,-0.487815, 0.835797, 0.000000,
                     0.246511, 0.867521, 0.432019, 0.000000,
                    -0.935817, 0.097185, 0.338825, 0.000000,
                     0.000005,15.784874,-0.000002, 1.000000;;
                  }
                  Frame Armature_lowerarm_l {
                    FrameTransformMatrix {
                       0.849628, 0.527343, 0.006514, 0.000000,
                      -0.527154, 0.848830, 0.039948, 0.000000,
                       0.015538,-0.037375, 0.999180, 0.000000,
                      -0.000011,30.339954,-0.000014, 1.000000;;
                    }
                    Frame Armature_hand_l {
                      FrameTransformMatrix {
                         0.631432,-0.078140, 0.771484, 0.000000,
                         0.091277, 0.995483, 0.026120, 0.000000,
                        -0.770040, 0.053926, 0.635712, 0.000000,
                         0.000000,26.975155,-0.000002, 1.000000;;
                      }
                      Frame Armature_index_01_l {
                        FrameTransformMatrix {
                           0.967637, 0.070947,-0.242166, 0.000000,
                          -0.039354, 0.990349, 0.132895, 0.000000,
                           0.249257,-0.119064, 0.961091, 0.000000,
                           1.763469,12.068119, 2.109398, 1.000000;;
                        }
                        Frame Armature_index_02_l {
                          FrameTransformMatrix {
                             0.997573,-0.067801,-0.015829, 0.000000,
                             0.069051, 0.992561, 0.100269, 0.000000,
                             0.008913,-0.101119, 0.994834, 0.000000,
                            -0.000008, 4.287498, 0.000010, 1.000000;;
                          }
                          Frame Armature_index_03_l {
                            FrameTransformMatrix {
                               0.979833, 0.198725,-0.020867, 0.000000,
                              -0.198675, 0.980055, 0.004430, 0.000000,
                               0.021332,-0.000195, 0.999773, 0.000000,
                              -0.000011, 3.393795,-0.000010, 1.000000;;
                            }
                          } // End of Armature_index_03_l
                        } // End of Armature_index_02_l
                      } // End of Armature_index_01_l
                      Frame Armature_middle_01_l {
                        FrameTransformMatrix {
                           0.972261,-0.224001,-0.067317, 0.000000,
                           0.209427, 0.961870,-0.175916, 0.000000,
                           0.104156, 0.156938, 0.982101, 0.000000,
                           1.293652,12.244287,-0.571163, 1.000000;;
                        }
                        Frame Armature_middle_02_l {
                          FrameTransformMatrix {
                             0.976465,-0.212453, 0.037153, 0.000000,
                             0.208607, 0.974080, 0.087469, 0.000000,
                            -0.054773,-0.077660, 0.995474, 0.000000,
                             0.000008, 4.640377, 0.000002, 1.000000;;
                          }
                          Frame Armature_middle_03_l {
                            FrameTransformMatrix {
                               0.987177, 0.159597,-0.003154, 0.000000,
                              -0.159599, 0.987182,-0.000581, 0.000000,
                               0.003021, 0.001077, 0.999995, 0.000000,
                               0.000000, 3.648842,-0.000004, 1.000000;;
                            }
                          } // End of Armature_middle_03_l
                        } // End of Armature_middle_02_l
                      } // End of Armature_middle_01_l
                      Frame Armature_pinky_01_l {
                        FrameTransformMatrix {
                           0.893967,-0.332315, 0.300648, 0.000000,
                           0.429982, 0.825076,-0.366558, 0.000000,
                          -0.126245, 0.456964, 0.880481, 0.000000,
                           2.263153,10.140676,-4.643154, 1.000000;;
                        }
                        Frame Armature_pinky_02_l {
                          FrameTransformMatrix {
                             0.915565,-0.400045,-0.041293, 0.000000,
                             0.400139, 0.916433,-0.006328, 0.000000,
                             0.040373,-0.010729, 0.999127, 0.000000,
                            -0.000005, 3.570983, 0.000005, 1.000000;;
                          }
                          Frame Armature_pinky_03_l {
                            FrameTransformMatrix {
                               0.990307,-0.138704,-0.007299, 0.000000,
                               0.138707, 0.990333,-0.000105, 0.000000,
                               0.007243,-0.000908, 0.999973, 0.000000,
                              -0.000010, 2.985626,-0.000004, 1.000000;;
                            }
                          } // End of Armature_pinky_03_l
                        } // End of Armature_pinky_02_l
                      } // End of Armature_pinky_01_l
                      Frame Armature_ring_01_l {
                        FrameTransformMatrix {
                           0.894742,-0.376127, 0.240761, 0.000000,
                           0.434704, 0.857054,-0.276569, 0.000000,
                          -0.102320, 0.352118, 0.930346, 0.000000,
                           1.753524,11.497898,-2.846912, 1.000000;;
                        }
                        Frame Armature_ring_02_l {
                          FrameTransformMatrix {
                             0.996943, 0.077602,-0.009041, 0.000000,
                            -0.077523, 0.996952, 0.008756, 0.000000,
                             0.009693,-0.008028, 0.999921, 0.000000,
                             0.000009, 4.430182,-0.000004, 1.000000;;
                          }
                          Frame Armature_ring_03_l {
                            FrameTransformMatrix {
                               0.976498, 0.215525, 0.000389, 0.000000,
                              -0.215525, 0.976498, 0.000667, 0.000000,
                              -0.000236,-0.000735, 1.000000, 0.000000,
                               0.000002, 3.476648,-0.000000, 1.000000;;
                            }
                          } // End of Armature_ring_03_l
                        } // End of Armature_ring_02_l
                      } // End of Armature_ring_01_l
                      Frame Armature_thumb_01_l {
                        FrameTransformMatrix {
                          -0.049892, 0.340793,-0.938814, 0.000000,
                           0.696401, 0.685660, 0.211887, 0.000000,
                           0.715917,-0.643219,-0.271538, 0.000000,
                           2.374982, 4.762039, 2.537821, 1.000000;;
                        }
                        Frame Armature_thumb_02_l {
                          FrameTransformMatrix {
                             0.994918,-0.094576,-0.034550, 0.000000,
                             0.097444, 0.990808, 0.093830, 0.000000,
                             0.025358,-0.096720, 0.994989, 0.000000,
                             0.000004, 3.869681, 0.000000, 1.000000;;
                          }
                          Frame Armature_thumb_03_l {
                            FrameTransformMatrix {
                               0.993104,-0.092365,-0.072210, 0.000000,
                               0.099652, 0.989482, 0.104859, 0.000000,
                               0.061765,-0.111332, 0.991862, 0.000000,
                               0.000009, 4.062176, 0.000004, 1.000000;;
                            }
                          } // End of Armature_thumb_03_l
                        } // End of Armature_thumb_02_l
                      } // End of Armature_thumb_01_l
                    } // End of Armature_hand_l
                    Frame Armature_lowerarm_twist_01_l {
                      FrameTransformMatrix {
                         0.942530, 0.000000,-0.334121, 0.000000,
                         0.000000, 1.000000,-0.000000, 0.000000,
                         0.334121, 0.000000, 0.942530, 0.000000,
                        -0.000003,14.000002,-0.000003, 1.000000;;
                      }
                    } // End of Armature_lowerarm_twist_01_l
                  } // End of Armature_lowerarm_l
                  Frame Armature_upperarm_twist_01_l {
                    FrameTransformMatrix {
                       0.325595, 0.000000,-0.945509, 0.000000,
                      -0.000000, 1.000000,-0.000000, 0.000000,
                       0.945509, 0.000000, 0.325595, 0.000000,
                       0.000007, 0.500008,-0.000012, 1.000000;;
                    }
                  } // End of Armature_upperarm_twist_01_l
                } // End of Armature_upperarm_l
              } // End of Armature_clavicle_l
              Frame Armature_clavicle_r {
                FrameTransformMatrix {
                  -0.945833,-0.129491,-0.297709, 0.000000,
                   0.313345,-0.124215,-0.941480, 0.000000,
                   0.084934,-0.983769, 0.158063, 0.000000,
                  -2.732104,11.883795,-3.781996, 1.000000;;
                }
                Frame Armature_upperarm_r {
                  FrameTransformMatrix {
                     0.865382,-0.010238,-0.501009, 0.000000,
                     0.321593, 0.778095, 0.539580, 0.000000,
                     0.384308,-0.628063, 0.676641, 0.000000,
                    -0.000054,15.784747, 0.000083, 1.000000;;
                  }
                  Frame Armature_lowerarm_r {
                    FrameTransformMatrix {
                       0.999989, 0.004689,-0.000001, 0.000000,
                      -0.004689, 0.999989, 0.000000, 0.000000,
                       0.000001,-0.000000, 1.000000, 0.000000,
                       0.000000,30.340073,-0.000011, 1.000000;;
                    }
                    Frame Armature_hand_r {
                      FrameTransformMatrix {
                        -0.115724,-0.247624,-0.961920, 0.000000,
                        -0.893052, 0.449877,-0.008372, 0.000000,
                         0.434819, 0.858075,-0.273202, 0.000000,
                        -0.000006,26.975254,-0.000015, 1.000000;;
                      }
                      Frame Armature_index_01_r {
                        FrameTransformMatrix {
                           0.680580, 0.711086, 0.176545, 0.000000,
                          -0.685835, 0.703072,-0.187937, 0.000000,
                          -0.257763, 0.006825, 0.966184, 0.000000,
                          -1.763754,12.067953, 2.109436, 1.000000;;
                        }
                        Frame Armature_index_02_r {
                          FrameTransformMatrix {
                            -0.096425, 0.990317, 0.099871, 0.000000,
                            -0.995295,-0.094973,-0.019197, 0.000000,
                            -0.009526,-0.101252, 0.994815, 0.000000,
                             0.000006, 4.287682, 0.000005, 1.000000;;
                          }
                          Frame Armature_index_03_r {
                            FrameTransformMatrix {
                               0.666919, 0.744995, 0.014214, 0.000000,
                              -0.744826, 0.667071,-0.015845, 0.000000,
                              -0.021286,-0.000020, 0.999773, 0.000000,
                               0.000115, 3.393702,-0.000015, 1.000000;;
                            }
                          } // End of Armature_index_03_r
                        } // End of Armature_index_02_r
                      } // End of Armature_index_01_r
                      Frame Armature_middle_01_r {
                        FrameTransformMatrix {
                           0.441929, 0.896672,-0.026036, 0.000000,
                          -0.895749, 0.439540,-0.066611, 0.000000,
                          -0.048285, 0.052759, 0.997439, 0.000000,
                          -1.293750,12.244124,-0.571120, 1.000000;;
                        }
                        Frame Armature_middle_02_r {
                          FrameTransformMatrix {
                             0.178865, 0.979905, 0.088287, 0.000000,
                            -0.981563, 0.171579, 0.084230, 0.000000,
                             0.067389,-0.101725, 0.992528, 0.000000,
                            -0.000145, 4.640572, 0.000003, 1.000000;;
                          }
                          Frame Armature_middle_03_r {
                            FrameTransformMatrix {
                               0.131040, 0.991377, 0.000430, 0.000000,
                              -0.991372, 0.131040,-0.003243, 0.000000,
                              -0.003271,-0.000001, 0.999995, 0.000000,
                               0.000036, 3.648912, 0.000007, 1.000000;;
                            }
                          } // End of Armature_middle_03_r
                        } // End of Armature_middle_02_r
                      } // End of Armature_middle_01_r
                      Frame Armature_pinky_01_r {
                        FrameTransformMatrix {
                           0.827081, 0.473667,-0.302614, 0.000000,
                          -0.535493, 0.827640,-0.168105, 0.000000,
                           0.170829, 0.301084, 0.938171, 0.000000,
                          -2.263381,10.140598,-4.643095, 1.000000;;
                        }
                        Frame Armature_pinky_02_r {
                          FrameTransformMatrix {
                             0.135758, 0.989591, 0.047733, 0.000000,
                            -0.990283, 0.137004,-0.023853, 0.000000,
                            -0.030144,-0.044031, 0.998575, 0.000000,
                            -0.000075, 3.571055,-0.000018, 1.000000;;
                          }
                          Frame Armature_pinky_03_r {
                            FrameTransformMatrix {
                              -0.138522, 0.990359,-0.000993, 0.000000,
                              -0.990334,-0.138526,-0.007093, 0.000000,
                              -0.007162, 0.000001, 0.999975, 0.000000,
                               0.000320, 2.985430,-0.000044, 1.000000;;
                            }
                          } // End of Armature_pinky_03_r
                        } // End of Armature_pinky_02_r
                      } // End of Armature_pinky_01_r
                      Frame Armature_ring_01_r {
                        FrameTransformMatrix {
                           0.488693, 0.835028,-0.252800, 0.000000,
                          -0.863051, 0.505116, 0.000075, 0.000000,
                           0.127756, 0.218143, 0.967518, 0.000000,
                          -1.753790,11.497982,-2.846915, 1.000000;;
                        }
                        Frame Armature_ring_02_r {
                          FrameTransformMatrix {
                            -0.098077, 0.994968, 0.020464, 0.000000,
                            -0.995158,-0.097921,-0.008487, 0.000000,
                            -0.006441,-0.021198, 0.999755, 0.000000,
                             0.000071, 4.429876,-0.000018, 1.000000;;
                          }
                          Frame Armature_ring_03_r {
                            FrameTransformMatrix {
                               0.264060, 0.964506,-0.000106, 0.000000,
                              -0.964506, 0.264060, 0.000387, 0.000000,
                               0.000401,-0.000000, 1.000000, 0.000000,
                               0.000075, 3.476660,-0.000004, 1.000000;;
                            }
                          } // End of Armature_ring_03_r
                        } // End of Armature_ring_02_r
                      } // End of Armature_ring_01_r
                      Frame Armature_thumb_01_r {
                        FrameTransformMatrix {
                           0.166773,-0.399669, 0.901361, 0.000000,
                          -0.684861, 0.610701, 0.397504, 0.000000,
                          -0.709332,-0.683600,-0.171869, 0.000000,
                          -2.375123, 4.762136, 2.537804, 1.000000;;
                        }
                        Frame Armature_thumb_02_r {
                          FrameTransformMatrix {
                             0.809495, 0.587038, 0.010220, 0.000000,
                            -0.587124, 0.809316, 0.017115, 0.000000,
                             0.001776,-0.019855, 0.999801, 0.000000,
                             0.000106, 3.869576, 0.000030, 1.000000;;
                          }
                          Frame Armature_thumb_03_r {
                            FrameTransformMatrix {
                               0.696233, 0.717189, 0.029995, 0.000000,
                              -0.716524, 0.696879,-0.030869, 0.000000,
                              -0.043042, 0.000000, 0.999073, 0.000000,
                              -0.000002, 4.062183, 0.000007, 1.000000;;
                            }
                          } // End of Armature_thumb_03_r
                        } // End of Armature_thumb_02_r
                      } // End of Armature_thumb_01_r
                      Frame Armature_weapon_r {
                        FrameTransformMatrix {
                          -0.005470,-0.000001,-0.999985, 0.000000,
                          -0.000001,-1.000000, 0.000001, 0.000000,
                          -0.999985, 0.000001, 0.005470, 0.000000,
                          -4.667004,11.309014,-1.093003, 1.000000;;
                        }
                      } // End of Armature_weapon_r
                    } // End of Armature_hand_r
                    Frame Armature_lowerarm_twist_01_r {
                      FrameTransformMatrix {
                         0.932836, 0.000000,-0.360301, 0.000000,
                         0.000000, 1.000000, 0.000000, 0.000000,
                         0.360301,-0.000000, 0.932836, 0.000000,
                         0.000024,14.000004,-0.000006, 1.000000;;
                      }
                    } // End of Armature_lowerarm_twist_01_r
                  } // End of Armature_lowerarm_r
                  Frame Armature_upperarm_twist_01_r {
                    FrameTransformMatrix {
                       0.953921, 0.000000, 0.300059, 0.000000,
                       0.000000, 1.000000,-0.000000, 0.000000,
                      -0.300059,-0.000000, 0.953921, 0.000000,
                      -0.000003, 0.500008,-0.000000, 1.000000;;
                    }
                  } // End of Armature_upperarm_twist_01_r
                } // End of Armature_upperarm_r
              } // End of Armature_clavicle_r
              Frame Armature_neck_01 {
                FrameTransformMatrix {
                   0.917004, 0.398878,-0.000000, 0.000000,
                  -0.398878, 0.917004,-0.000000, 0.000000,
                  -0.000000, 0.000000, 1.000000, 0.000000,
                  -0.355310,16.558794, 0.000004, 1.000000;;
                }
                Frame Armature_head {
                  FrameTransformMatrix {
                    -0.082373,-0.365524,-0.927150, 0.000000,
                     0.809782, 0.517730,-0.276058, 0.000000,
                     0.580919,-0.773530, 0.253348, 0.000000,
                     0.364147, 9.283610, 0.000002, 1.000000;;
                  }
                } // End of Armature_head
              } // End of Armature_neck_01
            } // End of Armature_spine_03
          } // End of Armature_spine_02
        } // End of Armature_spine_01
        Frame Armature_sword_holder {
          FrameTransformMatrix {
            -0.909315, 0.370363, 0.189679, 0.000000,
            -0.355306,-0.928335, 0.109324, 0.000000,
             0.216575, 0.032016, 0.975741, 0.000000,
            13.979995,19.493000,16.301014, 1.000000;;
          }
        } // End of Armature_sword_holder
        Frame Armature_thigh_l {
          FrameTransformMatrix {
            -0.635266,-0.666383, 0.390347, 0.000000,
            -0.081465, 0.560440, 0.824179, 0.000000,
            -0.767985, 0.491773,-0.410316, 0.000000,
            -1.448825, 0.531421, 9.005813, 1.000000;;
          }
          Frame Armature_calf_l {
            FrameTransformMatrix {
              -0.203669,-0.975456, 0.083692, 0.000000,
               0.969530,-0.212838,-0.121292, 0.000000,
               0.136128, 0.056438, 0.989082, 0.000000,
              -0.240665,42.347790, 0.036435, 1.000000;;
            }
            Frame Armature_calf_twist_01_l {
              FrameTransformMatrix {
                 0.999827,-0.015276,-0.010636, 0.000000,
                 0.015236, 0.999877,-0.003824, 0.000000,
                 0.010693, 0.003661, 0.999936, 0.000000,
                -0.000005,20.476774, 0.000002, 1.000000;;
              }
            } // End of Armature_calf_twist_01_l
            Frame Armature_foot_l {
              FrameTransformMatrix {
                 0.396495,-0.624910,-0.672517, 0.000000,
                -0.824512,-0.564535, 0.038465, 0.000000,
                -0.403697, 0.539247,-0.739082, 0.000000,
                -0.000342,40.196362, 0.000728, 1.000000;;
              }
              Frame Armature_ball_l {
                FrameTransformMatrix {
                  -0.026090, 0.999660, 0.000203, 0.000000,
                  -0.999660,-0.026090, 0.000068, 0.000000,
                   0.000073,-0.000201, 1.000000, 0.000000,
                  -10.453841,16.577856,-0.080155, 1.000000;;
                }
              } // End of Armature_ball_l
            } // End of Armature_foot_l
          } // End of Armature_calf_l
          Frame Armature_thigh_twist_01_l {
            FrameTransformMatrix {
               0.868985,-0.000852, 0.494837, 0.000000,
               0.000983, 0.999999,-0.000004, 0.000000,
              -0.494837, 0.000490, 0.868985, 0.000000,
               0.000010,22.094234, 0.000005, 1.000000;;
            }
          } // End of Armature_thigh_twist_01_l
        } // End of Armature_thigh_l
        Frame Armature_thigh_r {
          FrameTransformMatrix {
             0.018054, 0.988123,-0.152604, 0.000000,
            -0.736950,-0.089998,-0.669929, 0.000000,
            -0.675706, 0.124557, 0.726572, 0.000000,
            -1.448639, 0.531429,-9.005798, 1.000000;;
          }
          Frame Armature_calf_r {
            FrameTransformMatrix {
               0.780105, 0.622597, 0.061725, 0.000000,
              -0.620522, 0.782542,-0.050800, 0.000000,
              -0.079930, 0.001328, 0.996799, 0.000000,
               0.022081,42.449032, 0.004517, 1.000000;;
            }
            Frame Armature_calf_twist_01_r {
              FrameTransformMatrix {
                 0.982307, 0.014253,-0.186736, 0.000000,
                -0.015235, 0.999877,-0.003824, 0.000000,
                 0.186659, 0.006601, 0.982403, 0.000000,
                -0.000001,20.476933,-0.000009, 1.000000;;
              }
            } // End of Armature_calf_twist_01_r
            Frame Armature_foot_r {
              FrameTransformMatrix {
                 0.033078, 0.958971, 0.281570, 0.000000,
                 0.957086, 0.050763,-0.285323, 0.000000,
                -0.287910, 0.278924,-0.916138, 0.000000,
                -0.000169,40.196827, 0.000305, 1.000000;;
              }
              Frame Armature_ball_r {
                FrameTransformMatrix {
                  -0.002068,-0.999998, 0.000626, 0.000000,
                   0.999998,-0.002068, 0.000072, 0.000000,
                  -0.000071, 0.000627, 1.000000, 0.000000,
                  10.453818,16.577797,-0.080164, 1.000000;;
                }
              } // End of Armature_ball_r
            } // End of Armature_foot_r
          } // End of Armature_calf_r
          Frame Armature_thigh_twist_01_r {
            FrameTransformMatrix {
               0.994507, 0.000978, 0.104669, 0.000000,
              -0.000983, 1.000000,-0.000002, 0.000000,
              -0.104669,-0.000101, 0.994507, 0.000000,
              -0.000000,22.094238, 0.000000, 1.000000;;
            }
          } // End of Armature_thigh_twist_01_r
        } // End of Armature_thigh_r
      } // End of Armature_pelvis
    } // End of Armature_root
  } // End of Armature
} // End of Root
AnimationSet Global {
  Animation {
    {Armature}
    AnimationKey { // Rotation
      0;
      57;
      0;4;-0.707107, 0.707107, 0.000000, 0.000000;;,
      1;4;-0.707107, 0.707107, 0.000000, 0.000000;;,
      2;4;-0.707107, 0.707107, 0.000000, 0.000000;;,
      3;4;-0.707107, 0.707107, 0.000000, 0.000000;;,
      4;4;-0.707107, 0.707107, 0.000000, 0.000000;;,
      5;4;-0.707107, 0.707107, 0.000000, 0.000000;;,
      6;4;-0.707107, 0.707107, 0.000000, 0.000000;;,
      7;4;-0.707107, 0.707107, 0.000000, 0.000000;;,
      8;4;-0.707107, 0.707107, 0.000000, 0.000000;;,
      9;4;-0.707107, 0.707107, 0.000000, 0.000000;;,
      10;4;-0.707107, 0.707107, 0.000000, 0.000000;;,
      11;4;-0.707107, 0.707107, 0.000000, 0.000000;;,
      12;4;-0.707107, 0.707107, 0.000000, 0.000000;;,
      13;4;-0.707107, 0.707107, 0.000000, 0.000000;;,
      14;4;-0.707107, 0.707107, 0.000000, 0.000000;;,
      15;4;-0.707107, 0.707107, 0.000000, 0.000000;;,
      16;4;-0.707107, 0.707107, 0.000000, 0.000000;;,
      17;4;-0.707107, 0.707107, 0.000000, 0.000000;;,
      18;4;-0.707107, 0.707107, 0.000000, 0.000000;;,
      19;4;-0.707107, 0.707107, 0.000000, 0.000000;;,
      20;4;-0.707107, 0.707107, 0.000000, 0.000000;;,
      21;4;-0.707107, 0.707107, 0.000000, 0.000000;;,
      22;4;-0.707107, 0.707107, 0.000000, 0.000000;;,
      23;4;-0.707107, 0.707107, 0.000000, 0.000000;;,
      24;4;-0.707107, 0.707107, 0.000000, 0.000000;;,
      25;4;-0.707107, 0.707107, 0.000000, 0.000000;;,
      26;4;-0.707107, 0.707107, 0.000000, 0.000000;;,
      27;4;-0.707107, 0.707107, 0.000000, 0.000000;;,
      28;4;-0.707107, 0.707107, 0.000000, 0.000000;;,
      29;4;-0.707107, 0.707107, 0.000000, 0.000000;;,
      30;4;-0.707107, 0.707107, 0.000000, 0.000000;;,
      31;4;-0.707107, 0.707107, 0.000000, 0.000000;;,
      32;4;-0.707107, 0.707107, 0.000000, 0.000000;;,
      33;4;-0.707107, 0.707107, 0.000000, 0.000000;;,
      34;4;-0.707107, 0.707107, 0.000000, 0.000000;;,
      35;4;-0.707107, 0.707107, 0.000000, 0.000000;;,
      36;4;-0.707107, 0.707107, 0.000000, 0.000000;;,
      37;4;-0.707107, 0.707107, 0.000000, 0.000000;;,
      38;4;-0.707107, 0.707107, 0.000000, 0.000000;;,
      39;4;-0.707107, 0.707107, 0.000000, 0.000000;;,
      40;4;-0.707107, 0.707107, 0.000000, 0.000000;;,
      41;4;-0.707107, 0.707107, 0.000000, 0.000000;;,
      42;4;-0.707107, 0.707107, 0.000000, 0.000000;;,
      43;4;-0.707107, 0.707107, 0.000000, 0.000000;;,
      44;4;-0.707107, 0.707107, 0.000000, 0.000000;;,
      45;4;-0.707107, 0.707107, 0.000000, 0.000000;;,
      46;4;-0.707107, 0.707107, 0.000000, 0.000000;;,
      47;4;-0.707107, 0.707107, 0.000000, 0.000000;;,
      48;4;-0.707107, 0.707107, 0.000000, 0.000000;;,
      49;4;-0.707107, 0.707107, 0.000000, 0.000000;;,
      50;4;-0.707107, 0.707107, 0.000000, 0.000000;;,
      51;4;-0.707107, 0.707107, 0.000000, 0.000000;;,
      52;4;-0.707107, 0.707107, 0.000000, 0.000000;;,
      53;4;-0.707107, 0.707107, 0.000000, 0.000000;;,
      54;4;-0.707107, 0.707107, 0.000000, 0.000000;;,
      55;4;-0.707107, 0.707107, 0.000000, 0.000000;;,
      56;4;-0.707107, 0.707107, 0.000000, 0.000000;;;
    }
    AnimationKey { // Scale
      1;
      57;
      0;3; 0.010000, 0.010000, 0.010000;;,
      1;3; 0.010000, 0.010000, 0.010000;;,
      2;3; 0.010000, 0.010000, 0.010000;;,
      3;3; 0.010000, 0.010000, 0.010000;;,
      4;3; 0.010000, 0.010000, 0.010000;;,
      5;3; 0.010000, 0.010000, 0.010000;;,
      6;3; 0.010000, 0.010000, 0.010000;;,
      7;3; 0.010000, 0.010000, 0.010000;;,
      8;3; 0.010000, 0.010000, 0.010000;;,
      9;3; 0.010000, 0.010000, 0.010000;;,
      10;3; 0.010000, 0.010000, 0.010000;;,
      11;3; 0.010000, 0.010000, 0.010000;;,
      12;3; 0.010000, 0.010000, 0.010000;;,
      13;3; 0.010000, 0.010000, 0.010000;;,
      14;3; 0.010000, 0.010000, 0.010000;;,
      15;3; 0.010000, 0.010000, 0.010000;;,
      16;3; 0.010000, 0.010000, 0.010000;;,
      17;3; 0.010000, 0.010000, 0.010000;;,
      18;3; 0.010000, 0.010000, 0.010000;;,
      19;3; 0.010000, 0.010000, 0.010000;;,
      20;3; 0.010000, 0.010000, 0.010000;;,
      21;3; 0.010000, 0.010000, 0.010000;;,
      22;3; 0.010000, 0.010000, 0.010000;;,
      23;3; 0.010000, 0.010000, 0.010000;;,
      24;3; 0.010000, 0.010000, 0.010000;;,
      25;3; 0.010000, 0.010000, 0.010000;;,
      26;3; 0.010000, 0.010000, 0.010000;;,
      27;3; 0.010000, 0.010000, 0.010000;;,
      28;3; 0.010000, 0.010000, 0.010000;;,
      29;3; 0.010000, 0.010000, 0.010000;;,
      30;3; 0.010000, 0.010000, 0.010000;;,
      31;3; 0.010000, 0.010000, 0.010000;;,
      32;3; 0.010000, 0.010000, 0.010000;;,
      33;3; 0.010000, 0.010000, 0.010000;;,
      34;3; 0.010000, 0.010000, 0.010000;;,
      35;3; 0.010000, 0.010000, 0.010000;;,
      36;3; 0.010000, 0.010000, 0.010000;;,
      37;3; 0.010000, 0.010000, 0.010000;;,
      38;3; 0.010000, 0.010000, 0.010000;;,
      39;3; 0.010000, 0.010000, 0.010000;;,
      40;3; 0.010000, 0.010000, 0.010000;;,
      41;3; 0.010000, 0.010000, 0.010000;;,
      42;3; 0.010000, 0.010000, 0.010000;;,
      43;3; 0.010000, 0.010000, 0.010000;;,
      44;3; 0.010000, 0.010000, 0.010000;;,
      45;3; 0.010000, 0.010000, 0.010000;;,
      46;3; 0.010000, 0.010000, 0.010000;;,
      47;3; 0.010000, 0.010000, 0.010000;;,
      48;3; 0.010000, 0.010000, 0.010000;;,
      49;3; 0.010000, 0.010000, 0.010000;;,
      50;3; 0.010000, 0.010000, 0.010000;;,
      51;3; 0.010000, 0.010000, 0.010000;;,
      52;3; 0.010000, 0.010000, 0.010000;;,
      53;3; 0.010000, 0.010000, 0.010000;;,
      54;3; 0.010000, 0.010000, 0.010000;;,
      55;3; 0.010000, 0.010000, 0.010000;;,
      56;3; 0.010000, 0.010000, 0.010000;;;
    }
    AnimationKey { // Position
      2;
      57;
      0;3; 0.000000, 0.000000, 0.000000;;,
      1;3; 0.000000, 0.000000, 0.000000;;,
      2;3; 0.000000, 0.000000, 0.000000;;,
      3;3; 0.000000, 0.000000, 0.000000;;,
      4;3; 0.000000, 0.000000, 0.000000;;,
      5;3; 0.000000, 0.000000, 0.000000;;,
      6;3; 0.000000, 0.000000, 0.000000;;,
      7;3; 0.000000, 0.000000, 0.000000;;,
      8;3; 0.000000, 0.000000, 0.000000;;,
      9;3; 0.000000, 0.000000, 0.000000;;,
      10;3; 0.000000, 0.000000, 0.000000;;,
      11;3; 0.000000, 0.000000, 0.000000;;,
      12;3; 0.000000, 0.000000, 0.000000;;,
      13;3; 0.000000, 0.000000, 0.000000;;,
      14;3; 0.000000, 0.000000, 0.000000;;,
      15;3; 0.000000, 0.000000, 0.000000;;,
      16;3; 0.000000, 0.000000, 0.000000;;,
      17;3; 0.000000, 0.000000, 0.000000;;,
      18;3; 0.000000, 0.000000, 0.000000;;,
      19;3; 0.000000, 0.000000, 0.000000;;,
      20;3; 0.000000, 0.000000, 0.000000;;,
      21;3; 0.000000, 0.000000, 0.000000;;,
      22;3; 0.000000, 0.000000, 0.000000;;,
      23;3; 0.000000, 0.000000, 0.000000;;,
      24;3; 0.000000, 0.000000, 0.000000;;,
      25;3; 0.000000, 0.000000, 0.000000;;,
      26;3; 0.000000, 0.000000, 0.000000;;,
      27;3; 0.000000, 0.000000, 0.000000;;,
      28;3; 0.000000, 0.000000, 0.000000;;,
      29;3; 0.000000, 0.000000, 0.000000;;,
      30;3; 0.000000, 0.000000, 0.000000;;,
      31;3; 0.000000, 0.000000, 0.000000;;,
      32;3; 0.000000, 0.000000, 0.000000;;,
      33;3; 0.000000, 0.000000, 0.000000;;,
      34;3; 0.000000, 0.000000, 0.000000;;,
      35;3; 0.000000, 0.000000, 0.000000;;,
      36;3; 0.000000, 0.000000, 0.000000;;,
      37;3; 0.000000, 0.000000, 0.000000;;,
      38;3; 0.000000, 0.000000, 0.000000;;,
      39;3; 0.000000, 0.000000, 0.000000;;,
      40;3; 0.000000, 0.000000, 0.000000;;,
      41;3; 0.000000, 0.000000, 0.000000;;,
      42;3; 0.000000, 0.000000, 0.000000;;,
      43;3; 0.000000, 0.000000, 0.000000;;,
      44;3; 0.000000, 0.000000, 0.000000;;,
      45;3; 0.000000, 0.000000, 0.000000;;,
      46;3; 0.000000, 0.000000, 0.000000;;,
      47;3; 0.000000, 0.000000, 0.000000;;,
      48;3; 0.000000, 0.000000, 0.000000;;,
      49;3; 0.000000, 0.000000, 0.000000;;,
      50;3; 0.000000, 0.000000, 0.000000;;,
      51;3; 0.000000, 0.000000, 0.000000;;,
      52;3; 0.000000, 0.000000, 0.000000;;,
      53;3; 0.000000, 0.000000, 0.000000;;,
      54;3; 0.000000, 0.000000, 0.000000;;,
      55;3; 0.000000, 0.000000, 0.000000;;,
      56;3; 0.000000, 0.000000, 0.000000;;;
    }
  }
  Animation {
    {Armature_root}
    AnimationKey { // Rotation
      0;
      57;
      0;4;-1.000000, 0.000000, 0.000000, 0.000000;;,
      1;4;-1.000000, 0.000000, 0.000000, 0.000000;;,
      2;4;-1.000000, 0.000000, 0.000000, 0.000000;;,
      3;4;-1.000000, 0.000000, 0.000000, 0.000000;;,
      4;4;-1.000000, 0.000000, 0.000000, 0.000000;;,
      5;4;-1.000000, 0.000000, 0.000000, 0.000000;;,
      6;4;-1.000000, 0.000000, 0.000000, 0.000000;;,
      7;4;-1.000000, 0.000000, 0.000000, 0.000000;;,
      8;4;-1.000000, 0.000000, 0.000000, 0.000000;;,
      9;4;-1.000000, 0.000000, 0.000000, 0.000000;;,
      10;4;-1.000000, 0.000000, 0.000000, 0.000000;;,
      11;4;-1.000000, 0.000000, 0.000000, 0.000000;;,
      12;4;-1.000000, 0.000000, 0.000000, 0.000000;;,
      13;4;-1.000000, 0.000000, 0.000000, 0.000000;;,
      14;4;-1.000000, 0.000000, 0.000000, 0.000000;;,
      15;4;-1.000000, 0.000000, 0.000000, 0.000000;;,
      16;4;-1.000000, 0.000000, 0.000000, 0.000000;;,
      17;4;-1.000000, 0.000000, 0.000000, 0.000000;;,
      18;4;-1.000000, 0.000000, 0.000000, 0.000000;;,
      19;4;-1.000000, 0.000000, 0.000000, 0.000000;;,
      20;4;-1.000000, 0.000000, 0.000000, 0.000000;;,
      21;4;-1.000000, 0.000000, 0.000000, 0.000000;;,
      22;4;-1.000000, 0.000000, 0.000000, 0.000000;;,
      23;4;-1.000000, 0.000000, 0.000000, 0.000000;;,
      24;4;-1.000000, 0.000000, 0.000000, 0.000000;;,
      25;4;-1.000000, 0.000000, 0.000000, 0.000000;;,
      26;4;-1.000000, 0.000000, 0.000000, 0.000000;;,
      27;4;-1.000000, 0.000000, 0.000000, 0.000000;;,
      28;4;-1.000000, 0.000000, 0.000000, 0.000000;;,
      29;4;-1.000000, 0.000000, 0.000000, 0.000000;;,
      30;4;-1.000000, 0.000000, 0.000000, 0.000000;;,
      31;4;-1.000000, 0.000000, 0.000000, 0.000000;;,
      32;4;-1.000000, 0.000000, 0.000000, 0.000000;;,
      33;4;-1.000000, 0.000000, 0.000000, 0.000000;;,
      34;4;-1.000000, 0.000000, 0.000000, 0.000000;;,
      35;4;-1.000000, 0.000000, 0.000000, 0.000000;;,
      36;4;-1.000000, 0.000000, 0.000000, 0.000000;;,
      37;4;-1.000000, 0.000000, 0.000000, 0.000000;;,
