xof 0303txt 0032

template XSkinMeshHeader {
  <3cf169ce-ff7c-44ab-93c0-f78f62d172e2>
  WORD nMaxSkinWeightsPerVertex;
  WORD nMaxSkinWeightsPerFace;
  WORD nBones;
}

template SkinWeights {
  <6f0d123b-bad2-4167-a0d0-80224f25fabb>
  STRING transformNodeName;
  DWORD nWeights;
  array DWORD vertexIndices[nWeights];
  array float weights[nWeights];
  Matrix4x4 matrixOffset;
}

Frame Root {
  FrameTransformMatrix {
     1.000000, 0.000000, 0.000000, 0.000000,
     0.000000,-0.000000, 1.000000, 0.000000,
     0.000000, 1.000000, 0.000000, 0.000000,
     0.000000, 0.000000, 0.000000, 1.000000;;
  }
  Frame Armature {
    FrameTransformMatrix {
       0.010000, 0.000000, 0.000000, 0.000000,
       0.000000,-0.000000, 0.010000, 0.000000,
       0.000000,-0.010000,-0.000000, 0.000000,
       0.000000, 0.000000, 0.000000, 1.000000;;
    }
    Frame Armature_root {
      FrameTransformMatrix {
         1.000000, 0.000000, 0.000000, 0.000000,
         0.000000, 1.000000,-0.000000, 0.000000,
         0.000000, 0.000000, 1.000000, 0.000000,
         0.000000, 0.000000, 0.000000, 1.000000;;
      }
      Frame Armature_ik_foot_root {
        FrameTransformMatrix {
           1.000000, 0.000000, 0.000000, 0.000000,
           0.000000, 1.000000, 0.000000, 0.000000,
           0.000000, 0.000000, 1.000000, 0.000000,
           0.000000, 0.000000, 0.000000, 1.000000;;
        }
        Frame Armature_ik_foot_l {
          FrameTransformMatrix {
             0.407291,-0.162102, 0.898797, 0.000000,
            -0.875710, 0.210109, 0.434723, 0.000000,
            -0.259315,-0.964146,-0.056379, 0.000000,
            -2.215827,55.696724,11.932699, 1.000000;;
          }
        } // End of Armature_ik_foot_l
        Frame Armature_ik_foot_r {
          FrameTransformMatrix {
             0.802152, 0.136581,-0.581291, 0.000000,
            -0.453236, 0.773054,-0.443806, 0.000000,
             0.388754, 0.619461, 0.682010, 0.000000,
            -17.063387,65.057503,-62.345604, 1.000000;;
          }
        } // End of Armature_ik_foot_r
      } // End of Armature_ik_foot_root
      Frame Armature_ik_hand_root {
        FrameTransformMatrix {
           1.000000, 0.000000, 0.000000, 0.000000,
           0.000000, 1.000000,-0.000000, 0.000000,
           0.000000, 0.000000, 1.000000, 0.000000,
           0.000000, 0.000000, 0.000000, 1.000000;;
        }
        Frame Armature_ik_hand_gun {
          FrameTransformMatrix {
            -0.722398,-0.510043, 0.466902, 0.000000,
             0.685916,-0.443095, 0.577223, 0.000000,
            -0.087527, 0.737240, 0.669937, 0.000000,
            -3.585209,172.858994,-19.643660, 1.000000;;
          }
          Frame Armature_ik_hand_l {
            FrameTransformMatrix {
               0.451486, 0.838014, 0.306421, 0.000000,
               0.852871,-0.304370,-0.424229, 0.000000,
              -0.262245, 0.452871,-0.852136, 0.000000,
              47.137650,117.256630,-1.452205, 1.000000;;
            }
          } // End of Armature_ik_hand_l
          Frame Armature_ik_hand_r {
            FrameTransformMatrix {
               1.000000, 0.000000,-0.000000, 0.000000,
              -0.000000, 1.000000, 0.000000, 0.000000,
               0.000000,-0.000000, 1.000000, 0.000000,
              -0.000004,-0.000013,-0.000002, 1.000000;;
            }
          } // End of Armature_ik_hand_r
        } // End of Armature_ik_hand_gun
      } // End of Armature_ik_hand_root
      Frame Armature_pelvis {
        FrameTransformMatrix {
           0.240539, 0.966281, 0.091879, 0.000000,
          -0.696411, 0.105869, 0.709792, 0.000000,
           0.676131,-0.234718, 0.698394, 0.000000,
           0.266242,90.858604,-2.139818, 1.000000;;
        }
        Frame Armature_spine_01 {
          FrameTransformMatrix {
             0.759376,-0.634343, 0.144763, 0.000000,
             0.575532, 0.758648, 0.305312, 0.000000,
            -0.303497,-0.148531, 0.941184, 0.000000,
            10.808871, 0.851418, 0.000001, 1.000000;;
          }
          Frame Armature_spine_02 {
            FrameTransformMatrix {
               0.969743, 0.163430, 0.181354, 0.000000,
              -0.163667, 0.986420,-0.013760, 0.000000,
              -0.181140,-0.016337, 0.983321, 0.000000,
               3.750913,18.815802,-0.658363, 1.000000;;
            }
            Frame Armature_spine_03 {
              FrameTransformMatrix {
                 0.895891, 0.395661, 0.202070, 0.000000,
                -0.408786, 0.912256, 0.026147, 0.000000,
                -0.173994,-0.106028, 0.979022, 0.000000,
                 0.394071,13.412094,-0.147296, 1.000000;;
              }
              Frame Armature_clavicle_l {
                FrameTransformMatrix {
                   0.787606, 0.156156,-0.596064, 0.000000,
                   0.604027,-0.004491, 0.796951, 0.000000,
                   0.121772,-0.987722,-0.097860, 0.000000,
                  -2.732091,11.883686, 3.781989, 1.000000;;
                }
                Frame Armature_upperarm_l {
                  FrameTransformMatrix {
                     0.384414,-0.470139, 0.794477, 0.000000,
                     0.083231, 0.874752, 0.477371, 0.000000,
                    -0.919401,-0.117383, 0.375397, 0.000000,
                    -0.000007,15.784857, 0.000005, 1.000000;;
                  }
                  Frame Armature_lowerarm_l {
                    FrameTransformMatrix {
                       0.630151, 0.776439, 0.007245, 0.000000,
                      -0.776057, 0.629481, 0.038582, 0.000000,
                       0.025396,-0.029935, 0.999229, 0.000000,
                       0.000023,30.339931,-0.000053, 1.000000;;
                    }
                    Frame Armature_hand_l {
                      FrameTransformMatrix {
                         0.559491, 0.286711, 0.777668, 0.000000,
                        -0.229666, 0.955153,-0.186913, 0.000000,
                        -0.796382,-0.074028, 0.600247, 0.000000,
                        -0.000004,26.975155,-0.000001, 1.000000;;
                      }
                      Frame Armature_index_01_l {
                        FrameTransformMatrix {
                           0.955292, 0.193149,-0.223853, 0.000000,
                          -0.158885, 0.973873, 0.162256, 0.000000,
                           0.249344,-0.119435, 0.961022, 0.000000,
                           1.763472,12.068125, 2.109414, 1.000000;;
                        }
                        Frame Armature_index_02_l {
                          FrameTransformMatrix {
                             0.998440, 0.055726,-0.003343, 0.000000,
                            -0.055096, 0.993267, 0.101906, 0.000000,
                             0.008999,-0.101563, 0.994788, 0.000000,
                            -0.000008, 4.287492,-0.000011, 1.000000;;
                          }
                          Frame Armature_index_03_l {
                            FrameTransformMatrix {
                               0.947648, 0.318681,-0.020151, 0.000000,
                              -0.318606, 0.947862, 0.006914, 0.000000,
                               0.021304,-0.000131, 0.999773, 0.000000,
                              -0.000001, 3.393794, 0.000006, 1.000000;;
                            }
                          } // End of Armature_index_03_l
                        } // End of Armature_index_02_l
                      } // End of Armature_index_01_l
                      Frame Armature_middle_01_l {
                        FrameTransformMatrix {
                           0.990724,-0.103052,-0.088580, 0.000000,
                           0.087268, 0.982158,-0.166580, 0.000000,
                           0.104166, 0.157305, 0.982041, 0.000000,
                           1.293648,12.244291,-0.571150, 1.000000;;
                        }
                        Frame Armature_middle_02_l {
                          FrameTransformMatrix {
                             0.994794,-0.090081, 0.047656, 0.000000,
                             0.085957, 0.992879, 0.082478, 0.000000,
                            -0.054746,-0.077952, 0.995453, 0.000000,
                             0.000006, 4.640381, 0.000000, 1.000000;;
                          }
                          Frame Armature_middle_03_l {
                            FrameTransformMatrix {
                               0.959784, 0.280722,-0.003257, 0.000000,
                              -0.280723, 0.959789, 0.000145, 0.000000,
                               0.003167, 0.000776, 0.999995, 0.000000,
                              -0.000002, 3.648846, 0.000009, 1.000000;;
                            }
                          } // End of Armature_middle_03_l
                        } // End of Armature_middle_02_l
                      } // End of Armature_middle_01_l
                      Frame Armature_pinky_01_l {
                        FrameTransformMatrix {
                           0.940359,-0.227482, 0.252936, 0.000000,
                           0.315896, 0.859828,-0.401131, 0.000000,
                          -0.126231, 0.457109, 0.880408, 0.000000,
                           2.263161,10.140678,-4.643149, 1.000000;;
                        }
                        Frame Armature_pinky_02_l {
                          FrameTransformMatrix {
                             0.958106,-0.283347,-0.041800, 0.000000,
                             0.283548, 0.958957,-0.001165, 0.000000,
                             0.040414,-0.010736, 0.999125, 0.000000,
                             0.000003, 3.570978, 0.000000, 1.000000;;
                          }
                          Frame Armature_pinky_03_l {
                            FrameTransformMatrix {
                               0.999863,-0.014890,-0.007185, 0.000000,
                               0.014895, 0.999889, 0.000617, 0.000000,
                               0.007175,-0.000724, 0.999974, 0.000000,
                               0.000016, 2.985630, 0.000006, 1.000000;;
                            }
                          } // End of Armature_pinky_03_l
                        } // End of Armature_pinky_02_l
                      } // End of Armature_pinky_01_l
                      Frame Armature_ring_01_l {
                        FrameTransformMatrix {
                           0.941708,-0.266980, 0.204715, 0.000000,
                           0.320507, 0.896928,-0.304623, 0.000000,
                          -0.102287, 0.352478, 0.930213, 0.000000,
                           1.753532,11.497894,-2.846912, 1.000000;;
                        }
                        Frame Armature_ring_02_l {
                          FrameTransformMatrix {
                             0.979645, 0.200582,-0.007904, 0.000000,
                            -0.200500, 0.979643, 0.009994, 0.000000,
                             0.009748,-0.008206, 0.999919, 0.000000,
                             0.000004, 4.430176,-0.000004, 1.000000;;
                          }
                          Frame Armature_ring_03_l {
                            FrameTransformMatrix {
                               0.942253, 0.334901, 0.000498, 0.000000,
                              -0.334901, 0.942253, 0.000370, 0.000000,
                              -0.000346,-0.000516, 1.000000, 0.000000,
                               0.000000, 3.476658, 0.000015, 1.000000;;
                            }
                          } // End of Armature_ring_03_l
                        } // End of Armature_ring_02_l
                      } // End of Armature_ring_01_l
                      Frame Armature_thumb_01_l {
                        FrameTransformMatrix {
                          -0.015639, 0.474610,-0.880058, 0.000000,
                           0.674899, 0.654427, 0.340935, 0.000000,
                           0.737744,-0.588618,-0.330548, 0.000000,
                           2.374990, 4.762047, 2.537829, 1.000000;;
                        }
                        Frame Armature_thumb_02_l {
                          FrameTransformMatrix {
                             0.991297, 0.131043,-0.012542, 0.000000,
                            -0.129173, 0.986647, 0.099207, 0.000000,
                             0.025375,-0.096724, 0.994988, 0.000000,
                            -0.000015, 3.869677, 0.000007, 1.000000;;
                          }
                          Frame Armature_thumb_03_l {
                            FrameTransformMatrix {
                               0.974354, 0.222167,-0.035720, 0.000000,
                              -0.216382, 0.968632, 0.122193, 0.000000,
                               0.061747,-0.111330, 0.991863, 0.000000,
                               0.000004, 4.062175, 0.000002, 1.000000;;
                            }
                          } // End of Armature_thumb_03_l
                        } // End of Armature_thumb_02_l
                      } // End of Armature_thumb_01_l
                    } // End of Armature_hand_l
                    Frame Armature_lowerarm_twist_01_l {
                      FrameTransformMatrix {
                         0.954303, 0.000000,-0.298842, 0.000000,
                        -0.000000, 1.000000, 0.000000, 0.000000,
                         0.298842,-0.000000, 0.954303, 0.000000,
                        -0.000002,14.000008,-0.000006, 1.000000;;
                      }
                    } // End of Armature_lowerarm_twist_01_l
                  } // End of Armature_lowerarm_l
                  Frame Armature_upperarm_twist_01_l {
                    FrameTransformMatrix {
                       0.385594,-0.000003,-0.922669, 0.000000,
                       0.000001, 1.000000,-0.000003, 0.000000,
                       0.922669, 0.000000, 0.385594, 0.000000,
                      -0.000003, 0.499994, 0.000050, 1.000000;;
                    }
                  } // End of Armature_upperarm_twist_01_l
                } // End of Armature_upperarm_l
              } // End of Armature_clavicle_l
              Frame Armature_clavicle_r {
                FrameTransformMatrix {
                  -0.784002,-0.179571,-0.594218, 0.000000,
                   0.620384,-0.259870,-0.739994, 0.000000,
                  -0.021538,-0.948800, 0.315142, 0.000000,
                  -2.732100,11.883795,-3.781999, 1.000000;;
                }
                Frame Armature_upperarm_r {
                  FrameTransformMatrix {
                     0.849599,-0.334019,-0.408181, 0.000000,
                     0.474806, 0.821340, 0.316164, 0.000000,
                     0.229650,-0.462420, 0.856404, 0.000000,
                    -0.000044,15.784733, 0.000085, 1.000000;;
                  }
                  Frame Armature_lowerarm_r {
                    FrameTransformMatrix {
                       0.988626,-0.062278,-0.136893, 0.000000,
                       0.065797, 0.997605, 0.021330, 0.000000,
                       0.135236,-0.030094, 0.990356, 0.000000,
                       0.000003,30.340036,-0.000027, 1.000000;;
                    }
                    Frame Armature_hand_r {
                      FrameTransformMatrix {
                        -0.077688,-0.124114,-0.989222, 0.000000,
                        -0.693184, 0.719867,-0.035881, 0.000000,
                         0.716562, 0.682925,-0.141959, 0.000000,
                        -0.000004,26.975254,-0.000003, 1.000000;;
                      }
                      Frame Armature_index_01_r {
                        FrameTransformMatrix {
                           0.680581, 0.711085, 0.176543, 0.000000,
                          -0.685834, 0.703073,-0.187937, 0.000000,
                          -0.257762, 0.006827, 0.966184, 0.000000,
                          -1.763737,12.067947, 2.109425, 1.000000;;
                        }
                        Frame Armature_index_02_r {
                          FrameTransformMatrix {
                            -0.096419, 0.990319, 0.099860, 0.000000,
                            -0.995295,-0.094970,-0.019174, 0.000000,
                            -0.009505,-0.101239, 0.994817, 0.000000,
                             0.000093, 4.287686,-0.000079, 1.000000;;
                          }
                          Frame Armature_index_03_r {
                            FrameTransformMatrix {
                               0.666915, 0.744998, 0.014205, 0.000000,
                              -0.744829, 0.667067,-0.015867, 0.000000,
                              -0.021296, 0.000002, 0.999773, 0.000000,
                               0.000106, 3.393790,-0.000010, 1.000000;;
                            }
                          } // End of Armature_index_03_r
                        } // End of Armature_index_02_r
                      } // End of Armature_index_01_r
                      Frame Armature_middle_01_r {
                        FrameTransformMatrix {
                           0.441930, 0.896672,-0.026033, 0.000000,
                          -0.895749, 0.439541,-0.066612, 0.000000,
                          -0.048286, 0.052757, 0.997439, 0.000000,
                          -1.293751,12.244122,-0.571132, 1.000000;;
                        }
                        Frame Armature_middle_02_r {
                          FrameTransformMatrix {
                             0.178866, 0.979905, 0.088287, 0.000000,
                            -0.981563, 0.171579, 0.084234, 0.000000,
                             0.067393,-0.101725, 0.992527, 0.000000,
                            -0.000150, 4.640571, 0.000000, 1.000000;;
                          }
                          Frame Armature_middle_03_r {
                            FrameTransformMatrix {
                               0.131022, 0.991379, 0.000429, 0.000000,
                              -0.991374, 0.131023,-0.003246, 0.000000,
                              -0.003274, 0.000000, 0.999995, 0.000000,
                               0.000001, 3.648911, 0.000013, 1.000000;;
                            }
                          } // End of Armature_middle_03_r
                        } // End of Armature_middle_02_r
                      } // End of Armature_middle_01_r
                      Frame Armature_pinky_01_r {
                        FrameTransformMatrix {
                           0.827082, 0.473667,-0.302614, 0.000000,
                          -0.535493, 0.827640,-0.168105, 0.000000,
                           0.170830, 0.301084, 0.938172, 0.000000,
                          -2.263395,10.140594,-4.643095, 1.000000;;
                        }
                        Frame Armature_pinky_02_r {
                          FrameTransformMatrix {
                             0.135751, 0.989590, 0.047784, 0.000000,
                            -0.990284, 0.136998,-0.023855, 0.000000,
                            -0.030153,-0.044082, 0.998573, 0.000000,
                            -0.000011, 3.571063,-0.000016, 1.000000;;
                          }
                          Frame Armature_pinky_03_r {
                            FrameTransformMatrix {
                              -0.138518, 0.990359,-0.000984, 0.000000,
                              -0.990334,-0.138522,-0.007042, 0.000000,
                              -0.007111,-0.000001, 0.999975, 0.000000,
                               0.000310, 2.985486,-0.000025, 1.000000;;
                            }
                          } // End of Armature_pinky_03_r
                        } // End of Armature_pinky_02_r
                      } // End of Armature_pinky_01_r
                      Frame Armature_ring_01_r {
                        FrameTransformMatrix {
                           0.488693, 0.835028,-0.252801, 0.000000,
                          -0.863051, 0.505116, 0.000075, 0.000000,
                           0.127757, 0.218143, 0.967518, 0.000000,
                          -1.753775,11.497986,-2.846911, 1.000000;;
                        }
                        Frame Armature_ring_02_r {
                          FrameTransformMatrix {
                            -0.098081, 0.994968, 0.020482, 0.000000,
                            -0.995158,-0.097925,-0.008493, 0.000000,
                            -0.006445,-0.021216, 0.999754, 0.000000,
                            -0.000002, 4.429873,-0.000015, 1.000000;;
                          }
                          Frame Armature_ring_03_r {
                            FrameTransformMatrix {
                               0.264064, 0.964505,-0.000106, 0.000000,
                              -0.964505, 0.264064, 0.000406, 0.000000,
                               0.000420,-0.000005, 1.000000, 0.000000,
                               0.000066, 3.476572, 0.000016, 1.000000;;
                            }
                          } // End of Armature_ring_03_r
                        } // End of Armature_ring_02_r
                      } // End of Armature_ring_01_r
                      Frame Armature_thumb_01_r {
                        FrameTransformMatrix {
                           0.166767,-0.399673, 0.901360, 0.000000,
                          -0.684860, 0.610703, 0.397503, 0.000000,
                          -0.709334,-0.683596,-0.171876, 0.000000,
                          -2.375118, 4.762123, 2.537797, 1.000000;;
                        }
                        Frame Armature_thumb_02_r {
                          FrameTransformMatrix {
                             0.809495, 0.587037, 0.010215, 0.000000,
                            -0.587123, 0.809316, 0.017119, 0.000000,
                             0.001782,-0.019855, 0.999801, 0.000000,
                             0.000114, 3.869565, 0.000039, 1.000000;;
                          }
                          Frame Armature_thumb_03_r {
                            FrameTransformMatrix {
                               0.696233, 0.717189, 0.029995, 0.000000,
                              -0.716525, 0.696879,-0.030866, 0.000000,
                              -0.043040,-0.000002, 0.999074, 0.000000,
                               0.000002, 4.062185,-0.000010, 1.000000;;
                            }
                          } // End of Armature_thumb_03_r
                        } // End of Armature_thumb_02_r
                      } // End of Armature_thumb_01_r
                      Frame Armature_weapon_r {
                        FrameTransformMatrix {
                          -0.005470,-0.000002,-0.999985, 0.000000,
                          -0.000001,-1.000000, 0.000002, 0.000000,
                          -0.999985, 0.000001, 0.005470, 0.000000,
                          -4.666983,11.309017,-1.093008, 1.000000;;
                        }
                      } // End of Armature_weapon_r
                    } // End of Armature_hand_r
                    Frame Armature_lowerarm_twist_01_r {
                      FrameTransformMatrix {
                         0.957517, 0.000000,-0.288377, 0.000000,
                        -0.000000, 1.000000,-0.000000, 0.000000,
                         0.288377, 0.000000, 0.957517, 0.000000,
                         0.000025,14.000009,-0.000006, 1.000000;;
                      }
                    } // End of Armature_lowerarm_twist_01_r
                  } // End of Armature_lowerarm_r
                  Frame Armature_upperarm_twist_01_r {
                    FrameTransformMatrix {
                       0.993766, 0.000000, 0.111483, 0.000000,
                       0.000000, 1.000000,-0.000000, 0.000000,
                      -0.111483, 0.000000, 0.993766, 0.000000,
                      -0.000001, 0.499987,-0.000012, 1.000000;;
                    }
                  } // End of Armature_upperarm_twist_01_r
                } // End of Armature_upperarm_r
              } // End of Armature_clavicle_r
              Frame Armature_neck_01 {
                FrameTransformMatrix {
                   0.932828,-0.210093,-0.292733, 0.000000,
                   0.232858, 0.971478, 0.044803, 0.000000,
                   0.274971,-0.109958, 0.955144, 0.000000,
                  -0.355314,16.558786, 0.000007, 1.000000;;
                }
                Frame Armature_head {
                  FrameTransformMatrix {
                     0.379281,-0.419842,-0.824547, 0.000000,
                     0.507131, 0.839687,-0.194278, 0.000000,
                     0.773928,-0.344467, 0.531393, 0.000000,
                     0.364145, 9.283609, 0.000009, 1.000000;;
                  }
                } // End of Armature_head
              } // End of Armature_neck_01
            } // End of Armature_spine_03
          } // End of Armature_spine_02
        } // End of Armature_spine_01
        Frame Armature_sword_holder {
          FrameTransformMatrix {
            -0.909313, 0.370363, 0.189679, 0.000000,
            -0.355306,-0.928335, 0.109325, 0.000000,
             0.216575, 0.032016, 0.975741, 0.000000,
            13.979981,19.493004,16.301004, 1.000000;;
          }
        } // End of Armature_sword_holder
        Frame Armature_thigh_l {
          FrameTransformMatrix {
            -0.944232, 0.179811,-0.275851, 0.000000,
            -0.192567, 0.378009, 0.905553, 0.000000,
             0.267103, 0.908172,-0.322302, 0.000000,
            -1.448842, 0.531424, 9.005808, 1.000000;;
          }
          Frame Armature_calf_l {
            FrameTransformMatrix {
              -0.651372,-0.745219, 0.142697, 0.000000,
               0.738981,-0.665733,-0.103471, 0.000000,
               0.172107, 0.038052, 0.984343, 0.000000,
              -0.346067,42.410156, 0.050500, 1.000000;;
            }
            Frame Armature_calf_twist_01_l {
              FrameTransformMatrix {
                 0.996479,-0.014868, 0.082510, 0.000000,
                 0.015235, 0.999876,-0.003824, 0.000000,
                -0.082443, 0.005067, 0.996583, 0.000000,
                 0.000003,20.476786,-0.000003, 1.000000;;
              }
            } // End of Armature_calf_twist_01_l
            Frame Armature_foot_l {
              FrameTransformMatrix {
                -0.581017,-0.813851, 0.008075, 0.000000,
                -0.812662, 0.579567,-0.060677, 0.000000,
                 0.044702,-0.041817,-0.998125, 0.000000,
                 0.000850,40.196404,-0.000088, 1.000000;;
              }
              Frame Armature_ball_l {
                FrameTransformMatrix {
                   0.024642, 0.999696, 0.000147, 0.000000,
                  -0.999696, 0.024642, 0.000074, 0.000000,
                   0.000071,-0.000149, 1.000000, 0.000000,
                  -10.453838,16.577858,-0.080159, 1.000000;;
                }
              } // End of Armature_ball_l
            } // End of Armature_foot_l
          } // End of Armature_calf_l
          Frame Armature_thigh_twist_01_l {
            FrameTransformMatrix {
               0.637188,-0.000629,-0.770708, 0.000000,
               0.000983, 0.999999,-0.000004, 0.000000,
               0.770708,-0.000756, 0.637188, 0.000000,
              -0.000002,22.094233, 0.000003, 1.000000;;
            }
          } // End of Armature_thigh_twist_01_l
        } // End of Armature_thigh_l
        Frame Armature_thigh_r {
          FrameTransformMatrix {
            -0.107202, 0.955034, 0.276437, 0.000000,
            -0.854596, 0.053581,-0.516522, 0.000000,
            -0.508107,-0.291614, 0.810424, 0.000000,
            -1.448652, 0.531429,-9.005804, 1.000000;;
          }
          Frame Armature_calf_r {
            FrameTransformMatrix {
               0.109341, 0.993207,-0.039808, 0.000000,
              -0.987850, 0.104127,-0.115371, 0.000000,
              -0.110442, 0.051939, 0.992525, 0.000000,
               0.164323,42.345673, 0.025782, 1.000000;;
            }
            Frame Armature_calf_twist_01_r {
              FrameTransformMatrix {
                 0.999775, 0.015177,-0.014822, 0.000000,
                -0.015235, 0.999877,-0.003825, 0.000000,
                 0.014762, 0.004049, 0.999883, 0.000000,
                 0.000011,20.476912, 0.000008, 1.000000;;
              }
            } // End of Armature_calf_twist_01_r
            Frame Armature_foot_r {
              FrameTransformMatrix {
                -0.443818, 0.841762, 0.307346, 0.000000,
                 0.892809, 0.444800, 0.071024, 0.000000,
                -0.076922, 0.305923,-0.948944, 0.000000,
                -0.000695,40.196617, 0.000286, 1.000000;;
              }
              Frame Armature_ball_r {
                FrameTransformMatrix {
                  -0.002090,-0.999998,-0.000156, 0.000000,
                   0.999998,-0.002090, 0.000078, 0.000000,
                  -0.000078,-0.000156, 1.000000, 0.000000,
                  10.453814,16.577799,-0.080122, 1.000000;;
                }
              } // End of Armature_ball_r
            } // End of Armature_foot_r
          } // End of Armature_calf_r
          Frame Armature_thigh_twist_01_r {
            FrameTransformMatrix {
               0.927212, 0.000910,-0.374537, 0.000000,
              -0.000983, 1.000000,-0.000003, 0.000000,
               0.374537, 0.000371, 0.927212, 0.000000,
              -0.000001,22.094250, 0.000000, 1.000000;;
            }
          } // End of Armature_thigh_twist_01_r
        } // End of Armature_thigh_r
      } // End of Armature_pelvis
    } // End of Armature_root
  } // End of Armature
} // End of Root
AnimationSet Global {
  Animation {
    {Armature}
    AnimationKey { // Rotation
      0;
      17;
      0;4;-0.707107, 0.707107, 0.000000, 0.000000;;,
      1;4;-0.707107, 0.707107, 0.000000, 0.000000;;,
      2;4;-0.707107, 0.707107, 0.000000, 0.000000;;,
      3;4;-0.707107, 0.707107, 0.000000, 0.000000;;,
      4;4;-0.707107, 0.707107, 0.000000, 0.000000;;,
      5;4;-0.707107, 0.707107, 0.000000, 0.000000;;,
      6;4;-0.707107, 0.707107, 0.000000, 0.000000;;,
      7;4;-0.707107, 0.707107, 0.000000, 0.000000;;,
      8;4;-0.707107, 0.707107, 0.000000, 0.000000;;,
      9;4;-0.707107, 0.707107, 0.000000, 0.000000;;,
      10;4;-0.707107, 0.707107, 0.000000, 0.000000;;,
      11;4;-0.707107, 0.707107, 0.000000, 0.000000;;,
      12;4;-0.707107, 0.707107, 0.000000, 0.000000;;,
      13;4;-0.707107, 0.707107, 0.000000, 0.000000;;,
      14;4;-0.707107, 0.707107, 0.000000, 0.000000;;,
      15;4;-0.707107, 0.707107, 0.000000, 0.000000;;,
      16;4;-0.707107, 0.707107, 0.000000, 0.000000;;;
    }
    AnimationKey { // Scale
      1;
      17;
      0;3; 0.010000, 0.010000, 0.010000;;,
      1;3; 0.010000, 0.010000, 0.010000;;,
      2;3; 0.010000, 0.010000, 0.010000;;,
      3;3; 0.010000, 0.010000, 0.010000;;,
      4;3; 0.010000, 0.010000, 0.010000;;,
      5;3; 0.010000, 0.010000, 0.010000;;,
      6;3; 0.010000, 0.010000, 0.010000;;,
      7;3; 0.010000, 0.010000, 0.010000;;,
      8;3; 0.010000, 0.010000, 0.010000;;,
      9;3; 0.010000, 0.010000, 0.010000;;,
      10;3; 0.010000, 0.010000, 0.010000;;,
      11;3; 0.010000, 0.010000, 0.010000;;,
      12;3; 0.010000, 0.010000, 0.010000;;,
      13;3; 0.010000, 0.010000, 0.010000;;,
      14;3; 0.010000, 0.010000, 0.010000;;,
      15;3; 0.010000, 0.010000, 0.010000;;,
      16;3; 0.010000, 0.010000, 0.010000;;;
    }
    AnimationKey { // Position
      2;
      17;
      0;3; 0.000000, 0.000000, 0.000000;;,
      1;3; 0.000000, 0.000000, 0.000000;;,
      2;3; 0.000000, 0.000000, 0.000000;;,
      3;3; 0.000000, 0.000000, 0.000000;;,
      4;3; 0.000000, 0.000000, 0.000000;;,
      5;3; 0.000000, 0.000000, 0.000000;;,
      6;3; 0.000000, 0.000000, 0.000000;;,
      7;3; 0.000000, 0.000000, 0.000000;;,
      8;3; 0.000000, 0.000000, 0.000000;;,
      9;3; 0.000000, 0.000000, 0.000000;;,
      10;3; 0.000000, 0.000000, 0.000000;;,
      11;3; 0.000000, 0.000000, 0.000000;;,
      12;3; 0.000000, 0.000000, 0.000000;;,
      13;3; 0.000000, 0.000000, 0.000000;;,
      14;3; 0.000000, 0.000000, 0.000000;;,
      15;3; 0.000000, 0.000000, 0.000000;;,
      16;3; 0.000000, 0.000000, 0.000000;;;
    }
  }
  Animation {
    {Armature_root}
    AnimationKey { // Rotation
      0;
      17;
      0;4;-1.000000,-0.000000, 0.000000, 0.000000;;,
      1;4;-1.000000,-0.000000, 0.000000, 0.000000;;,
      2;4;-1.000000,-0.000000, 0.000000, 0.000000;;,
      3;4;-1.000000,-0.000000, 0.000000, 0.000000;;,
      4;4;-1.000000,-0.000000, 0.000000, 0.000000;;,
      5;4;-1.000000,-0.000000, 0.000000, 0.000000;;,
      6;4;-1.000000,-0.000000, 0.000000, 0.000000;;,
      7;4;-1.000000,-0.000000, 0.000000, 0.000000;;,
      8;4;-1.000000,-0.000000, 0.000000, 0.000000;;,
      9;4;-1.000000,-0.000000, 0.000000, 0.000000;;,
      10;4;-1.000000,-0.000000, 0.000000, 0.000000;;,
      11;4;-1.000000,-0.000000, 0.000000, 0.000000;;,
      12;4;-1.000000,-0.000000, 0.000000, 0.000000;;,
      13;4;-1.000000,-0.000000, 0.000000, 0.000000;;,
      14;4;-1.000000,-0.000000, 0.000000, 0.000000;;,
      15;4;-1.000000,-0.000000, 0.000000, 0.000000;;,
      16;4;-1.000000,-0.000000, 0.000000, 0.000000;;;
    }
    AnimationKey { // Scale
      1;
      17;
      0;3; 1.000000, 1.000000, 1.000000;;,
      1;3; 1.000000, 1.000000, 1.000000;;,
      2;3; 1.000000, 1.000000, 1.000000;;,
      3;3; 1.000000, 1.000000, 1.000000;;,
      4;3; 1.000000, 1.000000, 1.000000;;,
      5;3; 1.000000, 1.000000, 1.000000;;,
      6;3; 1.000000, 1.000000, 1.000000;;,
      7;3; 1.000000, 1.000000, 1.000000;;,
      8;3; 1.000000, 1.000000, 1.000000;;,
      9;3; 1.000000, 1.000000, 1.000000;;,
      10;3; 1.000000, 1.000000, 1.000000;;,
      11;3; 1.000000, 1.000000, 1.000000;;,
      12;3; 1.000000, 1.000000, 1.000000;;,
      13;3; 1.000000, 1.000000, 1.000000;;,
      14;3; 1.000000, 1.000000, 1.000000;;,
      15;3; 1.000000, 1.000000, 1.000000;;,
      16;3; 1.000000, 1.000000, 1.000000;;;
    }
    AnimationKey { // Position
      2;
      17;
      0;3; 0.000000, 0.000000, 0.000000;;,
      1;3; 0.000000, 0.000000, 0.000000;;,
      2;3; 0.000000, 0.000000, 0.000000;;,
      3;3; 0.000000, 0.000000, 0.000000;;,
      4;3; 0.000000, 0.000000, 0.000000;;,
      5;3; 0.000000, 0.000000, 0.000000;;,
      6;3; 0.000000, 0.000000, 0.000000;;,
      7;3; 0.000000, 0.000000, 0.000000;;,
      8;3; 0.000000, 0.000000, 0.000000;;,
      9;3; 0.000000, 0.000000, 0.000000;;,
      10;3; 0.000000, 0.000000, 0.000000;;,
      11;3; 0.000000, 0.000000, 0.000000;;,
      12;3; 0.000000, 0.000000, 0.000000;;,
      13;3; 0.000000, 0.000000, 0.000000;;,
      14;3; 0.000000, 0.000000, 0.000000;;,
      15;3; 0.000000, 0.000000, 0.000000;;,
      16;3; 0.000000, 0.000000, 0.000000;;;
    }
  }
  Animation {
    {Armature_pelvis}
    AnimationKey { // Rotation
      0;
      17;
      0;4;-0.714983, 0.330256, 0.204289, 0.581375;;,
      1;4;-0.713048, 0.339512, 0.216933, 0.573790;;,
      2;4;-0.707852, 0.350456, 0.245775, 0.561891;;,
      3;4;-0.697640, 0.362346, 0.287993, 0.546867;;,
      4;4;-0.680250, 0.374623, 0.340293, 0.530205;;,
      5;4;-0.653827, 0.387119, 0.398867, 0.513376;;,
      6;4;-0.617415, 0.400072, 0.459571, 0.497529;;,
      7;4;-0.571339, 0.413977, 0.518320, 0.483259;;,
      8;4;-0.517292, 0.429277, 0.571604, 0.470531;;,
      9;4;-0.458126, 0.446043, 0.617007, 0.458770;;,
      10;4;-0.397398, 0.463734, 0.653534, 0.447123;;,
      11;4;-0.338845, 0.481135, 0.681676, 0.434755;;,
      12;4;-0.285939, 0.496470, 0.703172, 0.421077;;,
      13;4;-0.241684, 0.507673, 0.720552, 0.405786;;,
      14;4;-0.208714, 0.512709, 0.736542, 0.388681;;,
      15;4;-0.181950, 0.511442, 0.754735, 0.368370;;,
      16;4;-0.157761, 0.506463, 0.773547, 0.346744;;;
    }
    AnimationKey { // Scale
      1;
      17;
      0;3; 1.000000, 1.000000, 1.000000;;,
      1;3; 1.000000, 1.000000, 1.000000;;,
      2;3; 1.000000, 1.000000, 1.000000;;,
      3;3; 1.000000, 1.000000, 1.000000;;,
      4;3; 1.000000, 1.000000, 1.000000;;,
      5;3; 1.000000, 1.000000, 1.000000;;,
      6;3; 1.000000, 1.000000, 1.000000;;,
      7;3; 1.000000, 1.000000, 1.000000;;,
      8;3; 1.000000, 1.000000, 1.000000;;,
      9;3; 1.000000, 1.000000, 1.000000;;,
      10;3; 1.000000, 1.000000, 1.000000;;,
      11;3; 1.000000, 1.000000, 1.000000;;,
      12;3; 1.000000, 1.000000, 1.000000;;,
      13;3; 1.000000, 1.000000, 1.000000;;,
      14;3; 1.000000, 1.000000, 1.000000;;,
      15;3; 1.000000, 1.000000, 1.000000;;,
      16;3; 1.000000, 1.000000, 1.000000;;;
    }
    AnimationKey { // Position
      2;
      17;
      0;3; 0.266242,90.858604,-2.139818;;,
      1;3; 0.804860,91.717194,-2.139819;;,
      2;3; 2.151402,92.944046,-2.139821;;,
      3;3; 3.901907,94.305298,-2.139819;;,
      4;3; 5.652413,95.567123,-2.139817;;,
      5;3; 6.998956,96.495705,-2.139820;;,
      6;3; 7.537572,96.857193,-2.139822;;,
      7;3; 7.306530,96.676926,-2.139818;;,
      8;3; 6.680507,96.189384,-2.139822;;,
      9;3; 5.760151,95.474442,-2.139817;;,
      10;3; 4.646117,94.611977,-2.139819;;,
      11;3; 3.439058,93.681862,-2.139817;;,
      12;3; 2.239625,92.763977,-2.139817;;,
      13;3; 1.148468,91.938187,-2.139822;;,
      14;3; 0.266242,91.284386,-2.139821;;,
      15;3;-0.340583,90.874947,-2.139819;;,
      16;3;-0.746012,90.656944,-2.139819;;;
    }
  }
  Animation {
    {Armature_spine_01}
    AnimationKey { // Rotation
      0;
      17;
      0;4;-0.929947, 0.122008,-0.120507,-0.325254;;,
      1;4;-0.930002, 0.123000,-0.109769,-0.328508;;,
      2;4;-0.926539, 0.131422,-0.093617,-0.339839;;,
      3;4;-0.919662, 0.145761,-0.072365,-0.357407;;,
      4;4;-0.909364, 0.164439,-0.046246,-0.379313;;,
      5;4;-0.895690, 0.185873,-0.015610,-0.403667;;,
      6;4;-0.878868, 0.208524, 0.018943,-0.428660;;,
      7;4;-0.859397, 0.230971, 0.056490,-0.452657;;,
      8;4;-0.838082, 0.251981, 0.095778,-0.474290;;,
      9;4;-0.816032, 0.270567, 0.135277,-0.492530;;,
      10;4;-0.794605, 0.286025, 0.173273,-0.506725;;,
      11;4;-0.775333, 0.297913, 0.207979,-0.516577;;,
      12;4;-0.759826, 0.305996, 0.237653,-0.522065;;,
      13;4;-0.749683, 0.310122, 0.260681,-0.523302;;,
      14;4;-0.746400, 0.310058, 0.275649,-0.520354;;,
      15;4;-0.752821, 0.302370, 0.278576,-0.514032;;,
      16;4;-0.765678, 0.288271, 0.272303,-0.506446;;;
    }
    AnimationKey { // Scale
      1;
      17;
      0;3; 1.000000, 1.000000, 1.000000;;,
      1;3; 1.000000, 1.000000, 1.000000;;,
      2;3; 1.000000, 1.000000, 1.000000;;,
      3;3; 1.000000, 1.000000, 1.000000;;,
      4;3; 1.000000, 1.000000, 1.000000;;,
      5;3; 1.000000, 1.000000, 1.000000;;,
      6;3; 1.000000, 1.000000, 1.000000;;,
      7;3; 1.000000, 1.000000, 1.000000;;,
      8;3; 1.000000, 1.000000, 1.000000;;,
      9;3; 1.000000, 1.000000, 1.000000;;,
      10;3; 1.000000, 1.000000, 1.000000;;,
      11;3; 1.000000, 1.000000, 1.000000;;,
      12;3; 1.000000, 1.000000, 1.000000;;,
      13;3; 1.000000, 1.000000, 1.000000;;,
      14;3; 1.000000, 1.000000, 1.000000;;,
      15;3; 1.000000, 1.000000, 1.000000;;,
      16;3; 1.000000, 1.000000, 1.000000;;;
    }
    AnimationKey { // Position
      2;
      17;
      0;3;10.808871, 0.851418, 0.000001;;,
      1;3;10.808877, 0.851419, 0.000002;;,
      2;3;10.808885, 0.851419, 0.000001;;,
      3;3;10.808871, 0.851419,-0.000000;;,
      4;3;10.808875, 0.851418, 0.000000;;,
      5;3;10.808877, 0.851418,-0.000000;;,
      6;3;10.808871, 0.851419, 0.000001;;,
      7;3;10.808890, 0.851419, 0.000000;;,
      8;3;10.808877, 0.851418,-0.000000;;,
      9;3;10.808878, 0.851418,-0.000001;;,
      10;3;10.808866, 0.851418, 0.000000;;,
      11;3;10.808869, 0.851417,-0.000001;;,
      12;3;10.808876, 0.851420, 0.000003;;,
      13;3;10.808885, 0.851418,-0.000001;;,
      14;3;10.808886, 0.851418, 0.000001;;,
      15;3;10.808874, 0.851418, 0.000003;;,
      16;3;10.808880, 0.851417,-0.000003;;;
    }
  }
  Animation {
    {Armature_spine_02}
    AnimationKey { // Rotation
      0;
      17;
