xof 0303txt 0032

template XSkinMeshHeader {
  <3cf169ce-ff7c-44ab-93c0-f78f62d172e2>
  WORD nMaxSkinWeightsPerVertex;
  WORD nMaxSkinWeightsPerFace;
  WORD nBones;
}

template SkinWeights {
  <6f0d123b-bad2-4167-a0d0-80224f25fabb>
  STRING transformNodeName;
  DWORD nWeights;
  array DWORD vertexIndices[nWeights];
  array float weights[nWeights];
  Matrix4x4 matrixOffset;
}

Frame Root {
  FrameTransformMatrix {
     1.000000, 0.000000, 0.000000, 0.000000,
     0.000000,-0.000000, 1.000000, 0.000000,
     0.000000, 1.000000, 0.000000, 0.000000,
     0.000000, 0.000000, 0.000000, 1.000000;;
  }
  Frame Armature {
    FrameTransformMatrix {
       0.010000, 0.000000, 0.000000, 0.000000,
       0.000000,-0.000000, 0.010000, 0.000000,
       0.000000,-0.010000,-0.000000, 0.000000,
       0.000000, 0.000000, 0.000000, 1.000000;;
    }
    Frame Armature_root {
      FrameTransformMatrix {
         1.000000, 0.000000, 0.000000, 0.000000,
         0.000000, 1.000000, 0.000000, 0.000000,
         0.000000, 0.000000, 1.000000, 0.000000,
         0.000000, 0.000016, 0.000000, 1.000000;;
      }
      Frame Armature_ik_foot_root {
        FrameTransformMatrix {
           1.000000, 0.000000, 0.000000, 0.000000,
           0.000000, 1.000000, 0.000000, 0.000000,
           0.000000, 0.000000, 1.000000, 0.000000,
           0.000000, 0.000000, 0.000000, 1.000000;;
        }
        Frame Armature_ik_foot_l {
          FrameTransformMatrix {
            -0.062038,-0.715981, 0.695357, 0.000000,
            -0.995848, 0.090910, 0.004759, 0.000000,
            -0.066623,-0.692175,-0.718648, 0.000000,
             4.317457,50.636127,-9.482241, 1.000000;;
          }
        } // End of Armature_ik_foot_l
        Frame Armature_ik_foot_r {
          FrameTransformMatrix {
             0.070548,-0.887068,-0.456217, 0.000000,
            -0.990503,-0.008190,-0.137245, 0.000000,
             0.118009, 0.461567,-0.879221, 0.000000,
            -5.619809,19.412548,-34.310669, 1.000000;;
          }
        } // End of Armature_ik_foot_r
      } // End of Armature_ik_foot_root
      Frame Armature_ik_hand_root {
        FrameTransformMatrix {
           1.000000, 0.000000, 0.000000, 0.000000,
           0.000000, 1.000000, 0.000000, 0.000000,
           0.000000, 0.000000, 1.000000, 0.000000,
           0.000000, 0.000000, 0.000000, 1.000000;;
        }
        Frame Armature_ik_hand_gun {
          FrameTransformMatrix {
            -0.380857, 0.012285,-0.924552, 0.000000,
             0.924631, 0.002502,-0.380857, 0.000000,
            -0.002365,-0.999921,-0.012312, 0.000000,
            -19.798210,84.077271,52.353333, 1.000000;;
          }
          Frame Armature_ik_hand_l {
            FrameTransformMatrix {
              -0.395119,-0.004094, 0.918621, 0.000000,
              -0.237546, 0.966434,-0.097867, 0.000000,
              -0.887385,-0.256884,-0.382829, 0.000000,
               0.242432,62.039360, 3.400479, 1.000000;;
            }
          } // End of Armature_ik_hand_l
          Frame Armature_ik_hand_r {
            FrameTransformMatrix {
               1.000000, 0.000001, 0.000000, 0.000000,
              -0.000001, 1.000000, 0.000000, 0.000000,
              -0.000000,-0.000000, 1.000000, 0.000000,
               0.000021,-0.000005, 0.000005, 1.000000;;
            }
          } // End of Armature_ik_hand_r
        } // End of Armature_ik_hand_gun
      } // End of Armature_ik_hand_root
      Frame Armature_pelvis {
        FrameTransformMatrix {
           0.098955, 0.934236, 0.342653, 0.000000,
          -0.113396,-0.331513, 0.936611, 0.000000,
           0.988610,-0.131538, 0.073134, 0.000000,
           0.201737,83.176857, 4.864164, 1.000000;;
        }
        Frame Armature_spine_01 {
          FrameTransformMatrix {
             0.625091,-0.775249,-0.090830, 0.000000,
             0.774246, 0.630590,-0.053836, 0.000000,
             0.099013,-0.036673, 0.994410, 0.000000,
            10.808877, 0.851405,-0.000001, 1.000000;;
          }
          Frame Armature_spine_02 {
            FrameTransformMatrix {
               0.997909, 0.026009,-0.059175, 0.000000,
              -0.025769, 0.999656, 0.004812, 0.000000,
               0.059280,-0.003277, 0.998236, 0.000000,
               3.791632,18.835609, 0.241267, 1.000000;;
            }
            Frame Armature_spine_03 {
              FrameTransformMatrix {
                 0.995922,-0.058801,-0.068419, 0.000000,
                 0.060850, 0.997747, 0.028250, 0.000000,
                 0.066603,-0.032299, 0.997257, 0.000000,
                 0.417607,13.412366, 0.051077, 1.000000;;
              }
              Frame Armature_clavicle_l {
                FrameTransformMatrix {
                   0.919170, 0.145455,-0.366018, 0.000000,
                   0.362413, 0.051524, 0.930592, 0.000000,
                   0.154218,-0.988022,-0.005355, 0.000000,
                  -2.732073,11.883694, 3.781983, 1.000000;;
                }
                Frame Armature_upperarm_l {
                  FrameTransformMatrix {
                     0.825701, 0.532269, 0.186833, 0.000000,
                    -0.428758, 0.376935, 0.821028, 0.000000,
                     0.366584,-0.758030, 0.539450, 0.000000,
                     0.000009,15.784864,-0.000003, 1.000000;;
                  }
                  Frame Armature_lowerarm_l {
                    FrameTransformMatrix {
                       0.480721, 0.867970, 0.124646, 0.000000,
                      -0.875885, 0.482051, 0.021263, 0.000000,
                      -0.041630,-0.119397, 0.991973, 0.000000,
                       0.000031,30.339909, 0.000026, 1.000000;;
                    }
                    Frame Armature_hand_l {
                      FrameTransformMatrix {
                        -0.527504,-0.000131, 0.849553, 0.000000,
                        -0.156435, 0.982915,-0.096982, 0.000000,
                        -0.835025,-0.184059,-0.518512, 0.000000,
                         0.000008,26.975147, 0.000008, 1.000000;;
                      }
                      Frame Armature_index_01_l {
                        FrameTransformMatrix {
                           0.072763,-0.996976,-0.027290, 0.000000,
                           0.958652, 0.077462,-0.273836, 0.000000,
                           0.275122,-0.006236, 0.961389, 0.000000,
                           1.763464,12.068123, 2.109415, 1.000000;;
                        }
                        Frame Armature_index_02_l {
                          FrameTransformMatrix {
                             0.085980,-0.994646,-0.057330, 0.000000,
                             0.996114, 0.086925,-0.014194, 0.000000,
                             0.019101,-0.055886, 0.998254, 0.000000,
                             0.000001, 4.287504, 0.000002, 1.000000;;
                          }
                          Frame Armature_index_03_l {
                            FrameTransformMatrix {
                              -0.591986,-0.805946, 0.002233, 0.000000,
                               0.805674,-0.591854,-0.024476, 0.000000,
                               0.021048,-0.012691, 0.999698, 0.000000,
                               0.000000, 3.393795,-0.000001, 1.000000;;
                            }
                          } // End of Armature_index_03_l
                        } // End of Armature_index_02_l
                      } // End of Armature_index_01_l
                      Frame Armature_middle_01_l {
                        FrameTransformMatrix {
                           0.015728,-0.999280, 0.034516, 0.000000,
                           0.997934, 0.013537,-0.062810, 0.000000,
                           0.062297, 0.035433, 0.997428, 0.000000,
                           1.293647,12.244291,-0.571148, 1.000000;;
                        }
                        Frame Armature_middle_02_l {
                          FrameTransformMatrix {
                             0.011273,-0.999932,-0.003119, 0.000000,
                             0.999222, 0.011147, 0.037841, 0.000000,
                            -0.037804,-0.003543, 0.999279, 0.000000,
                             0.000011, 4.640374, 0.000003, 1.000000;;
                          }
                          Frame Armature_middle_03_l {
                            FrameTransformMatrix {
                              -0.440270,-0.897865, 0.000644, 0.000000,
                               0.897859,-0.440270,-0.003315, 0.000000,
                               0.003260,-0.000881, 0.999994, 0.000000,
                               0.000002, 3.648838,-0.000002, 1.000000;;
                            }
                          } // End of Armature_middle_03_l
                        } // End of Armature_middle_02_l
                      } // End of Armature_middle_01_l
                      Frame Armature_pinky_01_l {
                        FrameTransformMatrix {
                          -0.169326,-0.981297, 0.091567, 0.000000,
                           0.940498,-0.133113, 0.312640, 0.000000,
                          -0.294604, 0.139057, 0.945448, 0.000000,
                           2.263155,10.140672,-4.643143, 1.000000;;
                        }
                        Frame Armature_pinky_02_l {
                          FrameTransformMatrix {
                            -0.195288,-0.979770,-0.043751, 0.000000,
                             0.980602,-0.195829, 0.008403, 0.000000,
                            -0.016801,-0.041261, 0.999007, 0.000000,
                             0.000004, 3.570983, 0.000006, 1.000000;;
                          }
                          Frame Armature_pinky_03_l {
                            FrameTransformMatrix {
                              -0.671951,-0.740255,-0.022465, 0.000000,
                               0.739926,-0.672324, 0.022145, 0.000000,
                              -0.031496,-0.001742, 0.999502, 0.000000,
                              -0.000001, 2.985633, 0.000001, 1.000000;;
                            }
                          } // End of Armature_pinky_03_l
                        } // End of Armature_pinky_02_l
                      } // End of Armature_pinky_01_l
                      Frame Armature_ring_01_l {
                        FrameTransformMatrix {
                          -0.045717,-0.996172, 0.074507, 0.000000,
                           0.980695,-0.030560, 0.193143, 0.000000,
                          -0.190127, 0.081899, 0.978338, 0.000000,
                           1.753528,11.497890,-2.846902, 1.000000;;
                        }
                        Frame Armature_ring_02_l {
                          FrameTransformMatrix {
                            -0.043640,-0.998372, 0.036715, 0.000000,
                             0.998975,-0.044050,-0.010444, 0.000000,
                             0.012044, 0.036222, 0.999271, 0.000000,
                            -0.000000, 4.430181,-0.000001, 1.000000;;
                          }
                          Frame Armature_ring_03_l {
                            FrameTransformMatrix {
                              -0.584325,-0.811378, 0.015123, 0.000000,
                               0.811519,-0.584234, 0.010324, 0.000000,
                               0.000458, 0.018305, 0.999832, 0.000000,
                              -0.000001, 3.476655, 0.000004, 1.000000;;
                            }
                          } // End of Armature_ring_03_l
                        } // End of Armature_ring_02_l
                      } // End of Armature_ring_01_l
                      Frame Armature_thumb_01_l {
                        FrameTransformMatrix {
                           0.137748, 0.023230,-0.990195, 0.000000,
                           0.713042, 0.691556, 0.115416, 0.000000,
                           0.687457,-0.721949, 0.078697, 0.000000,
                           2.374980, 4.762037, 2.537824, 1.000000;;
                        }
                        Frame Armature_thumb_02_l {
                          FrameTransformMatrix {
                             0.934991,-0.354502, 0.010953, 0.000000,
                             0.354479, 0.935055, 0.004110, 0.000000,
                            -0.011698, 0.000040, 0.999932, 0.000000,
                            -0.000000, 3.869671,-0.000001, 1.000000;;
                          }
                          Frame Armature_thumb_03_l {
                            FrameTransformMatrix {
                              -0.028331,-0.998326, 0.050413, 0.000000,
                               0.998950,-0.030093,-0.034549, 0.000000,
                               0.036008, 0.049381, 0.998131, 0.000000,
                              -0.000002, 4.062169,-0.000005, 1.000000;;
                            }
                          } // End of Armature_thumb_03_l
                        } // End of Armature_thumb_02_l
                      } // End of Armature_thumb_01_l
                    } // End of Armature_hand_l
                    Frame Armature_lowerarm_twist_01_l {
                      FrameTransformMatrix {
                         0.959818,-0.000001, 0.280625, 0.000000,
                         0.000000, 1.000000, 0.000000, 0.000000,
                        -0.280625,-0.000000, 0.959818, 0.000000,
                        -0.000005,13.999997,-0.000002, 1.000000;;
                      }
                    } // End of Armature_lowerarm_twist_01_l
                  } // End of Armature_lowerarm_l
                  Frame Armature_upperarm_twist_01_l {
                    FrameTransformMatrix {
                       0.979423,-0.000001,-0.201820, 0.000000,
                       0.000001, 1.000000, 0.000001, 0.000000,
                       0.201820,-0.000001, 0.979423, 0.000000,
                      -0.000001, 0.500004,-0.000004, 1.000000;;
                    }
                  } // End of Armature_upperarm_twist_01_l
                } // End of Armature_upperarm_l
              } // End of Armature_clavicle_l
              Frame Armature_clavicle_r {
                FrameTransformMatrix {
                  -0.894661,-0.145273,-0.422466, 0.000000,
                   0.434047,-0.058799,-0.898969, 0.000000,
                   0.105756,-0.987643, 0.115660, 0.000000,
                  -2.732081,11.883787,-3.782001, 1.000000;;
                }
                Frame Armature_upperarm_r {
                  FrameTransformMatrix {
                     0.617108,-0.668969,-0.414317, 0.000000,
                     0.712175, 0.250908, 0.655631, 0.000000,
                    -0.334641,-0.699661, 0.631261, 0.000000,
                    -0.000047,15.784745, 0.000086, 1.000000;;
                  }
                  Frame Armature_lowerarm_r {
                    FrameTransformMatrix {
                      -0.086909,-0.988388,-0.124643, 0.000000,
                       0.995694,-0.090233, 0.021264, 0.000000,
                      -0.032264,-0.122258, 0.991974, 0.000000,
                       0.000015,30.340076,-0.000010, 1.000000;;
                    }
                    Frame Armature_hand_r {
                      FrameTransformMatrix {
                        -0.428450,-0.897667, 0.103071, 0.000000,
                         0.109336, 0.061727, 0.992086, 0.000000,
                        -0.896926, 0.436329, 0.071701, 0.000000,
                         0.000001,26.975239,-0.000004, 1.000000;;
                      }
                      Frame Armature_index_01_r {
                        FrameTransformMatrix {
                          -0.999134,-0.032884,-0.025509, 0.000000,
                          -0.038598, 0.961396, 0.272449, 0.000000,
                           0.015565, 0.273197,-0.961832, 0.000000,
                          -12.067909, 1.763758,-2.109446, 1.000000;;
                        }
                        Frame Armature_index_02_r {
                          FrameTransformMatrix {
                             0.006622, 0.996928, 0.078048, 0.000000,
                            -0.999878, 0.007704,-0.013569, 0.000000,
                            -0.014128,-0.077948, 0.996857, 0.000000,
                             0.000090, 4.287692,-0.000071, 1.000000;;
                          }
                          Frame Armature_index_03_r {
                            FrameTransformMatrix {
                              -0.526594, 0.850105, 0.004522, 0.000000,
                              -0.849863,-0.526299,-0.027260, 0.000000,
                              -0.020794,-0.018198, 0.999618, 0.000000,
                               0.000119, 3.393801,-0.000021, 1.000000;;
                            }
                          } // End of Armature_index_03_r
                        } // End of Armature_index_02_r
                      } // End of Armature_index_01_r
                      Frame Armature_middle_01_r {
                        FrameTransformMatrix {
                          -0.998201,-0.051677, 0.030416, 0.000000,
                          -0.049666, 0.996743, 0.063539, 0.000000,
                          -0.033600, 0.061914,-0.997516, 0.000000,
                          -12.244077, 1.293766, 0.571115, 1.000000;;
                        }
                        Frame Armature_middle_02_r {
                          FrameTransformMatrix {
                             0.005644, 0.999974, 0.004437, 0.000000,
                            -0.999258, 0.005471, 0.038117, 0.000000,
                             0.038092,-0.004649, 0.999264, 0.000000,
                            -0.000159, 4.640574,-0.000008, 1.000000;;
                          }
                          Frame Armature_middle_03_r {
                            FrameTransformMatrix {
                              -0.556395, 0.830917,-0.000801, 0.000000,
                              -0.830911,-0.556394,-0.003361, 0.000000,
                              -0.003238,-0.001205, 0.999994, 0.000000,
                               0.000039, 3.648923, 0.000001, 1.000000;;
                            }
                          } // End of Armature_middle_03_r
                        } // End of Armature_middle_02_r
                      } // End of Armature_middle_01_r
                      Frame Armature_pinky_01_r {
                        FrameTransformMatrix {
                          -0.994444, 0.033825, 0.099681, 0.000000,
                           0.006032, 0.963719,-0.266848, 0.000000,
                          -0.105091,-0.264764,-0.958570, 0.000000,
                          -10.140573, 2.263397, 4.643075, 1.000000;;
                        }
                        Frame Armature_pinky_02_r {
                          FrameTransformMatrix {
                            -0.062832, 0.995546,-0.070280, 0.000000,
                            -0.997583,-0.064742,-0.025228, 0.000000,
                            -0.029666, 0.068525, 0.997208, 0.000000,
                            -0.000068, 3.571060,-0.000004, 1.000000;;
                          }
                          Frame Armature_pinky_03_r {
                            FrameTransformMatrix {
                              -0.621695, 0.783094,-0.016116, 0.000000,
                              -0.783223,-0.621733, 0.003133, 0.000000,
                              -0.007566, 0.014570, 0.999865, 0.000000,
                               0.000321, 2.985426,-0.000034, 1.000000;;
                            }
                          } // End of Armature_pinky_03_r
                        } // End of Armature_pinky_02_r
                      } // End of Armature_pinky_01_r
                      Frame Armature_ring_01_r {
                        FrameTransformMatrix {
                          -0.994623, 0.069141, 0.077106, 0.000000,
                           0.053071, 0.979602,-0.193814, 0.000000,
                          -0.088934,-0.188679,-0.978003, 0.000000,
                          -11.497946, 1.753809, 2.846904, 1.000000;;
                        }
                        Frame Armature_ring_02_r {
                          FrameTransformMatrix {
                            -0.107286, 0.992847,-0.052381, 0.000000,
                            -0.994109,-0.107940,-0.009798, 0.000000,
                            -0.015381, 0.051021, 0.998579, 0.000000,
                             0.000101, 4.429858,-0.000013, 1.000000;;
                          }
                          Frame Armature_ring_03_r {
                            FrameTransformMatrix {
                              -0.454389, 0.890749,-0.009906, 0.000000,
                              -0.890804,-0.454359, 0.005152, 0.000000,
                               0.000088, 0.011165, 0.999938, 0.000000,
                               0.000090, 3.476671,-0.000013, 1.000000;;
                            }
                          } // End of Armature_ring_03_r
                        } // End of Armature_ring_02_r
                      } // End of Armature_ring_01_r
                      Frame Armature_thumb_01_r {
                        FrameTransformMatrix {
                           0.145093,-0.308644,-0.940046, 0.000000,
                          -0.719635, 0.619120,-0.314348, 0.000000,
                           0.679024, 0.722100,-0.132282, 0.000000,
                          -4.762070, 2.375145,-2.537811, 1.000000;;
                        }
                        Frame Armature_thumb_02_r {
                          FrameTransformMatrix {
                             0.817188, 0.576300,-0.009093, 0.000000,
                            -0.576364, 0.816994,-0.018015, 0.000000,
                            -0.002953, 0.019962, 0.999796, 0.000000,
                             0.000106, 3.869567, 0.000067, 1.000000;;
                          }
                          Frame Armature_thumb_03_r {
                            FrameTransformMatrix {
                               0.127209, 0.989856,-0.063265, 0.000000,
                              -0.991064, 0.124266,-0.048473, 0.000000,
                              -0.040120, 0.068866, 0.996819, 0.000000,
                              -0.000006, 4.062180,-0.000001, 1.000000;;
                            }
                          } // End of Armature_thumb_03_r
                        } // End of Armature_thumb_02_r
                      } // End of Armature_thumb_01_r
                      Frame Armature_weapon_r {
                        FrameTransformMatrix {
                          -0.078874, 0.030130, 0.996429, 0.000000,
                           0.837775, 0.543733, 0.049874, 0.000000,
                          -0.540289, 0.838717,-0.068128, 0.000000,
                           8.099086,41.492138,-3.350777, 1.000000;;
                        }
                      } // End of Armature_weapon_r
                    } // End of Armature_hand_r
                    Frame Armature_lowerarm_twist_01_r {
                      FrameTransformMatrix {
                         0.955577, 0.000000,-0.294742, 0.000000,
                        -0.000000, 1.000000, 0.000000, 0.000000,
                         0.294742, 0.000000, 0.955577, 0.000000,
                         0.000030,14.000006,-0.000010, 1.000000;;
                      }
                    } // End of Armature_lowerarm_twist_01_r
                  } // End of Armature_lowerarm_r
                  Frame Armature_upperarm_twist_01_r {
                    FrameTransformMatrix {
                       0.999829,-0.000000, 0.018509, 0.000000,
                       0.000000, 1.000000,-0.000001, 0.000000,
                      -0.018509, 0.000001, 0.999829, 0.000000,
                       0.000000, 0.500007, 0.000004, 1.000000;;
                    }
                  } // End of Armature_upperarm_twist_01_r
                } // End of Armature_upperarm_r
              } // End of Armature_clavicle_r
              Frame Armature_neck_01 {
                FrameTransformMatrix {
                   0.928611, 0.360270, 0.088807, 0.000000,
                  -0.359930, 0.932757,-0.020372, 0.000000,
                  -0.090174,-0.013047, 0.995840, 0.000000,
                  -0.355306,16.558775, 0.000001, 1.000000;;
                }
                Frame Armature_head {
                  FrameTransformMatrix {
                     0.714050,-0.699821,-0.019593, 0.000000,
                     0.700094, 0.713816, 0.018314, 0.000000,
                     0.001170,-0.026794, 0.999640, 0.000000,
                     0.364157, 9.283619, 0.000000, 1.000000;;
                  }
                } // End of Armature_head
              } // End of Armature_neck_01
            } // End of Armature_spine_03
          } // End of Armature_spine_02
        } // End of Armature_spine_01
        Frame Armature_sword_holder {
          FrameTransformMatrix {
            -0.909315, 0.370364, 0.189678, 0.000000,
            -0.355306,-0.928335, 0.109325, 0.000000,
             0.216575, 0.032017, 0.975741, 0.000000,
            13.980001,19.493002,16.301001, 1.000000;;
          }
        } // End of Armature_sword_holder
        Frame Armature_thigh_l {
          FrameTransformMatrix {
            -0.811234,-0.501029,-0.301445, 0.000000,
            -0.569378, 0.794205, 0.212241, 0.000000,
             0.133070, 0.343814,-0.929562, 0.000000,
            -1.448825, 0.531411, 9.005808, 1.000000;;
          }
          Frame Armature_calf_l {
            FrameTransformMatrix {
              -0.647821,-0.748393, 0.142254, 0.000000,
               0.742155,-0.662146,-0.103771, 0.000000,
               0.171854, 0.038350, 0.984376, 0.000000,
              -0.345299,42.409279, 0.050408, 1.000000;;
            }
            Frame Armature_calf_twist_01_l {
              FrameTransformMatrix {
                 0.995893,-0.014833, 0.089319, 0.000000,
                 0.015236, 0.999876,-0.003824, 0.000000,
                -0.089251, 0.005169, 0.995996, 0.000000,
                 0.000002,20.476807,-0.000005, 1.000000;;
              }
            } // End of Armature_calf_twist_01_l
            Frame Armature_foot_l {
              FrameTransformMatrix {
                -0.629783,-0.754108, 0.186264, 0.000000,
                -0.774086, 0.629213,-0.069859, 0.000000,
                -0.064518,-0.188180,-0.980013, 0.000000,
                 0.000895,40.196316,-0.000296, 1.000000;;
              }
              Frame Armature_ball_l {
                FrameTransformMatrix {
                   0.047433, 0.998875, 0.000146, 0.000000,
                  -0.998875, 0.047433, 0.000078, 0.000000,
                   0.000071,-0.000150, 1.000000, 0.000000,
                  -10.453861,16.577856,-0.080154, 1.000000;;
                }
              } // End of Armature_ball_l
            } // End of Armature_foot_l
          } // End of Armature_calf_l
          Frame Armature_thigh_twist_01_l {
            FrameTransformMatrix {
               0.910953,-0.000897,-0.412511, 0.000000,
               0.000983, 1.000000,-0.000004, 0.000000,
               0.412510,-0.000402, 0.910953, 0.000000,
              -0.000018,22.094231, 0.000007, 1.000000;;
            }
          } // End of Armature_thigh_twist_01_l
        } // End of Armature_thigh_l
        Frame Armature_thigh_r {
          FrameTransformMatrix {
             0.209476, 0.964304,-0.161981, 0.000000,
            -0.968638, 0.227285, 0.100413, 0.000000,
             0.133644, 0.135867, 0.981672, 0.000000,
            -1.448635, 0.531439,-9.005802, 1.000000;;
          }
          Frame Armature_calf_r {
            FrameTransformMatrix {
               0.616991, 0.786160, 0.035703, 0.000000,
              -0.782549, 0.617695,-0.077905, 0.000000,
              -0.083299, 0.020128, 0.996321, 0.000000,
               0.053192,42.405392, 0.009422, 1.000000;;
            }
            Frame Armature_calf_twist_01_r {
              FrameTransformMatrix {
                 0.999813, 0.015280, 0.011856, 0.000000,
                -0.015235, 0.999877,-0.003825, 0.000000,
                -0.011913, 0.003643, 0.999923, 0.000000,
                 0.000006,20.476904, 0.000000, 1.000000;;
              }
            } // End of Armature_calf_twist_01_r
            Frame Armature_foot_r {
              FrameTransformMatrix {
                 0.505937, 0.861146, 0.049563, 0.000000,
                 0.859609,-0.508124, 0.053683, 0.000000,
                 0.071413, 0.015444,-0.997327, 0.000000,
                 0.000429,40.196709,-0.000026, 1.000000;;
              }
              Frame Armature_ball_r {
                FrameTransformMatrix {
                   0.520362,-0.853946,-0.000088, 0.000000,
                   0.853946, 0.520362, 0.000142, 0.000000,
                  -0.000075,-0.000149, 1.000000, 0.000000,
                  10.453815,16.577803,-0.080159, 1.000000;;
                }
              } // End of Armature_ball_r
            } // End of Armature_foot_r
          } // End of Armature_calf_r
          Frame Armature_thigh_twist_01_r {
            FrameTransformMatrix {
               0.990056, 0.000974, 0.140667, 0.000000,
              -0.000984, 1.000000,-0.000003, 0.000000,
              -0.140667,-0.000135, 0.990057, 0.000000,
              -0.000016,22.094242,-0.000004, 1.000000;;
            }
          } // End of Armature_thigh_twist_01_r
        } // End of Armature_thigh_r
      } // End of Armature_pelvis
    } // End of Armature_root
  } // End of Armature
} // End of Root
AnimationSet Global {
  Animation {
    {Armature}
    AnimationKey { // Rotation
      0;
      29;
      0;4;-0.707107, 0.707107, 0.000000, 0.000000;;,
      1;4;-0.707107, 0.707107, 0.000000, 0.000000;;,
      2;4;-0.707107, 0.707107, 0.000000, 0.000000;;,
      3;4;-0.707107, 0.707107, 0.000000, 0.000000;;,
      4;4;-0.707107, 0.707107, 0.000000, 0.000000;;,
      5;4;-0.707107, 0.707107, 0.000000, 0.000000;;,
      6;4;-0.707107, 0.707107, 0.000000, 0.000000;;,
      7;4;-0.707107, 0.707107, 0.000000, 0.000000;;,
      8;4;-0.707107, 0.707107, 0.000000, 0.000000;;,
      9;4;-0.707107, 0.707107, 0.000000, 0.000000;;,
      10;4;-0.707107, 0.707107, 0.000000, 0.000000;;,
      11;4;-0.707107, 0.707107, 0.000000, 0.000000;;,
      12;4;-0.707107, 0.707107, 0.000000, 0.000000;;,
      13;4;-0.707107, 0.707107, 0.000000, 0.000000;;,
      14;4;-0.707107, 0.707107, 0.000000, 0.000000;;,
      15;4;-0.707107, 0.707107, 0.000000, 0.000000;;,
      16;4;-0.707107, 0.707107, 0.000000, 0.000000;;,
      17;4;-0.707107, 0.707107, 0.000000, 0.000000;;,
      18;4;-0.707107, 0.707107, 0.000000, 0.000000;;,
      19;4;-0.707107, 0.707107, 0.000000, 0.000000;;,
      20;4;-0.707107, 0.707107, 0.000000, 0.000000;;,
      21;4;-0.707107, 0.707107, 0.000000, 0.000000;;,
      22;4;-0.707107, 0.707107, 0.000000, 0.000000;;,
      23;4;-0.707107, 0.707107, 0.000000, 0.000000;;,
      24;4;-0.707107, 0.707107, 0.000000, 0.000000;;,
      25;4;-0.707107, 0.707107, 0.000000, 0.000000;;,
      26;4;-0.707107, 0.707107, 0.000000, 0.000000;;,
      27;4;-0.707107, 0.707107, 0.000000, 0.000000;;,
      28;4;-0.707107, 0.707107, 0.000000, 0.000000;;;
    }
    AnimationKey { // Scale
      1;
      29;
      0;3; 0.010000, 0.010000, 0.010000;;,
      1;3; 0.010000, 0.010000, 0.010000;;,
      2;3; 0.010000, 0.010000, 0.010000;;,
      3;3; 0.010000, 0.010000, 0.010000;;,
      4;3; 0.010000, 0.010000, 0.010000;;,
      5;3; 0.010000, 0.010000, 0.010000;;,
      6;3; 0.010000, 0.010000, 0.010000;;,
      7;3; 0.010000, 0.010000, 0.010000;;,
      8;3; 0.010000, 0.010000, 0.010000;;,
      9;3; 0.010000, 0.010000, 0.010000;;,
      10;3; 0.010000, 0.010000, 0.010000;;,
      11;3; 0.010000, 0.010000, 0.010000;;,
      12;3; 0.010000, 0.010000, 0.010000;;,
      13;3; 0.010000, 0.010000, 0.010000;;,
      14;3; 0.010000, 0.010000, 0.010000;;,
      15;3; 0.010000, 0.010000, 0.010000;;,
      16;3; 0.010000, 0.010000, 0.010000;;,
      17;3; 0.010000, 0.010000, 0.010000;;,
      18;3; 0.010000, 0.010000, 0.010000;;,
      19;3; 0.010000, 0.010000, 0.010000;;,
      20;3; 0.010000, 0.010000, 0.010000;;,
      21;3; 0.010000, 0.010000, 0.010000;;,
      22;3; 0.010000, 0.010000, 0.010000;;,
      23;3; 0.010000, 0.010000, 0.010000;;,
      24;3; 0.010000, 0.010000, 0.010000;;,
      25;3; 0.010000, 0.010000, 0.010000;;,
      26;3; 0.010000, 0.010000, 0.010000;;,
      27;3; 0.010000, 0.010000, 0.010000;;,
      28;3; 0.010000, 0.010000, 0.010000;;;
    }
    AnimationKey { // Position
      2;
      29;
      0;3; 0.000000, 0.000000, 0.000000;;,
      1;3; 0.000000, 0.000000, 0.000000;;,
      2;3; 0.000000, 0.000000, 0.000000;;,
      3;3; 0.000000, 0.000000, 0.000000;;,
      4;3; 0.000000, 0.000000, 0.000000;;,
      5;3; 0.000000, 0.000000, 0.000000;;,
      6;3; 0.000000, 0.000000, 0.000000;;,
      7;3; 0.000000, 0.000000, 0.000000;;,
      8;3; 0.000000, 0.000000, 0.000000;;,
      9;3; 0.000000, 0.000000, 0.000000;;,
      10;3; 0.000000, 0.000000, 0.000000;;,
      11;3; 0.000000, 0.000000, 0.000000;;,
      12;3; 0.000000, 0.000000, 0.000000;;,
      13;3; 0.000000, 0.000000, 0.000000;;,
      14;3; 0.000000, 0.000000, 0.000000;;,
      15;3; 0.000000, 0.000000, 0.000000;;,
      16;3; 0.000000, 0.000000, 0.000000;;,
      17;3; 0.000000, 0.000000, 0.000000;;,
      18;3; 0.000000, 0.000000, 0.000000;;,
      19;3; 0.000000, 0.000000, 0.000000;;,
      20;3; 0.000000, 0.000000, 0.000000;;,
      21;3; 0.000000, 0.000000, 0.000000;;,
      22;3; 0.000000, 0.000000, 0.000000;;,
      23;3; 0.000000, 0.000000, 0.000000;;,
      24;3; 0.000000, 0.000000, 0.000000;;,
      25;3; 0.000000, 0.000000, 0.000000;;,
      26;3; 0.000000, 0.000000, 0.000000;;,
      27;3; 0.000000, 0.000000, 0.000000;;,
      28;3; 0.000000, 0.000000, 0.000000;;;
    }
  }
  Animation {
    {Armature_root}
    AnimationKey { // Rotation
      0;
      29;
      0;4;-1.000000, 0.000000, 0.000000, 0.000000;;,
      1;4;-1.000000, 0.000000, 0.000000, 0.000000;;,
      2;4;-1.000000, 0.000000, 0.000000, 0.000000;;,
      3;4;-1.000000, 0.000000, 0.000000, 0.000000;;,
      4;4;-1.000000, 0.000000, 0.000000, 0.000000;;,
      5;4;-1.000000, 0.000000, 0.000000, 0.000000;;,
      6;4;-1.000000, 0.000000, 0.000000, 0.000000;;,
      7;4;-1.000000, 0.000000, 0.000000, 0.000000;;,
      8;4;-1.000000, 0.000000, 0.000000, 0.000000;;,
      9;4;-1.000000, 0.000000, 0.000000, 0.000000;;,
      10;4;-1.000000, 0.000000, 0.000000, 0.000000;;,
      11;4;-1.000000, 0.000000, 0.000000, 0.000000;;,
      12;4;-1.000000, 0.000000, 0.000000, 0.000000;;,
      13;4;-1.000000, 0.000000, 0.000000, 0.000000;;,
      14;4;-1.000000, 0.000000, 0.000000, 0.000000;;,
      15;4;-1.000000, 0.000000, 0.000000, 0.000000;;,
      16;4;-1.000000, 0.000000, 0.000000, 0.000000;;,
      17;4;-1.000000, 0.000000, 0.000000, 0.000000;;,
      18;4;-1.000000, 0.000000, 0.000000, 0.000000;;,
      19;4;-1.000000, 0.000000, 0.000000, 0.000000;;,
      20;4;-1.000000, 0.000000, 0.000000, 0.000000;;,
      21;4;-1.000000, 0.000000, 0.000000, 0.000000;;,
      22;4;-1.000000, 0.000000, 0.000000, 0.000000;;,
      23;4;-1.000000, 0.000000, 0.000000, 0.000000;;,
      24;4;-1.000000, 0.000000, 0.000000, 0.000000;;,
      25;4;-1.000000, 0.000000, 0.000000, 0.000000;;,
      26;4;-1.000000, 0.000000, 0.000000, 0.000000;;,
      27;4;-1.000000, 0.000000, 0.000000, 0.000000;;,
      28;4;-1.000000, 0.000000, 0.000000, 0.000000;;;
    }
    AnimationKey { // Scale
      1;
      29;
      0;3; 1.000000, 1.000000, 1.000000;;,
      1;3; 1.000000, 1.000000, 1.000000;;,
      2;3; 1.000000, 1.000000, 1.000000;;,
      3;3; 1.000000, 1.000000, 1.000000;;,
      4;3; 1.000000, 1.000000, 1.000000;;,
      5;3; 1.000000, 1.000000, 1.000000;;,
      6;3; 1.000000, 1.000000, 1.000000;;,
      7;3; 1.000000, 1.000000, 1.000000;;,
      8;3; 1.000000, 1.000000, 1.000000;;,
      9;3; 1.000000, 1.000000, 1.000000;;,
      10;3; 1.000000, 1.000000, 1.000000;;,
      11;3; 1.000000, 1.000000, 1.000000;;,
      12;3; 1.000000, 1.000000, 1.000000;;,
      13;3; 1.000000, 1.000000, 1.000000;;,
      14;3; 1.000000, 1.000000, 1.000000;;,
      15;3; 1.000000, 1.000000, 1.000000;;,
      16;3; 1.000000, 1.000000, 1.000000;;,
      17;3; 1.000000, 1.000000, 1.000000;;,
      18;3; 1.000000, 1.000000, 1.000000;;,
      19;3; 1.000000, 1.000000, 1.000000;;,
      20;3; 1.000000, 1.000000, 1.000000;;,
      21;3; 1.000000, 1.000000, 1.000000;;,
      22;3; 1.000000, 1.000000, 1.000000;;,
      23;3; 1.000000, 1.000000, 1.000000;;,
      24;3; 1.000000, 1.000000, 1.000000;;,
      25;3; 1.000000, 1.000000, 1.000000;;,
      26;3; 1.000000, 1.000000, 1.000000;;,
      27;3; 1.000000, 1.000000, 1.000000;;,
      28;3; 1.000000, 1.000000, 1.000000;;;
    }
    AnimationKey { // Position
      2;
      29;
      0;3; 0.000000, 0.000016, 0.000000;;,
      1;3; 0.000000, 0.000016, 0.000000;;,
      2;3; 0.000000, 0.000016, 0.000000;;,
      3;3; 0.000000, 0.000016, 0.000000;;,
      4;3; 0.000000, 0.000016, 0.000000;;,
      5;3; 0.000000, 0.000016, 0.000000;;,
      6;3; 0.000000, 0.000016, 0.000000;;,
      7;3; 0.000000, 0.000016, 0.000000;;,
      8;3; 0.000000, 0.000016, 0.000000;;,
      9;3; 0.000000, 0.000016, 0.000000;;,
      10;3; 0.000000, 0.000016, 0.000000;;,
      11;3; 0.000000, 0.000016, 0.000000;;,
      12;3; 0.000000, 0.000016, 0.000000;;,
      13;3; 0.000000, 0.000016, 0.000000;;,
      14;3; 0.000000, 0.000016, 0.000000;;,
      15;3; 0.000000, 0.000016, 0.000000;;,
      16;3; 0.000000, 0.000016, 0.000000;;,
      17;3; 0.000000, 0.000016, 0.000000;;,
      18;3; 0.000000, 0.000016, 0.000000;;,
      19;3; 0.000000, 0.000016, 0.000000;;,
      20;3; 0.000000, 0.000016, 0.000000;;,
      21;3; 0.000000, 0.000016, 0.000000;;,
      22;3; 0.000000, 0.000016, 0.000000;;,
      23;3; 0.000000, 0.000016, 0.000000;;,
      24;3; 0.000000, 0.000016, 0.000000;;,
      25;3; 0.000000, 0.000016, 0.000000;;,
      26;3; 0.000000, 0.000016, 0.000000;;,
      27;3; 0.000000, 0.000016, 0.000000;;,
      28;3; 0.000000, 0.000016, 0.000000;;;
    }
  }
  Animation {
    {Armature_pelvis}
    AnimationKey { // Rotation
      0;
      29;
      0;4;-0.458415, 0.582523, 0.352278, 0.571334;;,
      1;4;-0.453858, 0.577816, 0.356026, 0.577397;;,
      2;4;-0.445414, 0.570138, 0.362361, 0.587574;;,
      3;4;-0.436518, 0.564461, 0.367121, 0.596706;;,
      4;4;-0.427288, 0.559255, 0.372938, 0.604628;;,
      5;4;-0.418960, 0.555449, 0.380900, 0.608986;;,
      6;4;-0.409090, 0.553416, 0.390570, 0.611417;;,
      7;4;-0.395781, 0.553449, 0.402646, 0.612314;;,
      8;4;-0.380931, 0.553902, 0.415163, 0.612963;;,
      9;4;-0.365694, 0.553918, 0.427357, 0.613848;;,
      10;4;-0.351123, 0.551403, 0.437086, 0.617757;;,
      11;4;-0.335420, 0.542217, 0.443710, 0.629774;;,
      12;4;-0.325138, 0.536536, 0.445961, 0.638384;;,
      13;4;-0.323886, 0.538180, 0.444694, 0.638520;;,
      14;4;-0.324524, 0.542231, 0.443699, 0.635454;;,
      15;4;-0.330881, 0.553924, 0.439307, 0.625056;;,
      16;4;-0.340593, 0.567973, 0.432249, 0.612016;;,
      17;4;-0.349695, 0.578624, 0.424449, 0.602288;;,
      18;4;-0.358605, 0.587035, 0.416752, 0.594231;;,
      19;4;-0.366962, 0.591693, 0.411970, 0.587809;;,
      20;4;-0.375520, 0.593595, 0.409675, 0.582061;;,
      21;4;-0.384034, 0.592661, 0.409714, 0.577412;;,
      22;4;-0.394018, 0.589730, 0.408051, 0.574859;;,
      23;4;-0.406457, 0.586002, 0.400086, 0.575609;;,
      24;4;-0.420311, 0.582893, 0.388696, 0.576619;;,
      25;4;-0.436561, 0.583102, 0.373799, 0.574179;;,
      26;4;-0.450313, 0.583930, 0.360151, 0.571432;;,
      27;4;-0.456690, 0.583196, 0.353889, 0.571033;;,
      28;4;-0.458415, 0.582523, 0.352278, 0.571334;;;
    }
    AnimationKey { // Scale
      1;
      29;
      0;3; 1.000000, 1.000000, 1.000000;;,
      1;3; 1.000000, 1.000000, 1.000000;;,
      2;3; 1.000000, 1.000000, 1.000000;;,
