xof 0303txt 0032

template XSkinMeshHeader {
  <3cf169ce-ff7c-44ab-93c0-f78f62d172e2>
  WORD nMaxSkinWeightsPerVertex;
  WORD nMaxSkinWeightsPerFace;
  WORD nBones;
}

template SkinWeights {
  <6f0d123b-bad2-4167-a0d0-80224f25fabb>
  STRING transformNodeName;
  DWORD nWeights;
  array DWORD vertexIndices[nWeights];
  array float weights[nWeights];
  Matrix4x4 matrixOffset;
}

Frame Root {
  FrameTransformMatrix {
     1.000000, 0.000000, 0.000000, 0.000000,
     0.000000,-0.000000, 1.000000, 0.000000,
     0.000000, 1.000000, 0.000000, 0.000000,
     0.000000, 0.000000, 0.000000, 1.000000;;
  }
  Frame Armature {
    FrameTransformMatrix {
       0.010000, 0.000000, 0.000000, 0.000000,
       0.000000,-0.000000, 0.010000, 0.000000,
       0.000000,-0.010000,-0.000000, 0.000000,
       0.000000, 0.000000, 0.000000, 1.000000;;
    }
    Frame Armature_root {
      FrameTransformMatrix {
         1.000000, 0.000000, 0.000000, 0.000000,
         0.000000, 1.000000, 0.000000, 0.000000,
         0.000000, 0.000000, 1.000000, 0.000000,
         0.000000, 0.000007, 0.000000, 1.000000;;
      }
      Frame Armature_ik_foot_root {
        FrameTransformMatrix {
           0.000000,-0.000000,-1.000000, 0.000000,
           1.000000, 0.000000, 0.000000, 0.000000,
           0.000000,-1.000000, 0.000000, 0.000000,
           0.000000, 0.000000, 0.000000, 1.000000;;
        }
        Frame Armature_ik_foot_l {
          FrameTransformMatrix {
            -0.718649, 0.066622,-0.692175, 0.000000,
            -0.695357,-0.062039, 0.715982, 0.000000,
             0.004759, 0.995848, 0.090910, 0.000000,
             9.482246, 4.317459,-50.636120, 1.000000;;
          }
        } // End of Armature_ik_foot_l
        Frame Armature_ik_foot_r {
          FrameTransformMatrix {
            -0.879159,-0.118461, 0.461570, 0.000000,
             0.456185, 0.070776, 0.887066, 0.000000,
            -0.137751, 0.990433,-0.008183, 0.000000,
            34.307854,-5.618009,-19.412535, 1.000000;;
          }
        } // End of Armature_ik_foot_r
      } // End of Armature_ik_foot_root
      Frame Armature_ik_hand_root {
        FrameTransformMatrix {
           1.000000, 0.000000, 0.000000, 0.000000,
           0.000000, 1.000000, 0.000000, 0.000000,
           0.000000, 0.000000, 1.000000, 0.000000,
           0.000000, 0.000000, 0.000000, 1.000000;;
        }
        Frame Armature_ik_hand_gun {
          FrameTransformMatrix {
            -0.380857, 0.012285,-0.924552, 0.000000,
             0.924631, 0.002502,-0.380856, 0.000000,
            -0.002365,-0.999921,-0.012312, 0.000000,
            -19.798204,84.077278,52.353333, 1.000000;;
          }
          Frame Armature_ik_hand_l {
            FrameTransformMatrix {
              -0.395120,-0.004093, 0.918620, 0.000000,
              -0.237546, 0.966434,-0.097867, 0.000000,
              -0.887385,-0.256883,-0.382830, 0.000000,
               0.242474,62.039368, 3.400447, 1.000000;;
            }
          } // End of Armature_ik_hand_l
          Frame Armature_ik_hand_r {
            FrameTransformMatrix {
               1.000000,-0.000000,-0.000000, 0.000000,
               0.000000, 1.000000,-0.000001, 0.000000,
               0.000000, 0.000001, 1.000000, 0.000000,
              -0.000016,-0.000010, 0.000020, 1.000000;;
            }
          } // End of Armature_ik_hand_r
        } // End of Armature_ik_hand_gun
      } // End of Armature_ik_hand_root
      Frame Armature_pelvis {
        FrameTransformMatrix {
           0.098955, 0.934236, 0.342653, 0.000000,
          -0.113396,-0.331513, 0.936611, 0.000000,
           0.988610,-0.131538, 0.073134, 0.000000,
           0.201733,83.176849, 4.864180, 1.000000;;
        }
        Frame Armature_spine_01 {
          FrameTransformMatrix {
             0.625091,-0.775249,-0.090830, 0.000000,
             0.774246, 0.630590,-0.053835, 0.000000,
             0.099013,-0.036673, 0.994410, 0.000000,
            10.808882, 0.851420, 0.000004, 1.000000;;
          }
          Frame Armature_spine_02 {
            FrameTransformMatrix {
               0.997909, 0.026008,-0.059175, 0.000000,
              -0.025769, 0.999656, 0.004813, 0.000000,
               0.059280,-0.003278, 0.998236, 0.000000,
               3.791642,18.835611, 0.241241, 1.000000;;
            }
            Frame Armature_spine_03 {
              FrameTransformMatrix {
                 0.995922,-0.058801,-0.068419, 0.000000,
                 0.060850, 0.997747, 0.028250, 0.000000,
                 0.066604,-0.032298, 0.997257, 0.000000,
                 0.417601,13.412358, 0.051085, 1.000000;;
              }
              Frame Armature_clavicle_l {
                FrameTransformMatrix {
                   0.919170, 0.145454,-0.366018, 0.000000,
                   0.362413, 0.051523, 0.930592, 0.000000,
                   0.154217,-0.988023,-0.005356, 0.000000,
                  -2.732075,11.883705, 3.781983, 1.000000;;
                }
                Frame Armature_upperarm_l {
                  FrameTransformMatrix {
                     0.825704, 0.532266, 0.186831, 0.000000,
                    -0.428754, 0.376935, 0.821030, 0.000000,
                     0.366583,-0.758032, 0.539448, 0.000000,
                    -0.000004,15.784871, 0.000008, 1.000000;;
                  }
                  Frame Armature_lowerarm_l {
                    FrameTransformMatrix {
                       0.480719, 0.867971, 0.124642, 0.000000,
                      -0.875886, 0.482049, 0.021266, 0.000000,
                      -0.041625,-0.119395, 0.991974, 0.000000,
                      -0.000009,30.339954,-0.000012, 1.000000;;
                    }
                    Frame Armature_hand_l {
                      FrameTransformMatrix {
                        -0.527504,-0.000131, 0.849552, 0.000000,
                        -0.156436, 0.982915,-0.096983, 0.000000,
                        -0.835025,-0.184059,-0.518512, 0.000000,
                         0.000000,26.975157, 0.000003, 1.000000;;
                      }
                      Frame Armature_index_01_l {
                        FrameTransformMatrix {
                           0.072762,-0.996976,-0.027289, 0.000000,
                           0.958652, 0.077461,-0.273834, 0.000000,
                           0.275120,-0.006236, 0.961390, 0.000000,
                           1.763471,12.068109, 2.109402, 1.000000;;
                        }
                        Frame Armature_index_02_l {
                          FrameTransformMatrix {
                             0.085979,-0.994646,-0.057332, 0.000000,
                             0.996114, 0.086924,-0.014197, 0.000000,
                             0.019104,-0.055888, 0.998254, 0.000000,
                             0.000003, 4.287502, 0.000002, 1.000000;;
                          }
                          Frame Armature_index_03_l {
                            FrameTransformMatrix {
                              -0.591983,-0.805947, 0.002235, 0.000000,
                               0.805675,-0.591852,-0.024478, 0.000000,
                               0.021051,-0.012690, 0.999698, 0.000000,
                              -0.000002, 3.393806, 0.000003, 1.000000;;
                            }
                          } // End of Armature_index_03_l
                        } // End of Armature_index_02_l
                      } // End of Armature_index_01_l
                      Frame Armature_middle_01_l {
                        FrameTransformMatrix {
                           0.015726,-0.999280, 0.034513, 0.000000,
                           0.997934, 0.013535,-0.062812, 0.000000,
                           0.062300, 0.035429, 0.997428, 0.000000,
                           1.293648,12.244280,-0.571161, 1.000000;;
                        }
                        Frame Armature_middle_02_l {
                          FrameTransformMatrix {
                             0.011278,-0.999932,-0.003119, 0.000000,
                             0.999221, 0.011152, 0.037846, 0.000000,
                            -0.037809,-0.003544, 0.999279, 0.000000,
                             0.000005, 4.640371, 0.000003, 1.000000;;
                          }
                          Frame Armature_middle_03_l {
                            FrameTransformMatrix {
                              -0.440274,-0.897863, 0.000641, 0.000000,
                               0.897858,-0.440274,-0.003314, 0.000000,
                               0.003257,-0.000884, 0.999994, 0.000000,
                               0.000002, 3.648843, 0.000005, 1.000000;;
                            }
                          } // End of Armature_middle_03_l
                        } // End of Armature_middle_02_l
                      } // End of Armature_middle_01_l
                      Frame Armature_pinky_01_l {
                        FrameTransformMatrix {
                          -0.169325,-0.981297, 0.091573, 0.000000,
                           0.940497,-0.133109, 0.312645, 0.000000,
                          -0.294609, 0.139063, 0.945445, 0.000000,
                           2.263154,10.140669,-4.643150, 1.000000;;
                        }
                        Frame Armature_pinky_02_l {
                          FrameTransformMatrix {
                            -0.195293,-0.979769,-0.043745, 0.000000,
                             0.980601,-0.195833, 0.008395, 0.000000,
                            -0.016792,-0.041257, 0.999008, 0.000000,
                            -0.000004, 3.570988, 0.000001, 1.000000;;
                          }
                          Frame Armature_pinky_03_l {
                            FrameTransformMatrix {
                              -0.671948,-0.740258,-0.022468, 0.000000,
                               0.739929,-0.672321, 0.022143, 0.000000,
                              -0.031497,-0.001746, 0.999502, 0.000000,
                               0.000005, 2.985619, 0.000008, 1.000000;;
                            }
                          } // End of Armature_pinky_03_l
                        } // End of Armature_pinky_02_l
                      } // End of Armature_pinky_01_l
                      Frame Armature_ring_01_l {
                        FrameTransformMatrix {
                          -0.045717,-0.996172, 0.074504, 0.000000,
                           0.980695,-0.030562, 0.193140, 0.000000,
                          -0.190124, 0.081895, 0.978339, 0.000000,
                           1.753520,11.497891,-2.846911, 1.000000;;
                        }
                        Frame Armature_ring_02_l {
                          FrameTransformMatrix {
                            -0.043640,-0.998373, 0.036713, 0.000000,
                             0.998975,-0.044050,-0.010437, 0.000000,
                             0.012038, 0.036220, 0.999271, 0.000000,
                             0.000000, 4.430178, 0.000002, 1.000000;;
                          }
                          Frame Armature_ring_03_l {
                            FrameTransformMatrix {
                              -0.584325,-0.811379, 0.015123, 0.000000,
                               0.811520,-0.584234, 0.010326, 0.000000,
                               0.000457, 0.018307, 0.999832, 0.000000,
                               0.000001, 3.476654, 0.000002, 1.000000;;
                            }
                          } // End of Armature_ring_03_l
                        } // End of Armature_ring_02_l
                      } // End of Armature_ring_01_l
                      Frame Armature_thumb_01_l {
                        FrameTransformMatrix {
                           0.137748, 0.023227,-0.990195, 0.000000,
                           0.713042, 0.691556, 0.115415, 0.000000,
                           0.687457,-0.721949, 0.078698, 0.000000,
                           2.374977, 4.762036, 2.537821, 1.000000;;
                        }
                        Frame Armature_thumb_02_l {
                          FrameTransformMatrix {
                             0.934991,-0.354504, 0.010934, 0.000000,
                             0.354480, 0.935055, 0.004111, 0.000000,
                            -0.011681, 0.000033, 0.999932, 0.000000,
                             0.000002, 3.869666, 0.000000, 1.000000;;
                          }
                          Frame Armature_thumb_03_l {
                            FrameTransformMatrix {
                              -0.028327,-0.998327, 0.050413, 0.000000,
                               0.998950,-0.030089,-0.034537, 0.000000,
                               0.035996, 0.049382, 0.998131, 0.000000,
                              -0.000000, 4.062169,-0.000007, 1.000000;;
                            }
                          } // End of Armature_thumb_03_l
                        } // End of Armature_thumb_02_l
                      } // End of Armature_thumb_01_l
                    } // End of Armature_hand_l
                    Frame Armature_lowerarm_twist_01_l {
                      FrameTransformMatrix {
                         0.959817, 0.000000, 0.280625, 0.000000,
                        -0.000000, 1.000000,-0.000000, 0.000000,
                        -0.280625, 0.000000, 0.959817, 0.000000,
                        -0.000001,14.000000, 0.000004, 1.000000;;
                      }
                    } // End of Armature_lowerarm_twist_01_l
                  } // End of Armature_lowerarm_l
                  Frame Armature_upperarm_twist_01_l {
                    FrameTransformMatrix {
                       0.979422, 0.000001,-0.201821, 0.000000,
                      -0.000001, 1.000000,-0.000001, 0.000000,
                       0.201821, 0.000001, 0.979422, 0.000000,
                       0.000018, 0.500010, 0.000015, 1.000000;;
                    }
                  } // End of Armature_upperarm_twist_01_l
                } // End of Armature_upperarm_l
              } // End of Armature_clavicle_l
              Frame Armature_clavicle_r {
                FrameTransformMatrix {
                  -0.894661,-0.145273,-0.422466, 0.000000,
                   0.434048,-0.058799,-0.898969, 0.000000,
                   0.105756,-0.987643, 0.115660, 0.000000,
                  -2.732093,11.883799,-3.782004, 1.000000;;
                }
                Frame Armature_upperarm_r {
                  FrameTransformMatrix {
                     0.617107,-0.668969,-0.414318, 0.000000,
                     0.712176, 0.250908, 0.655630, 0.000000,
                    -0.334640,-0.699661, 0.631261, 0.000000,
                    -0.000054,15.784738, 0.000087, 1.000000;;
                  }
                  Frame Armature_lowerarm_r {
                    FrameTransformMatrix {
                      -0.086907,-0.988388,-0.124644, 0.000000,
                       0.995694,-0.090231, 0.021265, 0.000000,
                      -0.032264,-0.122259, 0.991974, 0.000000,
                       0.000007,30.340067, 0.000007, 1.000000;;
                    }
                    Frame Armature_hand_r {
                      FrameTransformMatrix {
                        -0.109337,-0.061729,-0.992086, 0.000000,
                         0.428450, 0.897667,-0.103074, 0.000000,
                         0.896926,-0.436329,-0.071701, 0.000000,
                        -0.000022,26.975250,-0.000027, 1.000000;;
                      }
                      Frame Armature_index_01_r {
                        FrameTransformMatrix {
                           0.032883, 0.999134, 0.025507, 0.000000,
                          -0.961395, 0.038596,-0.272450, 0.000000,
                          -0.273198,-0.015564, 0.961832, 0.000000,
                          -1.763734,12.067912, 2.109437, 1.000000;;
                        }
                        Frame Armature_index_02_r {
                          FrameTransformMatrix {
                             0.006622, 0.996927, 0.078051, 0.000000,
                            -0.999878, 0.007704,-0.013572, 0.000000,
                            -0.014132,-0.077951, 0.996857, 0.000000,
                             0.000089, 4.287692,-0.000074, 1.000000;;
                          }
                          Frame Armature_index_03_r {
                            FrameTransformMatrix {
                              -0.526594, 0.850105, 0.004525, 0.000000,
                              -0.849862,-0.526299,-0.027260, 0.000000,
                              -0.020792,-0.018201, 0.999618, 0.000000,
                               0.000127, 3.393800,-0.000016, 1.000000;;
                            }
                          } // End of Armature_index_03_r
                        } // End of Armature_index_02_r
                      } // End of Armature_index_01_r
                      Frame Armature_middle_01_r {
                        FrameTransformMatrix {
                           0.051673, 0.998201,-0.030414, 0.000000,
                          -0.996743, 0.049662,-0.063541, 0.000000,
                          -0.061916, 0.033599, 0.997516, 0.000000,
                          -1.293738,12.244091,-0.571132, 1.000000;;
                        }
                        Frame Armature_middle_02_r {
                          FrameTransformMatrix {
                             0.005647, 0.999974, 0.004438, 0.000000,
                            -0.999258, 0.005474, 0.038121, 0.000000,
                             0.038096,-0.004650, 0.999263, 0.000000,
                            -0.000148, 4.640576, 0.000018, 1.000000;;
                          }
                          Frame Armature_middle_03_r {
                            FrameTransformMatrix {
                              -0.556397, 0.830916,-0.000802, 0.000000,
                              -0.830911,-0.556396,-0.003361, 0.000000,
                              -0.003239,-0.001204, 0.999994, 0.000000,
                               0.000037, 3.648921,-0.000001, 1.000000;;
                            }
                          } // End of Armature_middle_03_r
                        } // End of Armature_middle_02_r
                      } // End of Armature_middle_01_r
                      Frame Armature_pinky_01_r {
                        FrameTransformMatrix {
                          -0.033825, 0.994444,-0.099684, 0.000000,
                          -0.963720,-0.006031, 0.266847, 0.000000,
                           0.264763, 0.105094, 0.958570, 0.000000,
                          -2.263376,10.140572,-4.643091, 1.000000;;
                        }
                        Frame Armature_pinky_02_r {
                          FrameTransformMatrix {
                            -0.062834, 0.995546,-0.070281, 0.000000,
                            -0.997583,-0.064744,-0.025232, 0.000000,
                            -0.029670, 0.068526, 0.997208, 0.000000,
                            -0.000083, 3.571056,-0.000015, 1.000000;;
                          }
                          Frame Armature_pinky_03_r {
                            FrameTransformMatrix {
                              -0.621696, 0.783093,-0.016115, 0.000000,
                              -0.783222,-0.621734, 0.003131, 0.000000,
                              -0.007568, 0.014568, 0.999865, 0.000000,
                               0.000316, 2.985422,-0.000030, 1.000000;;
                            }
                          } // End of Armature_pinky_03_r
                        } // End of Armature_pinky_02_r
                      } // End of Armature_pinky_01_r
                      Frame Armature_ring_01_r {
                        FrameTransformMatrix {
                          -0.069142, 0.994622,-0.077108, 0.000000,
                          -0.979602,-0.053073, 0.193812, 0.000000,
                           0.188678, 0.088935, 0.978004, 0.000000,
                          -1.753786,11.497956,-2.846913, 1.000000;;
                        }
                        Frame Armature_ring_02_r {
                          FrameTransformMatrix {
                            -0.107286, 0.992847,-0.052382, 0.000000,
                            -0.994109,-0.107939,-0.009797, 0.000000,
                            -0.015381, 0.051023, 0.998579, 0.000000,
                             0.000082, 4.429865,-0.000014, 1.000000;;
                          }
                          Frame Armature_ring_03_r {
                            FrameTransformMatrix {
                              -0.454388, 0.890749,-0.009910, 0.000000,
                              -0.890804,-0.454358, 0.005150, 0.000000,
                               0.000085, 0.011168, 0.999938, 0.000000,
                               0.000073, 3.476664,-0.000007, 1.000000;;
                            }
                          } // End of Armature_ring_03_r
                        } // End of Armature_ring_02_r
                      } // End of Armature_ring_01_r
                      Frame Armature_thumb_01_r {
                        FrameTransformMatrix {
                           0.308644,-0.145093, 0.940046, 0.000000,
                          -0.619122, 0.719634, 0.314348, 0.000000,
                          -0.722099,-0.679025, 0.132281, 0.000000,
                          -2.375104, 4.762094, 2.537802, 1.000000;;
                        }
                        Frame Armature_thumb_02_r {
                          FrameTransformMatrix {
                             0.817188, 0.576300,-0.009090, 0.000000,
                            -0.576364, 0.816995,-0.018014, 0.000000,
                            -0.002955, 0.019960, 0.999796, 0.000000,
                             0.000106, 3.869580, 0.000053, 1.000000;;
                          }
                          Frame Armature_thumb_03_r {
                            FrameTransformMatrix {
                               0.127210, 0.989858,-0.063243, 0.000000,
                              -0.991064, 0.124268,-0.048483, 0.000000,
                              -0.040132, 0.068845, 0.996820, 0.000000,
                              -0.000013, 4.062188,-0.000001, 1.000000;;
                            }
                          } // End of Armature_thumb_03_r
                        } // End of Armature_thumb_02_r
                      } // End of Armature_thumb_01_r
                      Frame Armature_weapon_r {
                        FrameTransformMatrix {
                           0.543732, 0.837776, 0.049875, 0.000000,
                           0.030129,-0.078874, 0.996430, 0.000000,
                           0.838718,-0.540287,-0.068128, 0.000000,
                          -41.492062,-8.099224, 3.350677, 1.000000;;
                        }
                      } // End of Armature_weapon_r
                    } // End of Armature_hand_r
                    Frame Armature_lowerarm_twist_01_r {
                      FrameTransformMatrix {
                         0.955577, 0.000001,-0.294742, 0.000000,
                        -0.000002, 1.000000,-0.000002, 0.000000,
                         0.294742, 0.000002, 0.955577, 0.000000,
                         0.000041,13.999997,-0.000002, 1.000000;;
                      }
                    } // End of Armature_lowerarm_twist_01_r
                  } // End of Armature_lowerarm_r
                  Frame Armature_upperarm_twist_01_r {
                    FrameTransformMatrix {
                       0.999829, 0.000000, 0.018510, 0.000000,
                       0.000000, 1.000000,-0.000000, 0.000000,
                      -0.018510, 0.000000, 0.999829, 0.000000,
                      -0.000000, 0.499996, 0.000002, 1.000000;;
                    }
                  } // End of Armature_upperarm_twist_01_r
                } // End of Armature_upperarm_r
              } // End of Armature_clavicle_r
              Frame Armature_neck_01 {
                FrameTransformMatrix {
                   0.928611, 0.360270, 0.088807, 0.000000,
                  -0.359930, 0.932757,-0.020372, 0.000000,
                  -0.090175,-0.013046, 0.995840, 0.000000,
                  -0.355313,16.558794, 0.000001, 1.000000;;
                }
                Frame Armature_head {
                  FrameTransformMatrix {
                     0.714050,-0.699820,-0.019593, 0.000000,
                     0.700094, 0.713816, 0.018314, 0.000000,
                     0.001170,-0.026794, 0.999640, 0.000000,
                     0.364151, 9.283611,-0.000001, 1.000000;;
                  }
                } // End of Armature_head
              } // End of Armature_neck_01
            } // End of Armature_spine_03
          } // End of Armature_spine_02
        } // End of Armature_spine_01
        Frame Armature_sword_holder {
          FrameTransformMatrix {
            -0.909312, 0.370364, 0.189679, 0.000000,
            -0.355306,-0.928335, 0.109325, 0.000000,
             0.216574, 0.032017, 0.975741, 0.000000,
            13.979992,19.493002,16.301010, 1.000000;;
          }
        } // End of Armature_sword_holder
        Frame Armature_thigh_l {
          FrameTransformMatrix {
            -0.811234,-0.501029,-0.301445, 0.000000,
            -0.569379, 0.794205, 0.212241, 0.000000,
             0.133070, 0.343813,-0.929561, 0.000000,
            -1.448823, 0.531423, 9.005809, 1.000000;;
          }
          Frame Armature_calf_l {
            FrameTransformMatrix {
              -0.647821,-0.748393, 0.142254, 0.000000,
               0.742155,-0.662146,-0.103771, 0.000000,
               0.171855, 0.038350, 0.984376, 0.000000,
              -0.345301,42.409283, 0.050403, 1.000000;;
            }
            Frame Armature_calf_twist_01_l {
              FrameTransformMatrix {
                 0.995893,-0.014834, 0.089320, 0.000000,
                 0.015236, 0.999877,-0.003824, 0.000000,
                -0.089252, 0.005169, 0.995996, 0.000000,
                -0.000002,20.476786,-0.000000, 1.000000;;
              }
            } // End of Armature_calf_twist_01_l
            Frame Armature_foot_l {
              FrameTransformMatrix {
                -0.629784,-0.754107, 0.186263, 0.000000,
                -0.774086, 0.629214,-0.069860, 0.000000,
                -0.064518,-0.188180,-0.980013, 0.000000,
                 0.000908,40.196304,-0.000302, 1.000000;;
              }
              Frame Armature_ball_l {
                FrameTransformMatrix {
                   0.047433, 0.998874, 0.000192, 0.000000,
                  -0.998874, 0.047433, 0.000080, 0.000000,
                   0.000070,-0.000196, 1.000000, 0.000000,
                  -10.453836,16.577856,-0.080153, 1.000000;;
                }
              } // End of Armature_ball_l
            } // End of Armature_foot_l
          } // End of Armature_calf_l
          Frame Armature_thigh_twist_01_l {
            FrameTransformMatrix {
               0.910952,-0.000897,-0.412511, 0.000000,
               0.000983, 0.999999,-0.000004, 0.000000,
               0.412511,-0.000402, 0.910953, 0.000000,
              -0.000002,22.094234,-0.000000, 1.000000;;
            }
          } // End of Armature_thigh_twist_01_l
        } // End of Armature_thigh_l
        Frame Armature_thigh_r {
          FrameTransformMatrix {
             0.209477, 0.964305,-0.161972, 0.000000,
            -0.968638, 0.227284, 0.100413, 0.000000,
             0.133642, 0.135858, 0.981673, 0.000000,
            -1.448641, 0.531432,-9.005798, 1.000000;;
          }
          Frame Armature_calf_r {
            FrameTransformMatrix {
               0.616991, 0.786160, 0.035696, 0.000000,
              -0.782550, 0.617695,-0.077898, 0.000000,
              -0.083290, 0.020128, 0.996322, 0.000000,
               0.053209,42.405407, 0.009431, 1.000000;;
            }
            Frame Armature_calf_twist_01_r {
              FrameTransformMatrix {
                 0.999813, 0.015280, 0.011857, 0.000000,
                -0.015235, 0.999877,-0.003824, 0.000000,
                -0.011914, 0.003642, 0.999922, 0.000000,
                -0.000008,20.476912,-0.000008, 1.000000;;
              }
            } // End of Armature_calf_twist_01_r
            Frame Armature_foot_r {
              FrameTransformMatrix {
                 0.505937, 0.861145, 0.049563, 0.000000,
                 0.859609,-0.508124, 0.053683, 0.000000,
                 0.071413, 0.015445,-0.997327, 0.000000,
                 0.000439,40.196712,-0.000011, 1.000000;;
              }
              Frame Armature_ball_r {
                FrameTransformMatrix {
                   0.520361,-0.853946, 0.000572, 0.000000,
                   0.853946, 0.520361,-0.000265, 0.000000,
                  -0.000071, 0.000626, 1.000000, 0.000000,
                  10.453820,16.577795,-0.080159, 1.000000;;
                }
              } // End of Armature_ball_r
            } // End of Armature_foot_r
          } // End of Armature_calf_r
          Frame Armature_thigh_twist_01_r {
            FrameTransformMatrix {
               0.990058, 0.000974, 0.140660, 0.000000,
              -0.000983, 1.000000,-0.000002, 0.000000,
              -0.140660,-0.000136, 0.990058, 0.000000,
               0.000001,22.094257, 0.000003, 1.000000;;
            }
          } // End of Armature_thigh_twist_01_r
        } // End of Armature_thigh_r
      } // End of Armature_pelvis
    } // End of Armature_root
  } // End of Armature
} // End of Root
AnimationSet Global {
  Animation {
    {Armature}
    AnimationKey { // Rotation
      0;
      53;
      0;4;-0.707107, 0.707107, 0.000000, 0.000000;;,
      1;4;-0.707107, 0.707107, 0.000000, 0.000000;;,
      2;4;-0.707107, 0.707107, 0.000000, 0.000000;;,
      3;4;-0.707107, 0.707107, 0.000000, 0.000000;;,
      4;4;-0.707107, 0.707107, 0.000000, 0.000000;;,
      5;4;-0.707107, 0.707107, 0.000000, 0.000000;;,
      6;4;-0.707107, 0.707107, 0.000000, 0.000000;;,
      7;4;-0.707107, 0.707107, 0.000000, 0.000000;;,
      8;4;-0.707107, 0.707107, 0.000000, 0.000000;;,
      9;4;-0.707107, 0.707107, 0.000000, 0.000000;;,
      10;4;-0.707107, 0.707107, 0.000000, 0.000000;;,
      11;4;-0.707107, 0.707107, 0.000000, 0.000000;;,
      12;4;-0.707107, 0.707107, 0.000000, 0.000000;;,
      13;4;-0.707107, 0.707107, 0.000000, 0.000000;;,
      14;4;-0.707107, 0.707107, 0.000000, 0.000000;;,
      15;4;-0.707107, 0.707107, 0.000000, 0.000000;;,
      16;4;-0.707107, 0.707107, 0.000000, 0.000000;;,
      17;4;-0.707107, 0.707107, 0.000000, 0.000000;;,
      18;4;-0.707107, 0.707107, 0.000000, 0.000000;;,
      19;4;-0.707107, 0.707107, 0.000000, 0.000000;;,
      20;4;-0.707107, 0.707107, 0.000000, 0.000000;;,
      21;4;-0.707107, 0.707107, 0.000000, 0.000000;;,
      22;4;-0.707107, 0.707107, 0.000000, 0.000000;;,
      23;4;-0.707107, 0.707107, 0.000000, 0.000000;;,
      24;4;-0.707107, 0.707107, 0.000000, 0.000000;;,
      25;4;-0.707107, 0.707107, 0.000000, 0.000000;;,
      26;4;-0.707107, 0.707107, 0.000000, 0.000000;;,
      27;4;-0.707107, 0.707107, 0.000000, 0.000000;;,
      28;4;-0.707107, 0.707107, 0.000000, 0.000000;;,
      29;4;-0.707107, 0.707107, 0.000000, 0.000000;;,
      30;4;-0.707107, 0.707107, 0.000000, 0.000000;;,
      31;4;-0.707107, 0.707107, 0.000000, 0.000000;;,
      32;4;-0.707107, 0.707107, 0.000000, 0.000000;;,
      33;4;-0.707107, 0.707107, 0.000000, 0.000000;;,
      34;4;-0.707107, 0.707107, 0.000000, 0.000000;;,
      35;4;-0.707107, 0.707107, 0.000000, 0.000000;;,
      36;4;-0.707107, 0.707107, 0.000000, 0.000000;;,
      37;4;-0.707107, 0.707107, 0.000000, 0.000000;;,
      38;4;-0.707107, 0.707107, 0.000000, 0.000000;;,
      39;4;-0.707107, 0.707107, 0.000000, 0.000000;;,
      40;4;-0.707107, 0.707107, 0.000000, 0.000000;;,
      41;4;-0.707107, 0.707107, 0.000000, 0.000000;;,
      42;4;-0.707107, 0.707107, 0.000000, 0.000000;;,
      43;4;-0.707107, 0.707107, 0.000000, 0.000000;;,
      44;4;-0.707107, 0.707107, 0.000000, 0.000000;;,
      45;4;-0.707107, 0.707107, 0.000000, 0.000000;;,
      46;4;-0.707107, 0.707107, 0.000000, 0.000000;;,
      47;4;-0.707107, 0.707107, 0.000000, 0.000000;;,
      48;4;-0.707107, 0.707107, 0.000000, 0.000000;;,
      49;4;-0.707107, 0.707107, 0.000000, 0.000000;;,
      50;4;-0.707107, 0.707107, 0.000000, 0.000000;;,
      51;4;-0.707107, 0.707107, 0.000000, 0.000000;;,
      52;4;-0.707107, 0.707107, 0.000000, 0.000000;;;
    }
    AnimationKey { // Scale
      1;
      53;
      0;3; 0.010000, 0.010000, 0.010000;;,
      1;3; 0.010000, 0.010000, 0.010000;;,
      2;3; 0.010000, 0.010000, 0.010000;;,
      3;3; 0.010000, 0.010000, 0.010000;;,
      4;3; 0.010000, 0.010000, 0.010000;;,
      5;3; 0.010000, 0.010000, 0.010000;;,
      6;3; 0.010000, 0.010000, 0.010000;;,
      7;3; 0.010000, 0.010000, 0.010000;;,
      8;3; 0.010000, 0.010000, 0.010000;;,
      9;3; 0.010000, 0.010000, 0.010000;;,
      10;3; 0.010000, 0.010000, 0.010000;;,
      11;3; 0.010000, 0.010000, 0.010000;;,
      12;3; 0.010000, 0.010000, 0.010000;;,
      13;3; 0.010000, 0.010000, 0.010000;;,
      14;3; 0.010000, 0.010000, 0.010000;;,
      15;3; 0.010000, 0.010000, 0.010000;;,
      16;3; 0.010000, 0.010000, 0.010000;;,
      17;3; 0.010000, 0.010000, 0.010000;;,
      18;3; 0.010000, 0.010000, 0.010000;;,
      19;3; 0.010000, 0.010000, 0.010000;;,
      20;3; 0.010000, 0.010000, 0.010000;;,
      21;3; 0.010000, 0.010000, 0.010000;;,
      22;3; 0.010000, 0.010000, 0.010000;;,
      23;3; 0.010000, 0.010000, 0.010000;;,
      24;3; 0.010000, 0.010000, 0.010000;;,
      25;3; 0.010000, 0.010000, 0.010000;;,
      26;3; 0.010000, 0.010000, 0.010000;;,
      27;3; 0.010000, 0.010000, 0.010000;;,
      28;3; 0.010000, 0.010000, 0.010000;;,
      29;3; 0.010000, 0.010000, 0.010000;;,
      30;3; 0.010000, 0.010000, 0.010000;;,
      31;3; 0.010000, 0.010000, 0.010000;;,
      32;3; 0.010000, 0.010000, 0.010000;;,
      33;3; 0.010000, 0.010000, 0.010000;;,
      34;3; 0.010000, 0.010000, 0.010000;;,
      35;3; 0.010000, 0.010000, 0.010000;;,
      36;3; 0.010000, 0.010000, 0.010000;;,
      37;3; 0.010000, 0.010000, 0.010000;;,
      38;3; 0.010000, 0.010000, 0.010000;;,
      39;3; 0.010000, 0.010000, 0.010000;;,
      40;3; 0.010000, 0.010000, 0.010000;;,
      41;3; 0.010000, 0.010000, 0.010000;;,
      42;3; 0.010000, 0.010000, 0.010000;;,
      43;3; 0.010000, 0.010000, 0.010000;;,
      44;3; 0.010000, 0.010000, 0.010000;;,
      45;3; 0.010000, 0.010000, 0.010000;;,
      46;3; 0.010000, 0.010000, 0.010000;;,
      47;3; 0.010000, 0.010000, 0.010000;;,
      48;3; 0.010000, 0.010000, 0.010000;;,
      49;3; 0.010000, 0.010000, 0.010000;;,
      50;3; 0.010000, 0.010000, 0.010000;;,
      51;3; 0.010000, 0.010000, 0.010000;;,
      52;3; 0.010000, 0.010000, 0.010000;;;
    }
    AnimationKey { // Position
      2;
      53;
      0;3; 0.000000, 0.000000, 0.000000;;,
      1;3; 0.000000, 0.000000, 0.000000;;,
      2;3; 0.000000, 0.000000, 0.000000;;,
      3;3; 0.000000, 0.000000, 0.000000;;,
      4;3; 0.000000, 0.000000, 0.000000;;,
      5;3; 0.000000, 0.000000, 0.000000;;,
      6;3; 0.000000, 0.000000, 0.000000;;,
      7;3; 0.000000, 0.000000, 0.000000;;,
      8;3; 0.000000, 0.000000, 0.000000;;,
      9;3; 0.000000, 0.000000, 0.000000;;,
      10;3; 0.000000, 0.000000, 0.000000;;,
      11;3; 0.000000, 0.000000, 0.000000;;,
      12;3; 0.000000, 0.000000, 0.000000;;,
      13;3; 0.000000, 0.000000, 0.000000;;,
      14;3; 0.000000, 0.000000, 0.000000;;,
      15;3; 0.000000, 0.000000, 0.000000;;,
      16;3; 0.000000, 0.000000, 0.000000;;,
      17;3; 0.000000, 0.000000, 0.000000;;,
      18;3; 0.000000, 0.000000, 0.000000;;,
      19;3; 0.000000, 0.000000, 0.000000;;,
      20;3; 0.000000, 0.000000, 0.000000;;,
      21;3; 0.000000, 0.000000, 0.000000;;,
      22;3; 0.000000, 0.000000, 0.000000;;,
      23;3; 0.000000, 0.000000, 0.000000;;,
      24;3; 0.000000, 0.000000, 0.000000;;,
      25;3; 0.000000, 0.000000, 0.000000;;,
      26;3; 0.000000, 0.000000, 0.000000;;,
      27;3; 0.000000, 0.000000, 0.000000;;,
      28;3; 0.000000, 0.000000, 0.000000;;,
      29;3; 0.000000, 0.000000, 0.000000;;,
      30;3; 0.000000, 0.000000, 0.000000;;,
      31;3; 0.000000, 0.000000, 0.000000;;,
      32;3; 0.000000, 0.000000, 0.000000;;,
      33;3; 0.000000, 0.000000, 0.000000;;,
      34;3; 0.000000, 0.000000, 0.000000;;,
      35;3; 0.000000, 0.000000, 0.000000;;,
      36;3; 0.000000, 0.000000, 0.000000;;,
      37;3; 0.000000, 0.000000, 0.000000;;,
      38;3; 0.000000, 0.000000, 0.000000;;,
      39;3; 0.000000, 0.000000, 0.000000;;,
      40;3; 0.000000, 0.000000, 0.000000;;,
      41;3; 0.000000, 0.000000, 0.000000;;,
      42;3; 0.000000, 0.000000, 0.000000;;,
      43;3; 0.000000, 0.000000, 0.000000;;,
      44;3; 0.000000, 0.000000, 0.000000;;,
      45;3; 0.000000, 0.000000, 0.000000;;,
      46;3; 0.000000, 0.000000, 0.000000;;,
      47;3; 0.000000, 0.000000, 0.000000;;,
      48;3; 0.000000, 0.000000, 0.000000;;,
      49;3; 0.000000, 0.000000, 0.000000;;,
      50;3; 0.000000, 0.000000, 0.000000;;,
      51;3; 0.000000, 0.000000, 0.000000;;,
      52;3; 0.000000, 0.000000, 0.000000;;;
    }
  }
  Animation {
    {Armature_root}
    AnimationKey { // Rotation
      0;
      53;
      0;4;-1.000000, 0.000000, 0.000000, 0.000000;;,
      1;4;-1.000000, 0.000000, 0.000000, 0.000000;;,
      2;4;-1.000000, 0.000000, 0.000000, 0.000000;;,
      3;4;-1.000000, 0.000000, 0.000000, 0.000000;;,
      4;4;-1.000000, 0.000000, 0.000000, 0.000000;;,
      5;4;-1.000000, 0.000000, 0.000000, 0.000000;;,
      6;4;-1.000000, 0.000000, 0.000000, 0.000000;;,
      7;4;-1.000000, 0.000000, 0.000000, 0.000000;;,
      8;4;-1.000000, 0.000000, 0.000000, 0.000000;;,
      9;4;-1.000000, 0.000000, 0.000000, 0.000000;;,
      10;4;-1.000000, 0.000000, 0.000000, 0.000000;;,
      11;4;-1.000000, 0.000000, 0.000000, 0.000000;;,
      12;4;-1.000000, 0.000000, 0.000000, 0.000000;;,
      13;4;-1.000000, 0.000000, 0.000000, 0.000000;;,
      14;4;-1.000000, 0.000000, 0.000000, 0.000000;;,
      15;4;-1.000000, 0.000000, 0.000000, 0.000000;;,
      16;4;-1.000000, 0.000000, 0.000000, 0.000000;;,
      17;4;-1.000000, 0.000000, 0.000000, 0.000000;;,
      18;4;-1.000000, 0.000000, 0.000000, 0.000000;;,
      19;4;-1.000000, 0.000000, 0.000000, 0.000000;;,
      20;4;-1.000000, 0.000000, 0.000000, 0.000000;;,
      21;4;-1.000000, 0.000000, 0.000000, 0.000000;;,
      22;4;-1.000000, 0.000000, 0.000000, 0.000000;;,
      23;4;-1.000000, 0.000000, 0.000000, 0.000000;;,
      24;4;-1.000000, 0.000000, 0.000000, 0.000000;;,
      25;4;-1.000000, 0.000000, 0.000000, 0.000000;;,
      26;4;-1.000000, 0.000000, 0.000000, 0.000000;;,
      27;4;-1.000000, 0.000000, 0.000000, 0.000000;;,
      28;4;-1.000000, 0.000000, 0.000000, 0.000000;;,
      29;4;-1.000000, 0.000000, 0.000000, 0.000000;;,
      30;4;-1.000000, 0.000000, 0.000000, 0.000000;;,
      31;4;-1.000000, 0.000000, 0.000000, 0.000000;;,
      32;4;-1.000000, 0.000000, 0.000000, 0.000000;;,
      33;4;-1.000000, 0.000000, 0.000000, 0.000000;;,
      34;4;-1.000000, 0.000000, 0.000000, 0.000000;;,
      35;4;-1.000000, 0.000000, 0.000000, 0.000000;;,
      36;4;-1.000000, 0.000000, 0.000000, 0.000000;;,
      37;4;-1.000000, 0.000000, 0.000000, 0.000000;;,
      38;4;-1.000000, 0.000000, 0.000000, 0.000000;;,
      39;4;-1.000000, 0.000000, 0.000000, 0.000000;;,
      40;4;-1.000000, 0.000000, 0.000000, 0.000000;;,
      41;4;-1.000000, 0.000000, 0.000000, 0.000000;;,
      42;4;-1.000000, 0.000000, 0.000000, 0.000000;;,
      43;4;-1.000000, 0.000000, 0.000000, 0.000000;;,
      44;4;-1.000000, 0.000000, 0.000000, 0.000000;;,
      45;4;-1.000000, 0.000000, 0.000000, 0.000000;;,
      46;4;-1.000000, 0.000000, 0.000000, 0.000000;;,
      47;4;-1.000000, 0.000000, 0.000000, 0.000000;;,
      48;4;-1.000000, 0.000000, 0.000000, 0.000000;;,
