xof 0303txt 0032

template XSkinMeshHeader {
  <3cf169ce-ff7c-44ab-93c0-f78f62d172e2>
  WORD nMaxSkinWeightsPerVertex;
  WORD nMaxSkinWeightsPerFace;
  WORD nBones;
}

template SkinWeights {
  <6f0d123b-bad2-4167-a0d0-80224f25fabb>
  STRING transformNodeName;
  DWORD nWeights;
  array DWORD vertexIndices[nWeights];
  array float weights[nWeights];
  Matrix4x4 matrixOffset;
}

Frame Root {
  FrameTransformMatrix {
     1.000000, 0.000000, 0.000000, 0.000000,
     0.000000,-0.000000, 1.000000, 0.000000,
     0.000000, 1.000000, 0.000000, 0.000000,
     0.000000, 0.000000, 0.000000, 1.000000;;
  }
  Frame Armature {
    FrameTransformMatrix {
       0.010000, 0.000000, 0.000000, 0.000000,
       0.000000,-0.000000, 0.010000, 0.000000,
       0.000000,-0.010000,-0.000000, 0.000000,
       0.000000, 0.000000, 0.000000, 1.000000;;
    }
    Frame Armature_root {
      FrameTransformMatrix {
         1.000000, 0.000000, 0.000000, 0.000000,
         0.000000, 1.000000,-0.000000, 0.000000,
         0.000000, 0.000000, 1.000000, 0.000000,
         0.000000, 0.000000, 0.000000, 1.000000;;
      }
      Frame Armature_ik_foot_root {
        FrameTransformMatrix {
           0.000000,-0.000000,-1.000000, 0.000000,
           1.000000, 0.000000, 0.000000, 0.000000,
           0.000000,-1.000000, 0.000000, 0.000000,
           0.000000, 0.000000, 0.000000, 1.000000;;
        }
        Frame Armature_ik_foot_l {
          FrameTransformMatrix {
             0.999695, 0.021556,-0.012043, 0.000000,
            -0.011666,-0.017528,-0.999778, 0.000000,
            -0.021762, 0.999614,-0.017271, 0.000000,
            -13.964249,27.508148,-13.551297, 1.000000;;
          }
        } // End of Armature_ik_foot_l
        Frame Armature_ik_foot_r {
          FrameTransformMatrix {
            -0.262602,-0.964829, 0.012022, 0.000000,
             0.011742, 0.009263, 0.999889, 0.000000,
            -0.964833, 0.262713, 0.008897, 0.000000,
            30.855326,-11.096511,-13.472944, 1.000000;;
          }
        } // End of Armature_ik_foot_r
      } // End of Armature_ik_foot_root
      Frame Armature_ik_hand_root {
        FrameTransformMatrix {
           1.000000, 0.000000, 0.000000, 0.000000,
           0.000000, 1.000000,-0.000000, 0.000000,
           0.000000, 0.000000, 1.000000, 0.000000,
           0.000000, 0.000000, 0.000000, 1.000000;;
        }
        Frame Armature_ik_hand_gun {
          FrameTransformMatrix {
             0.522508, 0.849437,-0.073771, 0.000000,
             0.780568,-0.441738, 0.442245, 0.000000,
             0.343072,-0.288660,-0.893855, 0.000000,
            -10.814888,91.858864,-36.645115, 1.000000;;
          }
          Frame Armature_ik_hand_l {
            FrameTransformMatrix {
              -0.788773, 0.401590,-0.465362, 0.000000,
               0.582239, 0.245412,-0.775094, 0.000000,
              -0.197065,-0.882325,-0.427396, 0.000000,
              16.292917,53.343575,-38.305023, 1.000000;;
            }
          } // End of Armature_ik_hand_l
          Frame Armature_ik_hand_r {
            FrameTransformMatrix {
               1.000000, 0.000000, 0.000000, 0.000000,
              -0.000000, 1.000000,-0.000000, 0.000000,
              -0.000000, 0.000000, 1.000000, 0.000000,
               0.000006,-0.000005, 0.000003, 1.000000;;
            }
          } // End of Armature_ik_hand_r
        } // End of Armature_ik_hand_gun
      } // End of Armature_ik_hand_root
      Frame Armature_pelvis {
        FrameTransformMatrix {
           0.218265, 0.968111,-0.122969, 0.000000,
          -0.805956, 0.249872, 0.536656, 0.000000,
           0.550269,-0.018025, 0.834793, 0.000000,
           0.266242,93.183037,-2.139818, 1.000000;;
        }
        Frame Armature_spine_01 {
          FrameTransformMatrix {
             0.099223,-0.994258, 0.040057, 0.000000,
             0.993059, 0.096388,-0.067406, 0.000000,
             0.063158, 0.046467, 0.996921, 0.000000,
            10.808878, 0.851416, 0.000001, 1.000000;;
          }
          Frame Armature_spine_02 {
            FrameTransformMatrix {
               0.969008, 0.243146,-0.043638, 0.000000,
              -0.243327, 0.969944, 0.001190, 0.000000,
               0.042616, 0.009465, 0.999047, 0.000000,
               3.799579,18.803810, 0.197477, 1.000000;;
            }
            Frame Armature_spine_03 {
              FrameTransformMatrix {
                 0.996788, 0.064106,-0.047993, 0.000000,
                -0.060915, 0.996009, 0.065227, 0.000000,
                 0.051983,-0.062094, 0.996716, 0.000000,
                 0.418758,13.412362, 0.040526, 1.000000;;
              }
              Frame Armature_clavicle_l {
                FrameTransformMatrix {
                   0.889724, 0.146061,-0.432502, 0.000000,
                   0.445144,-0.067587, 0.892905, 0.000000,
                   0.101188,-0.986964,-0.125152, 0.000000,
                  -2.732090,11.883677, 3.781982, 1.000000;;
                }
                Frame Armature_upperarm_l {
                  FrameTransformMatrix {
                     0.923156, 0.362571, 0.127774, 0.000000,
                    -0.255817, 0.331290, 0.908188, 0.000000,
                     0.286952,-0.871085, 0.398584, 0.000000,
                    -0.000003,15.784872, 0.000005, 1.000000;;
                  }
                  Frame Armature_lowerarm_l {
                    FrameTransformMatrix {
                       0.897359, 0.441156,-0.011337, 0.000000,
                      -0.440408, 0.896880, 0.040581, 0.000000,
                       0.028070,-0.031422, 0.999112, 0.000000,
                      -0.000003,30.339962, 0.000011, 1.000000;;
                    }
                    Frame Armature_hand_l {
                      FrameTransformMatrix {
                         0.402300, 0.280194, 0.871577, 0.000000,
                        -0.344580, 0.928350,-0.139395, 0.000000,
                        -0.848186,-0.244249, 0.470025, 0.000000,
                         0.000000,26.975163,-0.000007, 1.000000;;
                      }
                      Frame Armature_index_01_l {
                        FrameTransformMatrix {
                           0.800536,-0.532902,-0.274148, 0.000000,
                           0.545005, 0.837627,-0.036756, 0.000000,
                           0.249221,-0.119988, 0.960985, 0.000000,
                           1.763465,12.068122, 2.109399, 1.000000;;
                        }
                        Frame Armature_index_02_l {
                          FrameTransformMatrix {
                             0.760098,-0.645651,-0.073385, 0.000000,
                             0.649748, 0.756702, 0.072320, 0.000000,
                             0.008837,-0.102652, 0.994678, 0.000000,
                            -0.000004, 4.287492, 0.000000, 1.000000;;
                          }
                          Frame Armature_index_03_l {
                            FrameTransformMatrix {
                               0.905370,-0.424186,-0.019284, 0.000000,
                               0.424089, 0.905575,-0.009033, 0.000000,
                               0.021295,-0.000000, 0.999773, 0.000000,
                              -0.000001, 3.393804,-0.000003, 1.000000;;
                            }
                          } // End of Armature_index_03_l
                        } // End of Armature_index_02_l
                      } // End of Armature_index_01_l
                      Frame Armature_middle_01_l {
                        FrameTransformMatrix {
                           0.656225,-0.752828, 0.051172, 0.000000,
                           0.747305, 0.639031,-0.182137, 0.000000,
                           0.104418, 0.157764, 0.981941, 0.000000,
                           1.293646,12.244290,-0.571162, 1.000000;;
                        }
                        Frame Armature_middle_02_l {
                          FrameTransformMatrix {
                             0.660068,-0.750857,-0.022899, 0.000000,
                             0.749197, 0.655769, 0.093120, 0.000000,
                            -0.054904,-0.078621, 0.995391, 0.000000,
                             0.000001, 4.640368, 0.000002, 1.000000;;
                          }
                          Frame Armature_middle_03_l {
                            FrameTransformMatrix {
                               0.887975,-0.459882,-0.002907, 0.000000,
                               0.459879, 0.887980,-0.001505, 0.000000,
                               0.003274,-0.000001, 0.999995, 0.000000,
                              -0.000008, 3.648849, 0.000002, 1.000000;;
                            }
                          } // End of Armature_middle_03_l
                        } // End of Armature_middle_02_l
                      } // End of Armature_middle_01_l
                      Frame Armature_pinky_01_l {
                        FrameTransformMatrix {
                           0.461877,-0.758253, 0.460133, 0.000000,
                           0.878029, 0.464264,-0.116296, 0.000000,
                          -0.125441, 0.457724, 0.880201, 0.000000,
                           2.263150,10.140667,-4.643148, 1.000000;;
                        }
                        Frame Armature_pinky_02_l {
                          FrameTransformMatrix {
                             0.497022,-0.867225,-0.029842, 0.000000,
                             0.866786, 0.497793,-0.029732, 0.000000,
                             0.040639,-0.011089, 0.999112, 0.000000,
                             0.000000, 3.570998, 0.000002, 1.000000;;
                          }
                          Frame Armature_pinky_03_l {
                            FrameTransformMatrix {
                               0.712792,-0.701356,-0.005108, 0.000000,
                               0.701338, 0.712811,-0.005025, 0.000000,
                               0.007165,-0.000001, 0.999974, 0.000000,
                              -0.000003, 2.985632,-0.000001, 1.000000;;
                            }
                          } // End of Armature_pinky_03_l
                        } // End of Armature_pinky_02_l
                      } // End of Armature_pinky_01_l
                      Frame Armature_ring_01_l {
                        FrameTransformMatrix {
                           0.459577,-0.812321, 0.359060, 0.000000,
                           0.882274, 0.463950,-0.079645, 0.000000,
                          -0.101889, 0.353392, 0.929910, 0.000000,
                           1.753525,11.497891,-2.846912, 1.000000;;
                        }
                        Frame Armature_ring_02_l {
                          FrameTransformMatrix {
                             0.846937,-0.531539,-0.012768, 0.000000,
                             0.531604, 0.846991, 0.002060, 0.000000,
                             0.009720,-0.008532, 0.999916, 0.000000,
                            -0.000001, 4.430182,-0.000002, 1.000000;;
                          }
                          Frame Armature_ring_03_l {
                            FrameTransformMatrix {
                               0.912722,-0.408580, 0.000366, 0.000000,
                               0.408580, 0.912722, 0.000163, 0.000000,
                              -0.000400, 0.000000, 1.000000, 0.000000,
                               0.000007, 3.476655,-0.000000, 1.000000;;
                            }
                          } // End of Armature_ring_03_l
                        } // End of Armature_ring_02_l
                      } // End of Armature_ring_01_l
                      Frame Armature_thumb_01_l {
                        FrameTransformMatrix {
                          -0.049888, 0.340788,-0.938816, 0.000000,
                           0.696400, 0.685661, 0.211887, 0.000000,
                           0.715918,-0.643220,-0.271531, 0.000000,
                           2.374982, 4.762034, 2.537820, 1.000000;;
                        }
                        Frame Armature_thumb_02_l {
                          FrameTransformMatrix {
                             0.994918,-0.094574,-0.034565, 0.000000,
                             0.097443, 0.990808, 0.093834, 0.000000,
                             0.025373,-0.096726, 0.994988, 0.000000,
                             0.000000, 3.869674,-0.000000, 1.000000;;
                          }
                          Frame Armature_thumb_03_l {
                            FrameTransformMatrix {
                               0.993104,-0.092366,-0.072196, 0.000000,
                               0.099652, 0.989482, 0.104857, 0.000000,
                               0.061751,-0.111328, 0.991863, 0.000000,
                               0.000002, 4.062172, 0.000001, 1.000000;;
                            }
                          } // End of Armature_thumb_03_l
                        } // End of Armature_thumb_02_l
                      } // End of Armature_thumb_01_l
                    } // End of Armature_hand_l
                    Frame Armature_lowerarm_twist_01_l {
                      FrameTransformMatrix {
                         0.976179, 0.000000,-0.216966, 0.000000,
                        -0.000000, 1.000000,-0.000000, 0.000000,
                         0.216966, 0.000000, 0.976179, 0.000000,
                         0.000002,14.000009,-0.000003, 1.000000;;
                      }
                    } // End of Armature_lowerarm_twist_01_l
                  } // End of Armature_lowerarm_l
                  Frame Armature_upperarm_twist_01_l {
                    FrameTransformMatrix {
                       0.970777, 0.000000,-0.239984, 0.000000,
                       0.000000, 1.000000, 0.000000, 0.000000,
                       0.239984,-0.000000, 0.970777, 0.000000,
                      -0.000001, 0.500027, 0.000001, 1.000000;;
                    }
                  } // End of Armature_upperarm_twist_01_l
                } // End of Armature_upperarm_l
              } // End of Armature_clavicle_l
              Frame Armature_clavicle_r {
                FrameTransformMatrix {
                  -0.945833,-0.129491,-0.297710, 0.000000,
                   0.313345,-0.124214,-0.941480, 0.000000,
                   0.084934,-0.983770, 0.158062, 0.000000,
                  -2.732107,11.883777,-3.782006, 1.000000;;
                }
                Frame Armature_upperarm_r {
                  FrameTransformMatrix {
                     0.900038,-0.415367, 0.131914, 0.000000,
                     0.070533, 0.437528, 0.896434, 0.000000,
                    -0.430066,-0.797521, 0.423089, 0.000000,
                    -0.000051,15.784751, 0.000059, 1.000000;;
                  }
                  Frame Armature_lowerarm_r {
                    FrameTransformMatrix {
                       0.876145,-0.463024,-0.134085, 0.000000,
                       0.462586, 0.885831,-0.036310, 0.000000,
                       0.135589,-0.030213, 0.990304, 0.000000,
                       0.000001,30.340052, 0.000000, 1.000000;;
                    }
                    Frame Armature_hand_r {
                      FrameTransformMatrix {
                         0.301169,-0.171616,-0.938001, 0.000000,
                         0.281015, 0.955961,-0.084676, 0.000000,
                         0.911224,-0.238090, 0.336132, 0.000000,
                        -0.000002,26.975246,-0.000012, 1.000000;;
                      }
                      Frame Armature_index_01_r {
                        FrameTransformMatrix {
                           0.907568, 0.344775, 0.239687, 0.000000,
                          -0.331480, 0.938661,-0.095066, 0.000000,
                          -0.257761, 0.006827, 0.966185, 0.000000,
                          -1.763744,12.067949, 2.109441, 1.000000;;
                        }
                        Frame Armature_index_02_r {
                          FrameTransformMatrix {
                             0.694801, 0.714807, 0.079382, 0.000000,
                            -0.719139, 0.691954, 0.063546, 0.000000,
                            -0.009506,-0.101239, 0.994817, 0.000000,
                             0.000091, 4.287691,-0.000076, 1.000000;;
                          }
                          Frame Armature_index_03_r {
                            FrameTransformMatrix {
                               0.893960, 0.447742, 0.019041, 0.000000,
                              -0.447640, 0.894163,-0.009536, 0.000000,
                              -0.021296, 0.000001, 0.999773, 0.000000,
                               0.000119, 3.393803,-0.000013, 1.000000;;
                            }
                          } // End of Armature_index_03_r
                        } // End of Armature_index_02_r
                      } // End of Armature_index_01_r
                      Frame Armature_middle_01_r {
                        FrameTransformMatrix {
                           0.835753, 0.545182, 0.065517, 0.000000,
                          -0.536456, 0.836131,-0.114456, 0.000000,
                          -0.117180, 0.060510, 0.991265, 0.000000,
                          -1.293749,12.244115,-0.571120, 1.000000;;
                        }
                        Frame Armature_middle_02_r {
                          FrameTransformMatrix {
                             0.556338, 0.829611, 0.047252, 0.000000,
                            -0.828219, 0.548997, 0.112501, 0.000000,
                             0.067391,-0.101724, 0.992528, 0.000000,
                            -0.000150, 4.640582, 0.000006, 1.000000;;
                          }
                          Frame Armature_middle_03_r {
                            FrameTransformMatrix {
                               0.900951, 0.433911, 0.002949, 0.000000,
                              -0.433909, 0.900955,-0.001420, 0.000000,
                              -0.003273,-0.000001, 0.999995, 0.000000,
                               0.000044, 3.648920,-0.000001, 1.000000;;
                            }
                          } // End of Armature_middle_03_r
                        } // End of Armature_middle_02_r
                      } // End of Armature_middle_01_r
                      Frame Armature_pinky_01_r {
                        FrameTransformMatrix {
                           0.793410, 0.499138,-0.348369, 0.000000,
                          -0.570784, 0.808909,-0.140967, 0.000000,
                           0.211437, 0.310688, 0.926697, 0.000000,
                          -2.263385,10.140597,-4.643090, 1.000000;;
                        }
                        Frame Armature_pinky_02_r {
                          FrameTransformMatrix {
                             0.517280, 0.854156, 0.053278, 0.000000,
                            -0.855285, 0.518149,-0.002972, 0.000000,
                            -0.030144,-0.044030, 0.998575, 0.000000,
                            -0.000079, 3.571059,-0.000011, 1.000000;;
                          }
                          Frame Armature_pinky_03_r {
                            FrameTransformMatrix {
                               0.643502, 0.765431, 0.004609, 0.000000,
                              -0.765411, 0.643518,-0.005483, 0.000000,
                              -0.007163, 0.000001, 0.999974, 0.000000,
                               0.000316, 2.985421,-0.000029, 1.000000;;
                            }
                          } // End of Armature_pinky_03_r
                        } // End of Armature_pinky_02_r
                      } // End of Armature_pinky_01_r
                      Frame Armature_ring_01_r {
                        FrameTransformMatrix {
                           0.737420, 0.641801,-0.210483, 0.000000,
                          -0.667022, 0.741003,-0.077434, 0.000000,
                           0.106272, 0.197498, 0.974526, 0.000000,
                          -1.753793,11.497973,-2.846910, 1.000000;;
                        }
                        Frame Armature_ring_02_r {
                          FrameTransformMatrix {
                             0.504225, 0.863303, 0.021552, 0.000000,
                            -0.863548, 0.504240, 0.005128, 0.000000,
                            -0.006441,-0.021197, 0.999755, 0.000000,
                             0.000080, 4.429874,-0.000021, 1.000000;;
                          }
                          Frame Armature_ring_03_r {
                            FrameTransformMatrix {
                               0.887357, 0.461083,-0.000356, 0.000000,
                              -0.461083, 0.887357, 0.000185, 0.000000,
                               0.000401,-0.000000, 1.000000, 0.000000,
                               0.000080, 3.476659, 0.000000, 1.000000;;
                            }
                          } // End of Armature_ring_03_r
                        } // End of Armature_ring_02_r
                      } // End of Armature_ring_01_r
                      Frame Armature_thumb_01_r {
                        FrameTransformMatrix {
                           0.232373,-0.417048, 0.878677, 0.000000,
                          -0.398989, 0.783022, 0.477163, 0.000000,
                          -0.887023,-0.461462, 0.015556, 0.000000,
                          -2.375129, 4.762125, 2.537814, 1.000000;;
                        }
                        Frame Armature_thumb_02_r {
                          FrameTransformMatrix {
                             0.915589, 0.402065, 0.006350, 0.000000,
                            -0.402111, 0.915396, 0.018898, 0.000000,
                             0.001786,-0.019856, 0.999801, 0.000000,
                             0.000110, 3.869570, 0.000053, 1.000000;;
                          }
                          Frame Armature_thumb_03_r {
                            FrameTransformMatrix {
                               0.902587, 0.428749, 0.038883, 0.000000,
                              -0.428351, 0.903424,-0.018454, 0.000000,
                              -0.043040, 0.000001, 0.999073, 0.000000,
                              -0.000001, 4.062196, 0.000000, 1.000000;;
                            }
                          } // End of Armature_thumb_03_r
                        } // End of Armature_thumb_02_r
                      } // End of Armature_thumb_01_r
                      Frame Armature_weapon_r {
                        FrameTransformMatrix {
                           0.668924,-0.080047, 0.739008, 0.000000,
                           0.250433,-0.911794,-0.325446, 0.000000,
                           0.699874, 0.402770,-0.589875, 0.000000,
                          -22.328510,-16.177015,53.894596, 1.000000;;
                        }
                      } // End of Armature_weapon_r
                    } // End of Armature_hand_r
                    Frame Armature_lowerarm_twist_01_r {
                      FrameTransformMatrix {
                         0.996887, 0.000000,-0.078848, 0.000000,
                         0.000000, 1.000000, 0.000000, 0.000000,
                         0.078847,-0.000000, 0.996887, 0.000000,
                         0.000024,14.000001,-0.000015, 1.000000;;
                      }
                    } // End of Armature_lowerarm_twist_01_r
                  } // End of Armature_lowerarm_r
                  Frame Armature_upperarm_twist_01_r {
                    FrameTransformMatrix {
                       0.922522, 0.000000,-0.385945, 0.000000,
                      -0.000000, 1.000000,-0.000000, 0.000000,
                       0.385945, 0.000000, 0.922522, 0.000000,
                      -0.000001, 0.500000,-0.000001, 1.000000;;
                    }
                  } // End of Armature_upperarm_twist_01_r
                } // End of Armature_upperarm_r
              } // End of Armature_clavicle_r
              Frame Armature_neck_01 {
                FrameTransformMatrix {
                   0.669684, 0.417751,-0.614009, 0.000000,
                  -0.406393, 0.898152, 0.167830, 0.000000,
                   0.621585, 0.137135, 0.771249, 0.000000,
                  -0.355317,16.558792,-0.000002, 1.000000;;
                }
                Frame Armature_head {
                  FrameTransformMatrix {
                     0.990519,-0.137101,-0.008721, 0.000000,
                     0.135012, 0.959771, 0.246193, 0.000000,
                    -0.025383,-0.245037, 0.969182, 0.000000,
                     0.364154, 9.283613, 0.000001, 1.000000;;
                  }
                } // End of Armature_head
              } // End of Armature_neck_01
            } // End of Armature_spine_03
          } // End of Armature_spine_02
        } // End of Armature_spine_01
        Frame Armature_sword_holder {
          FrameTransformMatrix {
            -0.909316, 0.370363, 0.189678, 0.000000,
            -0.355306,-0.928335, 0.109325, 0.000000,
             0.216575, 0.032017, 0.975741, 0.000000,
            13.979992,19.492996,16.301003, 1.000000;;
          }
        } // End of Armature_sword_holder
        Frame Armature_thigh_l {
          FrameTransformMatrix {
            -0.159040,-0.513038,-0.843504, 0.000000,
            -0.859693,-0.348114, 0.373823, 0.000000,
            -0.485421, 0.784607,-0.385691, 0.000000,
            -1.448827, 0.531420, 9.005810, 1.000000;;
          }
          Frame Armature_calf_l {
            FrameTransformMatrix {
               0.957042,-0.274610,-0.093062, 0.000000,
               0.276409, 0.961016, 0.006770, 0.000000,
               0.087575,-0.032202, 0.995637, 0.000000,
               0.001573,42.536961, 0.000147, 1.000000;;
            }
            Frame Armature_calf_twist_01_l {
              FrameTransformMatrix {
                 0.999841,-0.015271,-0.009270, 0.000000,
                 0.015236, 0.999877,-0.003824, 0.000000,
                 0.009327, 0.003682, 0.999950, 0.000000,
                -0.000003,20.476784, 0.000002, 1.000000;;
              }
            } // End of Armature_calf_twist_01_l
            Frame Armature_foot_l {
              FrameTransformMatrix {
                 0.013326,-0.970282,-0.241611, 0.000000,
                -0.995243,-0.036194, 0.090459, 0.000000,
                -0.096516, 0.239256,-0.966147, 0.000000,
                 0.000159,40.196686, 0.000190, 1.000000;;
              }
              Frame Armature_ball_l {
                FrameTransformMatrix {
                   0.024622, 0.999697, 0.000147, 0.000000,
                  -0.999697, 0.024622, 0.000077, 0.000000,
                   0.000073,-0.000149, 1.000000, 0.000000,
                  -10.453840,16.577852,-0.080155, 1.000000;;
                }
              } // End of Armature_ball_l
            } // End of Armature_foot_l
          } // End of Armature_calf_l
          Frame Armature_thigh_twist_01_l {
            FrameTransformMatrix {
               0.502482,-0.000497,-0.864587, 0.000000,
               0.000983, 1.000000,-0.000004, 0.000000,
               0.864587,-0.000848, 0.502483, 0.000000,
               0.000001,22.094250, 0.000001, 1.000000;;
            }
          } // End of Armature_thigh_twist_01_l
        } // End of Armature_thigh_l
        Frame Armature_thigh_r {
          FrameTransformMatrix {
            -0.096000, 0.949809,-0.297737, 0.000000,
            -0.938464,-0.186065,-0.290973, 0.000000,
            -0.331767, 0.251482, 0.909223, 0.000000,
            -1.448638, 0.531423,-9.005804, 1.000000;;
          }
          Frame Armature_calf_r {
            FrameTransformMatrix {
               0.948095, 0.304614, 0.091253, 0.000000,
              -0.306045, 0.952015, 0.001775, 0.000000,
              -0.086333,-0.029611, 0.995826, 0.000000,
              -0.001153,42.529808, 0.000286, 1.000000;;
            }
            Frame Armature_calf_twist_01_r {
              FrameTransformMatrix {
                 0.997999, 0.014972,-0.061438, 0.000000,
                -0.015235, 0.999876,-0.003825, 0.000000,
                 0.061373, 0.004753, 0.998103, 0.000000,
                -0.000000,20.476917, 0.000003, 1.000000;;
              }
            } // End of Armature_calf_twist_01_r
            Frame Armature_foot_r {
              FrameTransformMatrix {
                 0.160395, 0.954729, 0.250531, 0.000000,
                 0.986894,-0.150562,-0.058062, 0.000000,
                -0.017713, 0.256561,-0.966366, 0.000000,
                 0.000004,40.196815, 0.000227, 1.000000;;
              }
              Frame Armature_ball_r {
                FrameTransformMatrix {
                  -0.002068,-0.999998, 0.000576, 0.000000,
                   0.999998,-0.002068, 0.000073, 0.000000,
                  -0.000072, 0.000577, 1.000000, 0.000000,
                  10.453817,16.577801,-0.080157, 1.000000;;
                }
              } // End of Armature_ball_r
            } // End of Armature_foot_r
          } // End of Armature_calf_r
          Frame Armature_thigh_twist_01_r {
            FrameTransformMatrix {
               0.971316, 0.000956, 0.237789, 0.000000,
              -0.000983, 1.000000,-0.000003, 0.000000,
              -0.237789,-0.000231, 0.971317, 0.000000,
               0.000001,22.094238,-0.000000, 1.000000;;
            }
          } // End of Armature_thigh_twist_01_r
        } // End of Armature_thigh_r
      } // End of Armature_pelvis
    } // End of Armature_root
  } // End of Armature
} // End of Root
AnimationSet Global {
  Animation {
    {Armature}
    AnimationKey { // Rotation
      0;
      102;
      0;4;-0.707107, 0.707107, 0.000000, 0.000000;;,
      1;4;-0.707107, 0.707107, 0.000000, 0.000000;;,
      2;4;-0.707107, 0.707107, 0.000000, 0.000000;;,
      3;4;-0.707107, 0.707107, 0.000000, 0.000000;;,
      4;4;-0.707107, 0.707107, 0.000000, 0.000000;;,
      5;4;-0.707107, 0.707107, 0.000000, 0.000000;;,
      6;4;-0.707107, 0.707107, 0.000000, 0.000000;;,
      7;4;-0.707107, 0.707107, 0.000000, 0.000000;;,
      8;4;-0.707107, 0.707107, 0.000000, 0.000000;;,
      9;4;-0.707107, 0.707107, 0.000000, 0.000000;;,
      10;4;-0.707107, 0.707107, 0.000000, 0.000000;;,
      11;4;-0.707107, 0.707107, 0.000000, 0.000000;;,
      12;4;-0.707107, 0.707107, 0.000000, 0.000000;;,
      13;4;-0.707107, 0.707107, 0.000000, 0.000000;;,
      14;4;-0.707107, 0.707107, 0.000000, 0.000000;;,
      15;4;-0.707107, 0.707107, 0.000000, 0.000000;;,
      16;4;-0.707107, 0.707107, 0.000000, 0.000000;;,
      17;4;-0.707107, 0.707107, 0.000000, 0.000000;;,
      18;4;-0.707107, 0.707107, 0.000000, 0.000000;;,
      19;4;-0.707107, 0.707107, 0.000000, 0.000000;;,
      20;4;-0.707107, 0.707107, 0.000000, 0.000000;;,
      21;4;-0.707107, 0.707107, 0.000000, 0.000000;;,
      22;4;-0.707107, 0.707107, 0.000000, 0.000000;;,
      23;4;-0.707107, 0.707107, 0.000000, 0.000000;;,
      24;4;-0.707107, 0.707107, 0.000000, 0.000000;;,
      25;4;-0.707107, 0.707107, 0.000000, 0.000000;;,
      26;4;-0.707107, 0.707107, 0.000000, 0.000000;;,
      27;4;-0.707107, 0.707107, 0.000000, 0.000000;;,
      28;4;-0.707107, 0.707107, 0.000000, 0.000000;;,
      29;4;-0.707107, 0.707107, 0.000000, 0.000000;;,
      30;4;-0.707107, 0.707107, 0.000000, 0.000000;;,
      31;4;-0.707107, 0.707107, 0.000000, 0.000000;;,
      32;4;-0.707107, 0.707107, 0.000000, 0.000000;;,
      33;4;-0.707107, 0.707107, 0.000000, 0.000000;;,
      34;4;-0.707107, 0.707107, 0.000000, 0.000000;;,
      35;4;-0.707107, 0.707107, 0.000000, 0.000000;;,
      36;4;-0.707107, 0.707107, 0.000000, 0.000000;;,
      37;4;-0.707107, 0.707107, 0.000000, 0.000000;;,
      38;4;-0.707107, 0.707107, 0.000000, 0.000000;;,
      39;4;-0.707107, 0.707107, 0.000000, 0.000000;;,
      40;4;-0.707107, 0.707107, 0.000000, 0.000000;;,
      41;4;-0.707107, 0.707107, 0.000000, 0.000000;;,
      42;4;-0.707107, 0.707107, 0.000000, 0.000000;;,
      43;4;-0.707107, 0.707107, 0.000000, 0.000000;;,
      44;4;-0.707107, 0.707107, 0.000000, 0.000000;;,
      45;4;-0.707107, 0.707107, 0.000000, 0.000000;;,
      46;4;-0.707107, 0.707107, 0.000000, 0.000000;;,
      47;4;-0.707107, 0.707107, 0.000000, 0.000000;;,
      48;4;-0.707107, 0.707107, 0.000000, 0.000000;;,
      49;4;-0.707107, 0.707107, 0.000000, 0.000000;;,
      50;4;-0.707107, 0.707107, 0.000000, 0.000000;;,
      51;4;-0.707107, 0.707107, 0.000000, 0.000000;;,
      52;4;-0.707107, 0.707107, 0.000000, 0.000000;;,
      53;4;-0.707107, 0.707107, 0.000000, 0.000000;;,
      54;4;-0.707107, 0.707107, 0.000000, 0.000000;;,
      55;4;-0.707107, 0.707107, 0.000000, 0.000000;;,
      56;4;-0.707107, 0.707107, 0.000000, 0.000000;;,
      57;4;-0.707107, 0.707107, 0.000000, 0.000000;;,
      58;4;-0.707107, 0.707107, 0.000000, 0.000000;;,
      59;4;-0.707107, 0.707107, 0.000000, 0.000000;;,
      60;4;-0.707107, 0.707107, 0.000000, 0.000000;;,
      61;4;-0.707107, 0.707107, 0.000000, 0.000000;;,
      62;4;-0.707107, 0.707107, 0.000000, 0.000000;;,
      63;4;-0.707107, 0.707107, 0.000000, 0.000000;;,
      64;4;-0.707107, 0.707107, 0.000000, 0.000000;;,
      65;4;-0.707107, 0.707107, 0.000000, 0.000000;;,
      66;4;-0.707107, 0.707107, 0.000000, 0.000000;;,
      67;4;-0.707107, 0.707107, 0.000000, 0.000000;;,
      68;4;-0.707107, 0.707107, 0.000000, 0.000000;;,
      69;4;-0.707107, 0.707107, 0.000000, 0.000000;;,
      70;4;-0.707107, 0.707107, 0.000000, 0.000000;;,
      71;4;-0.707107, 0.707107, 0.000000, 0.000000;;,
      72;4;-0.707107, 0.707107, 0.000000, 0.000000;;,
      73;4;-0.707107, 0.707107, 0.000000, 0.000000;;,
      74;4;-0.707107, 0.707107, 0.000000, 0.000000;;,
      75;4;-0.707107, 0.707107, 0.000000, 0.000000;;,
      76;4;-0.707107, 0.707107, 0.000000, 0.000000;;,
      77;4;-0.707107, 0.707107, 0.000000, 0.000000;;,
      78;4;-0.707107, 0.707107, 0.000000, 0.000000;;,
      79;4;-0.707107, 0.707107, 0.000000, 0.000000;;,
      80;4;-0.707107, 0.707107, 0.000000, 0.000000;;,
      81;4;-0.707107, 0.707107, 0.000000, 0.000000;;,
      82;4;-0.707107, 0.707107, 0.000000, 0.000000;;,
      83;4;-0.707107, 0.707107, 0.000000, 0.000000;;,
      84;4;-0.707107, 0.707107, 0.000000, 0.000000;;,
      85;4;-0.707107, 0.707107, 0.000000, 0.000000;;,
      86;4;-0.707107, 0.707107, 0.000000, 0.000000;;,
      87;4;-0.707107, 0.707107, 0.000000, 0.000000;;,
      88;4;-0.707107, 0.707107, 0.000000, 0.000000;;,
      89;4;-0.707107, 0.707107, 0.000000, 0.000000;;,
      90;4;-0.707107, 0.707107, 0.000000, 0.000000;;,
      91;4;-0.707107, 0.707107, 0.000000, 0.000000;;,
      92;4;-0.707107, 0.707107, 0.000000, 0.000000;;,
      93;4;-0.707107, 0.707107, 0.000000, 0.000000;;,
      94;4;-0.707107, 0.707107, 0.000000, 0.000000;;,
      95;4;-0.707107, 0.707107, 0.000000, 0.000000;;,
      96;4;-0.707107, 0.707107, 0.000000, 0.000000;;,
      97;4;-0.707107, 0.707107, 0.000000, 0.000000;;,
      98;4;-0.707107, 0.707107, 0.000000, 0.000000;;,
      99;4;-0.707107, 0.707107, 0.000000, 0.000000;;,
      100;4;-0.707107, 0.707107, 0.000000, 0.000000;;,
      101;4;-0.707107, 0.707107, 0.000000, 0.000000;;;
    }
    AnimationKey { // Scale
      1;
      102;
      0;3; 0.010000, 0.010000, 0.010000;;,
      1;3; 0.010000, 0.010000, 0.010000;;,
      2;3; 0.010000, 0.010000, 0.010000;;,
      3;3; 0.010000, 0.010000, 0.010000;;,
      4;3; 0.010000, 0.010000, 0.010000;;,
      5;3; 0.010000, 0.010000, 0.010000;;,
      6;3; 0.010000, 0.010000, 0.010000;;,
      7;3; 0.010000, 0.010000, 0.010000;;,
      8;3; 0.010000, 0.010000, 0.010000;;,
      9;3; 0.010000, 0.010000, 0.010000;;,
      10;3; 0.010000, 0.010000, 0.010000;;,
      11;3; 0.010000, 0.010000, 0.010000;;,
      12;3; 0.010000, 0.010000, 0.010000;;,
      13;3; 0.010000, 0.010000, 0.010000;;,
      14;3; 0.010000, 0.010000, 0.010000;;,
      15;3; 0.010000, 0.010000, 0.010000;;,
      16;3; 0.010000, 0.010000, 0.010000;;,
      17;3; 0.010000, 0.010000, 0.010000;;,
      18;3; 0.010000, 0.010000, 0.010000;;,
      19;3; 0.010000, 0.010000, 0.010000;;,
      20;3; 0.010000, 0.010000, 0.010000;;,
      21;3; 0.010000, 0.010000, 0.010000;;,
      22;3; 0.010000, 0.010000, 0.010000;;,
      23;3; 0.010000, 0.010000, 0.010000;;,
      24;3; 0.010000, 0.010000, 0.010000;;,
      25;3; 0.010000, 0.010000, 0.010000;;,
      26;3; 0.010000, 0.010000, 0.010000;;,
      27;3; 0.010000, 0.010000, 0.010000;;,
      28;3; 0.010000, 0.010000, 0.010000;;,
      29;3; 0.010000, 0.010000, 0.010000;;,
      30;3; 0.010000, 0.010000, 0.010000;;,
      31;3; 0.010000, 0.010000, 0.010000;;,
      32;3; 0.010000, 0.010000, 0.010000;;,
      33;3; 0.010000, 0.010000, 0.010000;;,
      34;3; 0.010000, 0.010000, 0.010000;;,
      35;3; 0.010000, 0.010000, 0.010000;;,
      36;3; 0.010000, 0.010000, 0.010000;;,
      37;3; 0.010000, 0.010000, 0.010000;;,
      38;3; 0.010000, 0.010000, 0.010000;;,
      39;3; 0.010000, 0.010000, 0.010000;;,
      40;3; 0.010000, 0.010000, 0.010000;;,
      41;3; 0.010000, 0.010000, 0.010000;;,
      42;3; 0.010000, 0.010000, 0.010000;;,
      43;3; 0.010000, 0.010000, 0.010000;;,
      44;3; 0.010000, 0.010000, 0.010000;;,
      45;3; 0.010000, 0.010000, 0.010000;;,
      46;3; 0.010000, 0.010000, 0.010000;;,
      47;3; 0.010000, 0.010000, 0.010000;;,
      48;3; 0.010000, 0.010000, 0.010000;;,
      49;3; 0.010000, 0.010000, 0.010000;;,
      50;3; 0.010000, 0.010000, 0.010000;;,
      51;3; 0.010000, 0.010000, 0.010000;;,
      52;3; 0.010000, 0.010000, 0.010000;;,
      53;3; 0.010000, 0.010000, 0.010000;;,
      54;3; 0.010000, 0.010000, 0.010000;;,
      55;3; 0.010000, 0.010000, 0.010000;;,
      56;3; 0.010000, 0.010000, 0.010000;;,
      57;3; 0.010000, 0.010000, 0.010000;;,
      58;3; 0.010000, 0.010000, 0.010000;;,
      59;3; 0.010000, 0.010000, 0.010000;;,
      60;3; 0.010000, 0.010000, 0.010000;;,
      61;3; 0.010000, 0.010000, 0.010000;;,
      62;3; 0.010000, 0.010000, 0.010000;;,
      63;3; 0.010000, 0.010000, 0.010000;;,
      64;3; 0.010000, 0.010000, 0.010000;;,
      65;3; 0.010000, 0.010000, 0.010000;;,
      66;3; 0.010000, 0.010000, 0.010000;;,
      67;3; 0.010000, 0.010000, 0.010000;;,
      68;3; 0.010000, 0.010000, 0.010000;;,
      69;3; 0.010000, 0.010000, 0.010000;;,
      70;3; 0.010000, 0.010000, 0.010000;;,
      71;3; 0.010000, 0.010000, 0.010000;;,
      72;3; 0.010000, 0.010000, 0.010000;;,
      73;3; 0.010000, 0.010000, 0.010000;;,
      74;3; 0.010000, 0.010000, 0.010000;;,
      75;3; 0.010000, 0.010000, 0.010000;;,
      76;3; 0.010000, 0.010000, 0.010000;;,
      77;3; 0.010000, 0.010000, 0.010000;;,
      78;3; 0.010000, 0.010000, 0.010000;;,
      79;3; 0.010000, 0.010000, 0.010000;;,
      80;3; 0.010000, 0.010000, 0.010000;;,
      81;3; 0.010000, 0.010000, 0.010000;;,
      82;3; 0.010000, 0.010000, 0.010000;;,
      83;3; 0.010000, 0.010000, 0.010000;;,
      84;3; 0.010000, 0.010000, 0.010000;;,
      85;3; 0.010000, 0.010000, 0.010000;;,
      86;3; 0.010000, 0.010000, 0.010000;;,
      87;3; 0.010000, 0.010000, 0.010000;;,
      88;3; 0.010000, 0.010000, 0.010000;;,
      89;3; 0.010000, 0.010000, 0.010000;;,
      90;3; 0.010000, 0.010000, 0.010000;;,
      91;3; 0.010000, 0.010000, 0.010000;;,
      92;3; 0.010000, 0.010000, 0.010000;;,
      93;3; 0.010000, 0.010000, 0.010000;;,
      94;3; 0.010000, 0.010000, 0.010000;;,
      95;3; 0.010000, 0.010000, 0.010000;;,
      96;3; 0.010000, 0.010000, 0.010000;;,
      97;3; 0.010000, 0.010000, 0.010000;;,
      98;3; 0.010000, 0.010000, 0.010000;;,
      99;3; 0.010000, 0.010000, 0.010000;;,
      100;3; 0.010000, 0.010000, 0.010000;;,
      101;3; 0.010000, 0.010000, 0.010000;;;
    }
    AnimationKey { // Position
      2;
      102;
      0;3; 0.000000, 0.000000, 0.000000;;,
      1;3; 0.000000, 0.000000, 0.000000;;,
      2;3; 0.000000, 0.000000, 0.000000;;,
      3;3; 0.000000, 0.000000, 0.000000;;,
      4;3; 0.000000, 0.000000, 0.000000;;,
      5;3; 0.000000, 0.000000, 0.000000;;,
