xof 0303txt 0032

template XSkinMeshHeader {
  <3cf169ce-ff7c-44ab-93c0-f78f62d172e2>
  WORD nMaxSkinWeightsPerVertex;
  WORD nMaxSkinWeightsPerFace;
  WORD nBones;
}

template SkinWeights {
  <6f0d123b-bad2-4167-a0d0-80224f25fabb>
  STRING transformNodeName;
  DWORD nWeights;
  array DWORD vertexIndices[nWeights];
  array float weights[nWeights];
  Matrix4x4 matrixOffset;
}

Frame Root {
  FrameTransformMatrix {
     1.000000, 0.000000, 0.000000, 0.000000,
     0.000000,-0.000000, 1.000000, 0.000000,
     0.000000, 1.000000, 0.000000, 0.000000,
     0.000000, 0.000000, 0.000000, 1.000000;;
  }
  Frame Armature {
    FrameTransformMatrix {
       0.010000, 0.000000, 0.000000, 0.000000,
       0.000000,-0.000000, 0.010000, 0.000000,
       0.000000,-0.010000,-0.000000, 0.000000,
       0.000000, 0.000000, 0.000000, 1.000000;;
    }
    Frame Armature_root {
      FrameTransformMatrix {
         1.000000, 0.000000, 0.000000, 0.000000,
         0.000000, 1.000000,-0.000000, 0.000000,
         0.000000, 0.000000, 1.000000, 0.000000,
         0.000000, 0.000000, 0.000000, 1.000000;;
      }
      Frame Armature_ik_foot_root {
        FrameTransformMatrix {
           0.000000,-0.000000,-1.000000, 0.000000,
           1.000000, 0.000000, 0.000000, 0.000000,
           0.000000,-1.000000, 0.000000, 0.000000,
           0.000000, 0.000000, 0.000000, 1.000000;;
        }
        Frame Armature_ik_foot_l {
          FrameTransformMatrix {
             0.999695, 0.021556,-0.012043, 0.000000,
            -0.011666,-0.017528,-0.999778, 0.000000,
            -0.021762, 0.999614,-0.017272, 0.000000,
            -13.964248,27.508150,-13.551298, 1.000000;;
          }
        } // End of Armature_ik_foot_l
        Frame Armature_ik_foot_r {
          FrameTransformMatrix {
            -0.262105,-0.964965, 0.012019, 0.000000,
             0.011743, 0.009264, 0.999888, 0.000000,
            -0.964968, 0.262217, 0.008903, 0.000000,
            30.855318,-11.096510,-13.472980, 1.000000;;
          }
        } // End of Armature_ik_foot_r
      } // End of Armature_ik_foot_root
      Frame Armature_ik_hand_root {
        FrameTransformMatrix {
           1.000000, 0.000000, 0.000000, 0.000000,
           0.000000, 1.000000, 0.000000, 0.000000,
           0.000000,-0.000000, 1.000000, 0.000000,
           0.000000, 0.000000, 0.000000, 1.000000;;
        }
        Frame Armature_ik_hand_gun {
          FrameTransformMatrix {
            -0.815358, 0.405455,-0.413277, 0.000000,
             0.250611,-0.396318,-0.883248, 0.000000,
            -0.521906,-0.823735, 0.221529, 0.000000,
             3.204861,117.021606,15.130107, 1.000000;;
          }
          Frame Armature_ik_hand_l {
            FrameTransformMatrix {
              -0.657458,-0.362951, 0.660315, 0.000000,
              -0.737083, 0.491682,-0.463635, 0.000000,
              -0.156388,-0.791528,-0.590785, 0.000000,
              -46.443802,25.480179,-8.683170, 1.000000;;
            }
          } // End of Armature_ik_hand_l
          Frame Armature_ik_hand_r {
            FrameTransformMatrix {
               1.000000,-0.000000,-0.000000, 0.000000,
               0.000000, 1.000000,-0.000000, 0.000000,
               0.000000, 0.000000, 1.000000, 0.000000,
               0.000002,-0.000010,-0.000002, 1.000000;;
            }
          } // End of Armature_ik_hand_r
        } // End of Armature_ik_hand_gun
      } // End of Armature_ik_hand_root
      Frame Armature_pelvis {
        FrameTransformMatrix {
           0.219174, 0.965482,-0.140740, 0.000000,
          -0.529624, 0.238874, 0.813902, 0.000000,
           0.819427,-0.103847, 0.563698, 0.000000,
           1.791487,92.396469,-2.139816, 1.000000;;
        }
        Frame Armature_spine_01 {
          FrameTransformMatrix {
             0.080902,-0.995984, 0.038347, 0.000000,
             0.990856, 0.076198,-0.111345, 0.000000,
             0.107976, 0.047005, 0.993042, 0.000000,
            10.808852, 0.851411,-0.000003, 1.000000;;
          }
          Frame Armature_spine_02 {
            FrameTransformMatrix {
               0.948213, 0.256097,-0.187901, 0.000000,
              -0.255752, 0.966379, 0.026498, 0.000000,
               0.188370, 0.022931, 0.981830, 0.000000,
               3.735357,18.802418, 0.764679, 1.000000;;
            }
            Frame Armature_spine_03 {
              FrameTransformMatrix {
                 0.951479, 0.240417,-0.192058, 0.000000,
                -0.190572, 0.950444, 0.245639, 0.000000,
                 0.241596,-0.197119, 0.950145, 0.000000,
                 0.387355,13.412044, 0.164152, 1.000000;;
              }
              Frame Armature_clavicle_l {
                FrameTransformMatrix {
                   0.889724, 0.146062,-0.432502, 0.000000,
                   0.445144,-0.067587, 0.892905, 0.000000,
                   0.101188,-0.986964,-0.125152, 0.000000,
                  -2.732084,11.883705, 3.781983, 1.000000;;
                }
                Frame Armature_upperarm_l {
                  FrameTransformMatrix {
                     0.740086, 0.667293, 0.083621, 0.000000,
                    -0.594047, 0.590378, 0.546408, 0.000000,
                     0.315246,-0.454064, 0.833334, 0.000000,
                     0.000006,15.784865,-0.000015, 1.000000;;
                  }
                  Frame Armature_lowerarm_l {
                    FrameTransformMatrix {
                       0.876666, 0.481006,-0.009467, 0.000000,
                      -0.480286, 0.876159, 0.040879, 0.000000,
                       0.027958,-0.031290, 0.999119, 0.000000,
                      -0.000002,30.339951, 0.000000, 1.000000;;
                    }
                    Frame Armature_hand_l {
                      FrameTransformMatrix {
                         0.402301, 0.280193, 0.871577, 0.000000,
                        -0.344580, 0.928350,-0.139394, 0.000000,
                        -0.848186,-0.244249, 0.470025, 0.000000,
                         0.000005,26.975159,-0.000010, 1.000000;;
                      }
                      Frame Armature_index_01_l {
                        FrameTransformMatrix {
                           0.800537,-0.532902,-0.274146, 0.000000,
                           0.545005, 0.837627,-0.036756, 0.000000,
                           0.249219,-0.119987, 0.960985, 0.000000,
                           1.763465,12.068119, 2.109399, 1.000000;;
                        }
                        Frame Armature_index_02_l {
                          FrameTransformMatrix {
                             0.760098,-0.645651,-0.073391, 0.000000,
                             0.649749, 0.756701, 0.072317, 0.000000,
                             0.008844,-0.102654, 0.994678, 0.000000,
                             0.000001, 4.287495,-0.000004, 1.000000;;
                          }
                          Frame Armature_index_03_l {
                            FrameTransformMatrix {
                               0.905370,-0.424185,-0.019276, 0.000000,
                               0.424089, 0.905575,-0.009029, 0.000000,
                               0.021286,-0.000000, 0.999773, 0.000000,
                               0.000000, 3.393796, 0.000005, 1.000000;;
                            }
                          } // End of Armature_index_03_l
                        } // End of Armature_index_02_l
                      } // End of Armature_index_01_l
                      Frame Armature_middle_01_l {
                        FrameTransformMatrix {
                           0.656226,-0.752827, 0.051176, 0.000000,
                           0.747305, 0.639032,-0.182136, 0.000000,
                           0.104414, 0.157766, 0.981941, 0.000000,
                           1.293646,12.244282,-0.571158, 1.000000;;
                        }
                        Frame Armature_middle_02_l {
                          FrameTransformMatrix {
                             0.660066,-0.750858,-0.022902, 0.000000,
                             0.749199, 0.655767, 0.093117, 0.000000,
                            -0.054899,-0.078622, 0.995392, 0.000000,
                            -0.000001, 4.640374,-0.000001, 1.000000;;
                          }
                          Frame Armature_middle_03_l {
                            FrameTransformMatrix {
                               0.887977,-0.459878,-0.002907, 0.000000,
                               0.459875, 0.887982,-0.001505, 0.000000,
                               0.003274,-0.000000, 0.999995, 0.000000,
                               0.000003, 3.648831, 0.000002, 1.000000;;
                            }
                          } // End of Armature_middle_03_l
                        } // End of Armature_middle_02_l
                      } // End of Armature_middle_01_l
                      Frame Armature_pinky_01_l {
                        FrameTransformMatrix {
                           0.461877,-0.758253, 0.460133, 0.000000,
                           0.878029, 0.464264,-0.116295, 0.000000,
                          -0.125442, 0.457724, 0.880201, 0.000000,
                           2.263157,10.140675,-4.643147, 1.000000;;
                        }
                        Frame Armature_pinky_02_l {
                          FrameTransformMatrix {
                             0.497024,-0.867223,-0.029841, 0.000000,
                             0.866785, 0.497796,-0.029732, 0.000000,
                             0.040639,-0.011089, 0.999112, 0.000000,
                            -0.000003, 3.570987, 0.000005, 1.000000;;
                          }
                          Frame Armature_pinky_03_l {
                            FrameTransformMatrix {
                               0.712790,-0.701359,-0.005108, 0.000000,
                               0.701341, 0.712808,-0.005026, 0.000000,
                               0.007166,-0.000000, 0.999974, 0.000000,
                               0.000002, 2.985627,-0.000002, 1.000000;;
                            }
                          } // End of Armature_pinky_03_l
                        } // End of Armature_pinky_02_l
                      } // End of Armature_pinky_01_l
                      Frame Armature_ring_01_l {
                        FrameTransformMatrix {
                           0.459577,-0.812319, 0.359065, 0.000000,
                           0.882273, 0.463951,-0.079643, 0.000000,
                          -0.101893, 0.353395, 0.929908, 0.000000,
                           1.753533,11.497891,-2.846906, 1.000000;;
                        }
                        Frame Armature_ring_02_l {
                          FrameTransformMatrix {
                             0.846938,-0.531538,-0.012775, 0.000000,
                             0.531603, 0.846991, 0.002056, 0.000000,
                             0.009728,-0.008532, 0.999916, 0.000000,
                            -0.000003, 4.430190, 0.000002, 1.000000;;
                          }
                          Frame Armature_ring_03_l {
                            FrameTransformMatrix {
                               0.912721,-0.408583, 0.000369, 0.000000,
                               0.408583, 0.912721, 0.000166, 0.000000,
                              -0.000405,-0.000000, 1.000000, 0.000000,
                              -0.000005, 3.476660,-0.000000, 1.000000;;
                            }
                          } // End of Armature_ring_03_l
                        } // End of Armature_ring_02_l
                      } // End of Armature_ring_01_l
                      Frame Armature_thumb_01_l {
                        FrameTransformMatrix {
                          -0.049887, 0.340786,-0.938816, 0.000000,
                           0.696399, 0.685662, 0.211886, 0.000000,
                           0.715918,-0.643220,-0.271529, 0.000000,
                           2.374987, 4.762040, 2.537819, 1.000000;;
                        }
                        Frame Armature_thumb_02_l {
                          FrameTransformMatrix {
                             0.994918,-0.094572,-0.034567, 0.000000,
                             0.097442, 0.990808, 0.093834, 0.000000,
                             0.025375,-0.096725, 0.994988, 0.000000,
                            -0.000005, 3.869689,-0.000002, 1.000000;;
                          }
                          Frame Armature_thumb_03_l {
                            FrameTransformMatrix {
                               0.993104,-0.092366,-0.072205, 0.000000,
                               0.099653, 0.989482, 0.104857, 0.000000,
                               0.061760,-0.111329, 0.991863, 0.000000,
                               0.000001, 4.062166, 0.000000, 1.000000;;
                            }
                          } // End of Armature_thumb_03_l
                        } // End of Armature_thumb_02_l
                      } // End of Armature_thumb_01_l
                    } // End of Armature_hand_l
                    Frame Armature_lowerarm_twist_01_l {
                      FrameTransformMatrix {
                         0.976179, 0.000000,-0.216967, 0.000000,
                        -0.000000, 1.000000, 0.000000, 0.000000,
                         0.216966,-0.000000, 0.976179, 0.000000,
                         0.000002,14.000010,-0.000006, 1.000000;;
                      }
                    } // End of Armature_lowerarm_twist_01_l
                  } // End of Armature_lowerarm_l
                  Frame Armature_upperarm_twist_01_l {
                    FrameTransformMatrix {
                       0.996098, 0.000000,-0.088253, 0.000000,
                      -0.000000, 1.000000, 0.000000, 0.000000,
                       0.088253,-0.000000, 0.996098, 0.000000,
                       0.000002, 0.500012,-0.000001, 1.000000;;
                    }
                  } // End of Armature_upperarm_twist_01_l
                } // End of Armature_upperarm_l
              } // End of Armature_clavicle_l
              Frame Armature_clavicle_r {
                FrameTransformMatrix {
                  -0.945834,-0.129491,-0.297709, 0.000000,
                   0.313345,-0.124215,-0.941480, 0.000000,
                   0.084934,-0.983770, 0.158062, 0.000000,
                  -2.732096,11.883827,-3.782003, 1.000000;;
                }
                Frame Armature_upperarm_r {
                  FrameTransformMatrix {
                    -0.150690,-0.942576, 0.298065, 0.000000,
                     0.931575,-0.034487, 0.361909, 0.000000,
                    -0.330847, 0.332206, 0.883278, 0.000000,
                    -0.000054,15.784742, 0.000072, 1.000000;;
                  }
                  Frame Armature_lowerarm_r {
                    FrameTransformMatrix {
                      -0.001356,-0.999999,-0.000000, 0.000000,
                       0.999999,-0.001356,-0.000000, 0.000000,
                       0.000000,-0.000000, 1.000000, 0.000000,
                       0.000025,30.340076, 0.000005, 1.000000;;
                    }
                    Frame Armature_hand_r {
                      FrameTransformMatrix {
                         0.915474, 0.135598,-0.378842, 0.000000,
                        -0.190355, 0.975436,-0.110859, 0.000000,
                         0.354504, 0.173603, 0.918798, 0.000000,
                        -0.000008,26.975246,-0.000007, 1.000000;;
                      }
                      Frame Armature_index_01_r {
                        FrameTransformMatrix {
                           0.796990, 0.570937, 0.197073, 0.000000,
                          -0.559382, 0.820796,-0.115696, 0.000000,
                          -0.227812,-0.018030, 0.973538, 0.000000,
                          -1.763742,12.067940, 2.109437, 1.000000;;
                        }
                        Frame Armature_index_02_r {
                          FrameTransformMatrix {
                             0.114792, 0.988174, 0.101661, 0.000000,
                            -0.993344, 0.115164, 0.002228, 0.000000,
                            -0.009506,-0.101240, 0.994817, 0.000000,
                             0.000095, 4.287689,-0.000066, 1.000000;;
                          }
                          Frame Armature_index_03_r {
                            FrameTransformMatrix {
                               0.735533, 0.677308, 0.015666, 0.000000,
                              -0.677154, 0.735700,-0.014424, 0.000000,
                              -0.021295, 0.000001, 0.999773, 0.000000,
                               0.000125, 3.393800,-0.000023, 1.000000;;
                            }
                          } // End of Armature_index_03_r
                        } // End of Armature_index_02_r
                      } // End of Armature_index_01_r
                      Frame Armature_middle_01_r {
                        FrameTransformMatrix {
                           0.682472, 0.730890,-0.005620, 0.000000,
                          -0.729315, 0.680453,-0.071297, 0.000000,
                          -0.048286, 0.052757, 0.997439, 0.000000,
                          -1.293747,12.244112,-0.571131, 1.000000;;
                        }
                        Frame Armature_middle_02_r {
                          FrameTransformMatrix {
                             0.473891, 0.878679, 0.057880, 0.000000,
                            -0.878001, 0.466449, 0.107423, 0.000000,
                             0.067392,-0.101725, 0.992527, 0.000000,
                            -0.000149, 4.640565, 0.000004, 1.000000;;
                          }
                          Frame Armature_middle_03_r {
                            FrameTransformMatrix {
                               0.442366, 0.896834, 0.001448, 0.000000,
                              -0.896829, 0.442368,-0.002936, 0.000000,
                              -0.003274, 0.000000, 0.999995, 0.000000,
                               0.000030, 3.648896,-0.000000, 1.000000;;
                            }
                          } // End of Armature_middle_03_r
                        } // End of Armature_middle_02_r
                      } // End of Armature_middle_01_r
                      Frame Armature_pinky_01_r {
                        FrameTransformMatrix {
                           0.827081, 0.473667,-0.302615, 0.000000,
                          -0.535494, 0.827640,-0.168105, 0.000000,
                           0.170830, 0.301085, 0.938171, 0.000000,
                          -2.263384,10.140588,-4.643089, 1.000000;;
                        }
                        Frame Armature_pinky_02_r {
                          FrameTransformMatrix {
                             0.373376, 0.926215, 0.052112, 0.000000,
                            -0.927190, 0.374415,-0.011480, 0.000000,
                            -0.030145,-0.044031, 0.998575, 0.000000,
                            -0.000071, 3.571057,-0.000000, 1.000000;;
                          }
                          Frame Armature_pinky_03_r {
                            FrameTransformMatrix {
                               0.323051, 0.946379, 0.002313, 0.000000,
                              -0.946355, 0.323059,-0.006779, 0.000000,
                              -0.007163, 0.000001, 0.999974, 0.000000,
                               0.000314, 2.985415,-0.000039, 1.000000;;
                            }
                          } // End of Armature_pinky_03_r
                        } // End of Armature_pinky_02_r
                      } // End of Armature_pinky_01_r
                      Frame Armature_ring_01_r {
                        FrameTransformMatrix {
                           0.663967, 0.705853,-0.246821, 0.000000,
                          -0.736768, 0.673933,-0.054663, 0.000000,
                           0.127757, 0.218144, 0.967518, 0.000000,
                          -1.753798,11.497972,-2.846915, 1.000000;;
                        }
                        Frame Armature_ring_02_r {
                          FrameTransformMatrix {
                             0.272316, 0.961953, 0.022151, 0.000000,
                            -0.962186, 0.272392,-0.000424, 0.000000,
                            -0.006441,-0.021198, 0.999755, 0.000000,
                             0.000085, 4.429865,-0.000018, 1.000000;;
                          }
                          Frame Armature_ring_03_r {
                            FrameTransformMatrix {
                               0.627351, 0.778737,-0.000252, 0.000000,
                              -0.778737, 0.627351, 0.000312, 0.000000,
                               0.000402, 0.000001, 1.000000, 0.000000,
                               0.000064, 3.476648,-0.000006, 1.000000;;
                            }
                          } // End of Armature_ring_03_r
                        } // End of Armature_ring_02_r
                      } // End of Armature_ring_01_r
                      Frame Armature_thumb_01_r {
                        FrameTransformMatrix {
                           0.240333,-0.415995, 0.877034, 0.000000,
                          -0.714179, 0.536137, 0.450007, 0.000000,
                          -0.657411,-0.734510,-0.168244, 0.000000,
                          -2.375127, 4.762121, 2.537806, 1.000000;;
                        }
                        Frame Armature_thumb_02_r {
                          FrameTransformMatrix {
                             0.809495, 0.587038, 0.010216, 0.000000,
                            -0.587124, 0.809316, 0.017121, 0.000000,
                             0.001783,-0.019858, 0.999801, 0.000000,
                             0.000114, 3.869579, 0.000057, 1.000000;;
                          }
                          Frame Armature_thumb_03_r {
                            FrameTransformMatrix {
                               0.696233, 0.717189, 0.029993, 0.000000,
                              -0.716524, 0.696879,-0.030869, 0.000000,
                              -0.043040, 0.000001, 0.999073, 0.000000,
                              -0.000007, 4.062171, 0.000000, 1.000000;;
                            }
                          } // End of Armature_thumb_03_r
                        } // End of Armature_thumb_02_r
                      } // End of Armature_thumb_01_r
                      Frame Armature_weapon_r {
                        FrameTransformMatrix {
                           0.066996,-0.382584,-0.921489, 0.000000,
                           0.910612,-0.354027, 0.213190, 0.000000,
                          -0.407795,-0.853402, 0.324667, 0.000000,
                          -5.568957, 9.533410,-0.728149, 1.000000;;
                        }
                      } // End of Armature_weapon_r
                    } // End of Armature_hand_r
                    Frame Armature_lowerarm_twist_01_r {
                      FrameTransformMatrix {
                         0.935142,-0.000000, 0.354274, 0.000000,
                         0.000000, 1.000000,-0.000000, 0.000000,
                        -0.354274, 0.000000, 0.935142, 0.000000,
                         0.000023,14.000004,-0.000008, 1.000000;;
                      }
                    } // End of Armature_lowerarm_twist_01_r
                  } // End of Armature_lowerarm_r
                  Frame Armature_upperarm_twist_01_r {
                    FrameTransformMatrix {
                       0.760393,-0.000001,-0.649463, 0.000000,
                       0.000001, 1.000000, 0.000001, 0.000000,
                       0.649463,-0.000001, 0.760393, 0.000000,
                      -0.000023, 0.499979,-0.000015, 1.000000;;
                    }
                  } // End of Armature_upperarm_twist_01_r
                } // End of Armature_upperarm_r
              } // End of Armature_clavicle_r
              Frame Armature_neck_01 {
                FrameTransformMatrix {
                   0.669684, 0.417752,-0.614009, 0.000000,
                  -0.406393, 0.898153, 0.167830, 0.000000,
                   0.621585, 0.137136, 0.771249, 0.000000,
                  -0.355312,16.558792, 0.000000, 1.000000;;
                }
                Frame Armature_head {
                  FrameTransformMatrix {
                     0.844457,-0.321130, 0.428682, 0.000000,
                     0.303684, 0.946323, 0.110675, 0.000000,
                    -0.441213, 0.036724, 0.896651, 0.000000,
                     0.364153, 9.283608,-0.000002, 1.000000;;
                  }
                } // End of Armature_head
              } // End of Armature_neck_01
            } // End of Armature_spine_03
          } // End of Armature_spine_02
        } // End of Armature_spine_01
        Frame Armature_sword_holder {
          FrameTransformMatrix {
            -0.909315, 0.370364, 0.189679, 0.000000,
            -0.355307,-0.928335, 0.109325, 0.000000,
             0.216575, 0.032016, 0.975741, 0.000000,
            13.980017,19.493008,16.300997, 1.000000;;
          }
        } // End of Armature_sword_holder
        Frame Armature_thigh_l {
          FrameTransformMatrix {
            -0.269130,-0.821554,-0.502612, 0.000000,
            -0.862553,-0.026554, 0.505269, 0.000000,
            -0.428452, 0.569513,-0.701487, 0.000000,
            -1.448827, 0.531423, 9.005808, 1.000000;;
          }
          Frame Armature_calf_l {
            FrameTransformMatrix {
               0.852086,-0.518173,-0.073798, 0.000000,
               0.517173, 0.855222,-0.033576, 0.000000,
               0.080512,-0.009557, 0.996708, 0.000000,
              -0.010166,42.475864, 0.002506, 1.000000;;
            }
            Frame Armature_calf_twist_01_l {
              FrameTransformMatrix {
                 0.999870,-0.015255,-0.005140, 0.000000,
                 0.015236, 0.999877,-0.003824, 0.000000,
                 0.005198, 0.003745, 0.999979, 0.000000,
                 0.000001,20.476782, 0.000002, 1.000000;;
              }
            } // End of Armature_calf_twist_01_l
            Frame Armature_foot_l {
              FrameTransformMatrix {
                 0.122858,-0.969862,-0.210411, 0.000000,
                -0.987182,-0.141193, 0.074397, 0.000000,
                -0.101864, 0.198574,-0.974778, 0.000000,
                 0.000031,40.196693, 0.000155, 1.000000;;
              }
              Frame Armature_ball_l {
                FrameTransformMatrix {
                   0.024622, 0.999697, 0.000151, 0.000000,
                  -0.999697, 0.024622, 0.000077, 0.000000,
                   0.000073,-0.000152, 1.000000, 0.000000,
                  -10.453836,16.577848,-0.080160, 1.000000;;
                }
              } // End of Armature_ball_l
            } // End of Armature_foot_l
          } // End of Armature_calf_l
          Frame Armature_thigh_twist_01_l {
            FrameTransformMatrix {
               0.850696,-0.000838,-0.525657, 0.000000,
               0.000984, 1.000000,-0.000003, 0.000000,
               0.525657,-0.000514, 0.850697, 0.000000,
              -0.000007,22.094208,-0.000003, 1.000000;;
            }
          } // End of Armature_thigh_twist_01_l
        } // End of Armature_thigh_l
        Frame Armature_thigh_r {
          FrameTransformMatrix {
            -0.164516, 0.721412,-0.672681, 0.000000,
            -0.906684,-0.379143,-0.184863, 0.000000,
            -0.388405, 0.579496, 0.716468, 0.000000,
            -1.448678, 0.531424,-9.005805, 1.000000;;
          }
          Frame Armature_calf_r {
            FrameTransformMatrix {
               0.978588, 0.181108, 0.097808, 0.000000,
              -0.184099, 0.982653, 0.022393, 0.000000,
              -0.092056,-0.039920, 0.994953, 0.000000,
              -0.001244,42.559795,-0.000048, 1.000000;;
            }
            Frame Armature_calf_twist_01_r {
              FrameTransformMatrix {
                 0.998544, 0.015017,-0.051818, 0.000000,
                -0.015236, 0.999877,-0.003825, 0.000000,
                 0.051754, 0.004609, 0.998649, 0.000000,
                 0.000001,20.476923, 0.000002, 1.000000;;
              }
            } // End of Armature_calf_twist_01_r
            Frame Armature_foot_r {
              FrameTransformMatrix {
                 0.108327, 0.956413, 0.271180, 0.000000,
                 0.994101,-0.102729,-0.034799, 0.000000,
                -0.005425, 0.273350,-0.961899, 0.000000,
                -0.000058,40.196823, 0.000249, 1.000000;;
              }
              Frame Armature_ball_r {
                FrameTransformMatrix {
                  -0.002067,-0.999998,-0.000737, 0.000000,
                   0.999998,-0.002067, 0.000073, 0.000000,
                  -0.000074,-0.000737, 1.000000, 0.000000,
                  10.453816,16.577803,-0.080155, 1.000000;;
                }
              } // End of Armature_ball_r
            } // End of Armature_foot_r
          } // End of Armature_calf_r
          Frame Armature_thigh_twist_01_r {
            FrameTransformMatrix {
               0.787674, 0.000776, 0.616092, 0.000000,
              -0.000983, 0.999999,-0.000003, 0.000000,
              -0.616092,-0.000604, 0.787674, 0.000000,
              -0.000000,22.094246,-0.000000, 1.000000;;
            }
          } // End of Armature_thigh_twist_01_r
        } // End of Armature_thigh_r
      } // End of Armature_pelvis
    } // End of Armature_root
  } // End of Armature
} // End of Root
AnimationSet Global {
  Animation {
    {Armature}
    AnimationKey { // Rotation
      0;
      82;
      0;4;-0.707107, 0.707107, 0.000000, 0.000000;;,
      1;4;-0.707107, 0.707107, 0.000000, 0.000000;;,
      2;4;-0.707107, 0.707107, 0.000000, 0.000000;;,
      3;4;-0.707107, 0.707107, 0.000000, 0.000000;;,
      4;4;-0.707107, 0.707107, 0.000000, 0.000000;;,
      5;4;-0.707107, 0.707107, 0.000000, 0.000000;;,
      6;4;-0.707107, 0.707107, 0.000000, 0.000000;;,
      7;4;-0.707107, 0.707107, 0.000000, 0.000000;;,
      8;4;-0.707107, 0.707107, 0.000000, 0.000000;;,
      9;4;-0.707107, 0.707107, 0.000000, 0.000000;;,
      10;4;-0.707107, 0.707107, 0.000000, 0.000000;;,
      11;4;-0.707107, 0.707107, 0.000000, 0.000000;;,
      12;4;-0.707107, 0.707107, 0.000000, 0.000000;;,
      13;4;-0.707107, 0.707107, 0.000000, 0.000000;;,
      14;4;-0.707107, 0.707107, 0.000000, 0.000000;;,
      15;4;-0.707107, 0.707107, 0.000000, 0.000000;;,
      16;4;-0.707107, 0.707107, 0.000000, 0.000000;;,
      17;4;-0.707107, 0.707107, 0.000000, 0.000000;;,
      18;4;-0.707107, 0.707107, 0.000000, 0.000000;;,
      19;4;-0.707107, 0.707107, 0.000000, 0.000000;;,
      20;4;-0.707107, 0.707107, 0.000000, 0.000000;;,
      21;4;-0.707107, 0.707107, 0.000000, 0.000000;;,
      22;4;-0.707107, 0.707107, 0.000000, 0.000000;;,
      23;4;-0.707107, 0.707107, 0.000000, 0.000000;;,
      24;4;-0.707107, 0.707107, 0.000000, 0.000000;;,
      25;4;-0.707107, 0.707107, 0.000000, 0.000000;;,
      26;4;-0.707107, 0.707107, 0.000000, 0.000000;;,
      27;4;-0.707107, 0.707107, 0.000000, 0.000000;;,
      28;4;-0.707107, 0.707107, 0.000000, 0.000000;;,
      29;4;-0.707107, 0.707107, 0.000000, 0.000000;;,
      30;4;-0.707107, 0.707107, 0.000000, 0.000000;;,
      31;4;-0.707107, 0.707107, 0.000000, 0.000000;;,
      32;4;-0.707107, 0.707107, 0.000000, 0.000000;;,
      33;4;-0.707107, 0.707107, 0.000000, 0.000000;;,
      34;4;-0.707107, 0.707107, 0.000000, 0.000000;;,
      35;4;-0.707107, 0.707107, 0.000000, 0.000000;;,
      36;4;-0.707107, 0.707107, 0.000000, 0.000000;;,
      37;4;-0.707107, 0.707107, 0.000000, 0.000000;;,
      38;4;-0.707107, 0.707107, 0.000000, 0.000000;;,
      39;4;-0.707107, 0.707107, 0.000000, 0.000000;;,
      40;4;-0.707107, 0.707107, 0.000000, 0.000000;;,
      41;4;-0.707107, 0.707107, 0.000000, 0.000000;;,
      42;4;-0.707107, 0.707107, 0.000000, 0.000000;;,
      43;4;-0.707107, 0.707107, 0.000000, 0.000000;;,
      44;4;-0.707107, 0.707107, 0.000000, 0.000000;;,
      45;4;-0.707107, 0.707107, 0.000000, 0.000000;;,
      46;4;-0.707107, 0.707107, 0.000000, 0.000000;;,
      47;4;-0.707107, 0.707107, 0.000000, 0.000000;;,
      48;4;-0.707107, 0.707107, 0.000000, 0.000000;;,
      49;4;-0.707107, 0.707107, 0.000000, 0.000000;;,
      50;4;-0.707107, 0.707107, 0.000000, 0.000000;;,
      51;4;-0.707107, 0.707107, 0.000000, 0.000000;;,
      52;4;-0.707107, 0.707107, 0.000000, 0.000000;;,
      53;4;-0.707107, 0.707107, 0.000000, 0.000000;;,
      54;4;-0.707107, 0.707107, 0.000000, 0.000000;;,
      55;4;-0.707107, 0.707107, 0.000000, 0.000000;;,
      56;4;-0.707107, 0.707107, 0.000000, 0.000000;;,
      57;4;-0.707107, 0.707107, 0.000000, 0.000000;;,
      58;4;-0.707107, 0.707107, 0.000000, 0.000000;;,
      59;4;-0.707107, 0.707107, 0.000000, 0.000000;;,
      60;4;-0.707107, 0.707107, 0.000000, 0.000000;;,
      61;4;-0.707107, 0.707107, 0.000000, 0.000000;;,
      62;4;-0.707107, 0.707107, 0.000000, 0.000000;;,
      63;4;-0.707107, 0.707107, 0.000000, 0.000000;;,
      64;4;-0.707107, 0.707107, 0.000000, 0.000000;;,
      65;4;-0.707107, 0.707107, 0.000000, 0.000000;;,
      66;4;-0.707107, 0.707107, 0.000000, 0.000000;;,
      67;4;-0.707107, 0.707107, 0.000000, 0.000000;;,
      68;4;-0.707107, 0.707107, 0.000000, 0.000000;;,
      69;4;-0.707107, 0.707107, 0.000000, 0.000000;;,
      70;4;-0.707107, 0.707107, 0.000000, 0.000000;;,
      71;4;-0.707107, 0.707107, 0.000000, 0.000000;;,
      72;4;-0.707107, 0.707107, 0.000000, 0.000000;;,
      73;4;-0.707107, 0.707107, 0.000000, 0.000000;;,
      74;4;-0.707107, 0.707107, 0.000000, 0.000000;;,
      75;4;-0.707107, 0.707107, 0.000000, 0.000000;;,
      76;4;-0.707107, 0.707107, 0.000000, 0.000000;;,
      77;4;-0.707107, 0.707107, 0.000000, 0.000000;;,
      78;4;-0.707107, 0.707107, 0.000000, 0.000000;;,
      79;4;-0.707107, 0.707107, 0.000000, 0.000000;;,
      80;4;-0.707107, 0.707107, 0.000000, 0.000000;;,
      81;4;-0.707107, 0.707107, 0.000000, 0.000000;;;
    }
    AnimationKey { // Scale
      1;
      82;
      0;3; 0.010000, 0.010000, 0.010000;;,
      1;3; 0.010000, 0.010000, 0.010000;;,
      2;3; 0.010000, 0.010000, 0.010000;;,
      3;3; 0.010000, 0.010000, 0.010000;;,
      4;3; 0.010000, 0.010000, 0.010000;;,
      5;3; 0.010000, 0.010000, 0.010000;;,
      6;3; 0.010000, 0.010000, 0.010000;;,
      7;3; 0.010000, 0.010000, 0.010000;;,
      8;3; 0.010000, 0.010000, 0.010000;;,
      9;3; 0.010000, 0.010000, 0.010000;;,
      10;3; 0.010000, 0.010000, 0.010000;;,
      11;3; 0.010000, 0.010000, 0.010000;;,
      12;3; 0.010000, 0.010000, 0.010000;;,
      13;3; 0.010000, 0.010000, 0.010000;;,
      14;3; 0.010000, 0.010000, 0.010000;;,
      15;3; 0.010000, 0.010000, 0.010000;;,
      16;3; 0.010000, 0.010000, 0.010000;;,
      17;3; 0.010000, 0.010000, 0.010000;;,
      18;3; 0.010000, 0.010000, 0.010000;;,
      19;3; 0.010000, 0.010000, 0.010000;;,
      20;3; 0.010000, 0.010000, 0.010000;;,
      21;3; 0.010000, 0.010000, 0.010000;;,
      22;3; 0.010000, 0.010000, 0.010000;;,
      23;3; 0.010000, 0.010000, 0.010000;;,
      24;3; 0.010000, 0.010000, 0.010000;;,
      25;3; 0.010000, 0.010000, 0.010000;;,
      26;3; 0.010000, 0.010000, 0.010000;;,
      27;3; 0.010000, 0.010000, 0.010000;;,
      28;3; 0.010000, 0.010000, 0.010000;;,
      29;3; 0.010000, 0.010000, 0.010000;;,
      30;3; 0.010000, 0.010000, 0.010000;;,
      31;3; 0.010000, 0.010000, 0.010000;;,
      32;3; 0.010000, 0.010000, 0.010000;;,
      33;3; 0.010000, 0.010000, 0.010000;;,
      34;3; 0.010000, 0.010000, 0.010000;;,
      35;3; 0.010000, 0.010000, 0.010000;;,
      36;3; 0.010000, 0.010000, 0.010000;;,
      37;3; 0.010000, 0.010000, 0.010000;;,
      38;3; 0.010000, 0.010000, 0.010000;;,
      39;3; 0.010000, 0.010000, 0.010000;;,
      40;3; 0.010000, 0.010000, 0.010000;;,
      41;3; 0.010000, 0.010000, 0.010000;;,
      42;3; 0.010000, 0.010000, 0.010000;;,
      43;3; 0.010000, 0.010000, 0.010000;;,
      44;3; 0.010000, 0.010000, 0.010000;;,
      45;3; 0.010000, 0.010000, 0.010000;;,
      46;3; 0.010000, 0.010000, 0.010000;;,
      47;3; 0.010000, 0.010000, 0.010000;;,
      48;3; 0.010000, 0.010000, 0.010000;;,
      49;3; 0.010000, 0.010000, 0.010000;;,
      50;3; 0.010000, 0.010000, 0.010000;;,
      51;3; 0.010000, 0.010000, 0.010000;;,
      52;3; 0.010000, 0.010000, 0.010000;;,
      53;3; 0.010000, 0.010000, 0.010000;;,
      54;3; 0.010000, 0.010000, 0.010000;;,
      55;3; 0.010000, 0.010000, 0.010000;;,
      56;3; 0.010000, 0.010000, 0.010000;;,
      57;3; 0.010000, 0.010000, 0.010000;;,
      58;3; 0.010000, 0.010000, 0.010000;;,
      59;3; 0.010000, 0.010000, 0.010000;;,
      60;3; 0.010000, 0.010000, 0.010000;;,
      61;3; 0.010000, 0.010000, 0.010000;;,
      62;3; 0.010000, 0.010000, 0.010000;;,
      63;3; 0.010000, 0.010000, 0.010000;;,
      64;3; 0.010000, 0.010000, 0.010000;;,
      65;3; 0.010000, 0.010000, 0.010000;;,
      66;3; 0.010000, 0.010000, 0.010000;;,
      67;3; 0.010000, 0.010000, 0.010000;;,
      68;3; 0.010000, 0.010000, 0.010000;;,
      69;3; 0.010000, 0.010000, 0.010000;;,
      70;3; 0.010000, 0.010000, 0.010000;;,
      71;3; 0.010000, 0.010000, 0.010000;;,
      72;3; 0.010000, 0.010000, 0.010000;;,
      73;3; 0.010000, 0.010000, 0.010000;;,
      74;3; 0.010000, 0.010000, 0.010000;;,
      75;3; 0.010000, 0.010000, 0.010000;;,
      76;3; 0.010000, 0.010000, 0.010000;;,
      77;3; 0.010000, 0.010000, 0.010000;;,
      78;3; 0.010000, 0.010000, 0.010000;;,
      79;3; 0.010000, 0.010000, 0.010000;;,
      80;3; 0.010000, 0.010000, 0.010000;;,
      81;3; 0.010000, 0.010000, 0.010000;;;
    }
    AnimationKey { // Position
      2;
      82;
      0;3; 0.000000, 0.000000, 0.000000;;,
      1;3; 0.000000, 0.000000, 0.000000;;,
      2;3; 0.000000, 0.000000, 0.000000;;,
      3;3; 0.000000, 0.000000, 0.000000;;,
      4;3; 0.000000, 0.000000, 0.000000;;,
      5;3; 0.000000, 0.000000, 0.000000;;,
      6;3; 0.000000, 0.000000, 0.000000;;,
      7;3; 0.000000, 0.000000, 0.000000;;,
      8;3; 0.000000, 0.000000, 0.000000;;,
      9;3; 0.000000, 0.000000, 0.000000;;,
      10;3; 0.000000, 0.000000, 0.000000;;,
      11;3; 0.000000, 0.000000, 0.000000;;,
      12;3; 0.000000, 0.000000, 0.000000;;,
      13;3; 0.000000, 0.000000, 0.000000;;,
      14;3; 0.000000, 0.000000, 0.000000;;,
      15;3; 0.000000, 0.000000, 0.000000;;,
      16;3; 0.000000, 0.000000, 0.000000;;,
      17;3; 0.000000, 0.000000, 0.000000;;,
      18;3; 0.000000, 0.000000, 0.000000;;,
      19;3; 0.000000, 0.000000, 0.000000;;,
      20;3; 0.000000, 0.000000, 0.000000;;,
      21;3; 0.000000, 0.000000, 0.000000;;,
      22;3; 0.000000, 0.000000, 0.000000;;,
      23;3; 0.000000, 0.000000, 0.000000;;,
      24;3; 0.000000, 0.000000, 0.000000;;,
      25;3; 0.000000, 0.000000, 0.000000;;,
      26;3; 0.000000, 0.000000, 0.000000;;,
      27;3; 0.000000, 0.000000, 0.000000;;,
      28;3; 0.000000, 0.000000, 0.000000;;,
      29;3; 0.000000, 0.000000, 0.000000;;,
      30;3; 0.000000, 0.000000, 0.000000;;,
      31;3; 0.000000, 0.000000, 0.000000;;,
      32;3; 0.000000, 0.000000, 0.000000;;,
      33;3; 0.000000, 0.000000, 0.000000;;,
      34;3; 0.000000, 0.000000, 0.000000;;,
      35;3; 0.000000, 0.000000, 0.000000;;,
      36;3; 0.000000, 0.000000, 0.000000;;,
      37;3; 0.000000, 0.000000, 0.000000;;,
      38;3; 0.000000, 0.000000, 0.000000;;,
      39;3; 0.000000, 0.000000, 0.000000;;,
      40;3; 0.000000, 0.000000, 0.000000;;,
      41;3; 0.000000, 0.000000, 0.000000;;,
      42;3; 0.000000, 0.000000, 0.000000;;,
      43;3; 0.000000, 0.000000, 0.000000;;,
      44;3; 0.000000, 0.000000, 0.000000;;,
      45;3; 0.000000, 0.000000, 0.000000;;,
      46;3; 0.000000, 0.000000, 0.000000;;,
      47;3; 0.000000, 0.000000, 0.000000;;,
      48;3; 0.000000, 0.000000, 0.000000;;,
      49;3; 0.000000, 0.000000, 0.000000;;,
