xof 0303txt 0032

template XSkinMeshHeader {
  <3cf169ce-ff7c-44ab-93c0-f78f62d172e2>
  WORD nMaxSkinWeightsPerVertex;
  WORD nMaxSkinWeightsPerFace;
  WORD nBones;
}

template SkinWeights {
  <6f0d123b-bad2-4167-a0d0-80224f25fabb>
  STRING transformNodeName;
  DWORD nWeights;
  array DWORD vertexIndices[nWeights];
  array float weights[nWeights];
  Matrix4x4 matrixOffset;
}

Frame Root {
  FrameTransformMatrix {
     1.000000, 0.000000, 0.000000, 0.000000,
     0.000000,-0.000000, 1.000000, 0.000000,
     0.000000, 1.000000, 0.000000, 0.000000,
     0.000000, 0.000000, 0.000000, 1.000000;;
  }
  Frame Armature {
    FrameTransformMatrix {
       0.010000, 0.000000, 0.000000, 0.000000,
       0.000000,-0.000000, 0.010000, 0.000000,
       0.000000,-0.010000,-0.000000, 0.000000,
       0.000000, 0.000000, 0.000000, 1.000000;;
    }
    Frame Armature_root {
      FrameTransformMatrix {
         1.000000, 0.000000, 0.000000, 0.000000,
         0.000000, 1.000000, 0.000000, 0.000000,
         0.000000, 0.000000, 1.000000, 0.000000,
         0.000000, 0.000016, 0.000000, 1.000000;;
      }
      Frame Armature_ik_foot_root {
        FrameTransformMatrix {
           0.000000,-0.000000,-1.000000, 0.000000,
           1.000000, 0.000000, 0.000000, 0.000000,
           0.000000,-1.000000, 0.000000, 0.000000,
           0.000000, 0.000000, 0.000000, 1.000000;;
        }
        Frame Armature_ik_foot_l {
          FrameTransformMatrix {
             0.873841, 0.484492,-0.040858, 0.000000,
            -0.028584,-0.032698,-0.999056, 0.000000,
            -0.485371, 0.874184,-0.014724, 0.000000,
            -20.901350,48.196198,-13.933116, 1.000000;;
          }
        } // End of Armature_ik_foot_l
        Frame Armature_ik_foot_r {
          FrameTransformMatrix {
            -0.415417,-0.909010, 0.033618, 0.000000,
             0.050688, 0.013767, 0.998620, 0.000000,
            -0.908218, 0.416548, 0.040357, 0.000000,
            39.153698,-18.314098,-14.042728, 1.000000;;
          }
        } // End of Armature_ik_foot_r
      } // End of Armature_ik_foot_root
      Frame Armature_ik_hand_root {
        FrameTransformMatrix {
           1.000000, 0.000000, 0.000000, 0.000000,
           0.000000, 1.000000, 0.000000, 0.000000,
           0.000000, 0.000000, 1.000000, 0.000000,
           0.000000, 0.000000, 0.000000, 1.000000;;
        }
        Frame Armature_ik_hand_gun {
          FrameTransformMatrix {
             0.577028, 0.006128,-0.816702, 0.000000,
            -0.627712,-0.636417,-0.448276, 0.000000,
            -0.522509, 0.771321,-0.363384, 0.000000,
            -15.157080,140.762054,21.120415, 1.000000;;
          }
          Frame Armature_ik_hand_l {
            FrameTransformMatrix {
               0.838693,-0.321198, 0.439802, 0.000000,
              -0.510536,-0.182558, 0.840254, 0.000000,
              -0.189598,-0.929250,-0.317093, 0.000000,
              -6.169312, 1.240753,-15.067513, 1.000000;;
            }
          } // End of Armature_ik_hand_l
          Frame Armature_ik_hand_r {
            FrameTransformMatrix {
               1.000000, 0.000000,-0.000000, 0.000000,
              -0.000000, 1.000000, 0.000000, 0.000000,
               0.000000,-0.000000, 1.000000, 0.000000,
               0.000001, 0.000023,-0.000012, 1.000000;;
            }
          } // End of Armature_ik_hand_r
        } // End of Armature_ik_hand_gun
      } // End of Armature_ik_hand_root
      Frame Armature_pelvis {
        FrameTransformMatrix {
           0.019429, 0.987997,-0.153246, 0.000000,
          -0.805486, 0.106269, 0.583008, 0.000000,
           0.592296, 0.112110, 0.797883, 0.000000,
          15.314921,73.707291,-10.308437, 1.000000;;
        }
        Frame Armature_spine_01 {
          FrameTransformMatrix {
             0.277562,-0.957195,-0.082086, 0.000000,
             0.960453, 0.274504, 0.046672, 0.000000,
            -0.022142,-0.091794, 0.995532, 0.000000,
            10.808886, 0.851414,-0.000007, 1.000000;;
          }
          Frame Armature_spine_02 {
            FrameTransformMatrix {
               0.983341, 0.159248,-0.087643, 0.000000,
              -0.146498, 0.979745, 0.136523, 0.000000,
               0.107609,-0.121409, 0.986752, 0.000000,
               3.784376,18.816204, 0.374269, 1.000000;;
            }
            Frame Armature_spine_03 {
              FrameTransformMatrix {
                 0.939770, 0.327609,-0.097491, 0.000000,
                -0.317056, 0.942069, 0.109458, 0.000000,
                 0.127703,-0.071956, 0.989199, 0.000000,
                 0.410727,13.412269, 0.091092, 1.000000;;
              }
              Frame Armature_clavicle_l {
                FrameTransformMatrix {
                   0.930137, 0.148130,-0.336011, 0.000000,
                   0.322698, 0.106964, 0.940439, 0.000000,
                   0.175248,-0.983167, 0.051690, 0.000000,
                  -2.732079,11.883694, 3.781975, 1.000000;;
                }
                Frame Armature_upperarm_l {
                  FrameTransformMatrix {
                    -0.400300, 0.378896, 0.834385, 0.000000,
                    -0.884238,-0.398754,-0.243142, 0.000000,
                     0.240589,-0.835124, 0.494656, 0.000000,
                     0.000004,15.784864,-0.000000, 1.000000;;
                  }
                  Frame Armature_lowerarm_l {
                    FrameTransformMatrix {
                       0.199147, 0.979970,-0.000000, 0.000000,
                      -0.979969, 0.199147, 0.000000, 0.000000,
                       0.000000, 0.000000, 1.000000, 0.000000,
                      -0.000021,30.339939,-0.000018, 1.000000;;
                    }
                    Frame Armature_hand_l {
                      FrameTransformMatrix {
                        -0.984951,-0.141402, 0.099376, 0.000000,
                        -0.150951, 0.983848,-0.096211, 0.000000,
                        -0.084166,-0.109764,-0.990388, 0.000000,
                         0.000009,26.975163, 0.000034, 1.000000;;
                      }
                      Frame Armature_index_01_l {
                        FrameTransformMatrix {
                           0.920423,-0.260746,-0.291262, 0.000000,
                           0.284028, 0.957984, 0.039950, 0.000000,
                           0.268607,-0.119498, 0.955809, 0.000000,
                           1.763485,12.068130, 2.109406, 1.000000;;
                        }
                        Frame Armature_index_02_l {
                          FrameTransformMatrix {
                             0.907640,-0.412481,-0.077774, 0.000000,
                             0.417988, 0.905139, 0.077524, 0.000000,
                             0.038419,-0.102872, 0.993952, 0.000000,
                            -0.000002, 4.287514,-0.000003, 1.000000;;
                          }
                          Frame Armature_index_03_l {
                            FrameTransformMatrix {
                               0.991881,-0.126012,-0.017087, 0.000000,
                               0.126011, 0.992028,-0.001137, 0.000000,
                               0.017094,-0.001026, 0.999853, 0.000000,
                              -0.000004, 3.393798, 0.000009, 1.000000;;
                            }
                          } // End of Armature_index_03_l
                        } // End of Armature_index_02_l
                      } // End of Armature_index_01_l
                      Frame Armature_middle_01_l {
                        FrameTransformMatrix {
                           0.889970,-0.456011, 0.002759, 0.000000,
                           0.455645, 0.888979,-0.045872, 0.000000,
                           0.018465, 0.042082, 0.998944, 0.000000,
                           1.293658,12.244293,-0.571154, 1.000000;;
                        }
                        Frame Armature_middle_02_l {
                          FrameTransformMatrix {
                             0.660066,-0.750859,-0.022897, 0.000000,
                             0.749199, 0.655766, 0.093124, 0.000000,
                            -0.054908,-0.078622, 0.995391, 0.000000,
                             0.000003, 4.640376, 0.000001, 1.000000;;
                          }
                          Frame Armature_middle_03_l {
                            FrameTransformMatrix {
                               0.887978,-0.459876,-0.002906, 0.000000,
                               0.459873, 0.887983,-0.001506, 0.000000,
                               0.003273, 0.000001, 0.999995, 0.000000,
                              -0.000009, 3.648864, 0.000004, 1.000000;;
                            }
                          } // End of Armature_middle_03_l
                        } // End of Armature_middle_02_l
                      } // End of Armature_middle_01_l
                      Frame Armature_pinky_01_l {
                        FrameTransformMatrix {
                           0.808126,-0.438589, 0.393157, 0.000000,
                           0.566753, 0.760765,-0.316272, 0.000000,
                          -0.160386, 0.478410, 0.863365, 0.000000,
                           2.263167,10.140676,-4.643140, 1.000000;;
                        }
                        Frame Armature_pinky_02_l {
                          FrameTransformMatrix {
                             0.497021,-0.867225,-0.029844, 0.000000,
                             0.866786, 0.497792,-0.029736, 0.000000,
                             0.040643,-0.011089, 0.999112, 0.000000,
                             0.000005, 3.570992, 0.000003, 1.000000;;
                          }
                          Frame Armature_pinky_03_l {
                            FrameTransformMatrix {
                               0.712794,-0.701355,-0.005109, 0.000000,
                               0.701337, 0.712812,-0.005026, 0.000000,
                               0.007166,-0.000000, 0.999974, 0.000000,
                               0.000008, 2.985648, 0.000000, 1.000000;;
                            }
                          } // End of Armature_pinky_03_l
                        } // End of Armature_pinky_02_l
                      } // End of Armature_pinky_01_l
                      Frame Armature_ring_01_l {
                        FrameTransformMatrix {
                           0.773749,-0.540311, 0.330722, 0.000000,
                           0.617082, 0.760900,-0.200602, 0.000000,
                          -0.143259, 0.359298, 0.922162, 0.000000,
                           1.753544,11.497892,-2.846906, 1.000000;;
                        }
                        Frame Armature_ring_02_l {
                          FrameTransformMatrix {
                             0.554701,-0.832049,-0.001149, 0.000000,
                             0.832036, 0.554684, 0.006445, 0.000000,
                            -0.004725,-0.004530, 0.999978, 0.000000,
                            -0.000006, 4.430174,-0.000006, 1.000000;;
                          }
                          Frame Armature_ring_03_l {
                            FrameTransformMatrix {
                               0.912721,-0.408582, 0.000366, 0.000000,
                               0.408582, 0.912721, 0.000164, 0.000000,
                              -0.000401, 0.000000, 1.000000, 0.000000,
                              -0.000002, 3.476644, 0.000000, 1.000000;;
                            }
                          } // End of Armature_ring_03_l
                        } // End of Armature_ring_02_l
                      } // End of Armature_ring_01_l
                      Frame Armature_thumb_01_l {
                        FrameTransformMatrix {
                          -0.022088, 0.415272,-0.909429, 0.000000,
                           0.314014, 0.866498, 0.388041, 0.000000,
                           0.949161,-0.277002,-0.149540, 0.000000,
                           2.375006, 4.762038, 2.537830, 1.000000;;
                        }
                        Frame Armature_thumb_02_l {
                          FrameTransformMatrix {
                             0.973173,-0.222813,-0.057347, 0.000000,
                             0.227396, 0.969409, 0.092394, 0.000000,
                             0.035006,-0.102955, 0.994070, 0.000000,
                            -0.000001, 3.869684,-0.000001, 1.000000;;
                          }
                          Frame Armature_thumb_03_l {
                            FrameTransformMatrix {
                               0.902699,-0.424861,-0.068033, 0.000000,
                               0.429682, 0.898409, 0.090749, 0.000000,
                               0.022565,-0.111151, 0.993547, 0.000000,
                               0.000002, 4.062166, 0.000002, 1.000000;;
                            }
                          } // End of Armature_thumb_03_l
                        } // End of Armature_thumb_02_l
                      } // End of Armature_thumb_01_l
                    } // End of Armature_hand_l
                    Frame Armature_lowerarm_twist_01_l {
                      FrameTransformMatrix {
                         0.734741,-0.000001, 0.678348, 0.000000,
                         0.000001, 1.000000, 0.000001, 0.000000,
                        -0.678348,-0.000000, 0.734741, 0.000000,
                         0.000001,14.000003, 0.000006, 1.000000;;
                      }
                    } // End of Armature_lowerarm_twist_01_l
                  } // End of Armature_lowerarm_l
                  Frame Armature_upperarm_twist_01_l {
                    FrameTransformMatrix {
                       0.236347, 0.000000,-0.971669, 0.000000,
                      -0.000000, 1.000000,-0.000000, 0.000000,
                       0.971669, 0.000000, 0.236347, 0.000000,
                      -0.000005, 0.500014,-0.000008, 1.000000;;
                    }
                  } // End of Armature_upperarm_twist_01_l
                } // End of Armature_upperarm_l
              } // End of Armature_clavicle_l
              Frame Armature_clavicle_r {
                FrameTransformMatrix {
                  -0.901319,-0.140646,-0.409687, 0.000000,
                   0.432025,-0.223582,-0.873708, 0.000000,
                   0.031285,-0.964484, 0.262281, 0.000000,
                  -2.732109,11.883781,-3.781995, 1.000000;;
                }
                Frame Armature_upperarm_r {
                  FrameTransformMatrix {
                    -0.582581,-0.616298,-0.529883, 0.000000,
                     0.792356,-0.285450,-0.539157, 0.000000,
                     0.181026,-0.733959, 0.654625, 0.000000,
                    -0.000043,15.784727, 0.000065, 1.000000;;
                  }
                  Frame Armature_lowerarm_r {
                    FrameTransformMatrix {
                       0.114113,-0.993468,-0.000000, 0.000000,
                       0.993468, 0.114113, 0.000000, 0.000000,
                      -0.000000,-0.000000, 1.000000, 0.000000,
                      -0.000004,30.340069,-0.000014, 1.000000;;
                    }
                    Frame Armature_hand_r {
                      FrameTransformMatrix {
                         0.944319,-0.326433,-0.041261, 0.000000,
                         0.328931, 0.939663, 0.094010, 0.000000,
                         0.008083,-0.102347, 0.994716, 0.000000,
                        -0.000003,26.975231, 0.000003, 1.000000;;
                      }
                      Frame Armature_index_01_r {
                        FrameTransformMatrix {
                           0.680581, 0.711087, 0.176535, 0.000000,
                          -0.685836, 0.703071,-0.187936, 0.000000,
                          -0.257756, 0.006832, 0.966186, 0.000000,
                          -1.763743,12.067936, 2.109429, 1.000000;;
                        }
                        Frame Armature_index_02_r {
                          FrameTransformMatrix {
                            -0.096423, 0.990317, 0.099869, 0.000000,
                            -0.995295,-0.094971,-0.019210, 0.000000,
                            -0.009540,-0.101252, 0.994815, 0.000000,
                            -0.000001, 4.287681,-0.000000, 1.000000;;
                          }
                          Frame Armature_index_03_r {
                            FrameTransformMatrix {
                               0.666924, 0.744990, 0.014218, 0.000000,
                              -0.744822, 0.667076,-0.015836, 0.000000,
                              -0.021282,-0.000028, 0.999774, 0.000000,
                               0.000116, 3.393713,-0.000007, 1.000000;;
                            }
                          } // End of Armature_index_03_r
                        } // End of Armature_index_02_r
                      } // End of Armature_index_01_r
                      Frame Armature_middle_01_r {
                        FrameTransformMatrix {
                           0.441930, 0.896671,-0.026037, 0.000000,
                          -0.895749, 0.439541,-0.066612, 0.000000,
                          -0.048285, 0.052760, 0.997439, 0.000000,
                          -1.293754,12.244110,-0.571135, 1.000000;;
                        }
                        Frame Armature_middle_02_r {
                          FrameTransformMatrix {
                             0.178866, 0.979905, 0.088286, 0.000000,
                            -0.981563, 0.171580, 0.084231, 0.000000,
                             0.067390,-0.101724, 0.992528, 0.000000,
                            -0.000142, 4.640564,-0.000004, 1.000000;;
                          }
                          Frame Armature_middle_03_r {
                            FrameTransformMatrix {
                               0.131015, 0.991380, 0.000427, 0.000000,
                              -0.991375, 0.131015,-0.003250, 0.000000,
                              -0.003278, 0.000002, 0.999995, 0.000000,
                               0.000048, 3.648923,-0.000000, 1.000000;;
                            }
                          } // End of Armature_middle_03_r
                        } // End of Armature_middle_02_r
                      } // End of Armature_middle_01_r
                      Frame Armature_pinky_01_r {
                        FrameTransformMatrix {
                           0.827078, 0.473666,-0.302626, 0.000000,
                          -0.535496, 0.827638,-0.168104, 0.000000,
                           0.170840, 0.301090, 0.938168, 0.000000,
                          -2.263368,10.140598,-4.643096, 1.000000;;
                        }
                        Frame Armature_pinky_02_r {
                          FrameTransformMatrix {
                             0.135762, 0.989591, 0.047734, 0.000000,
                            -0.990282, 0.137008,-0.023865, 0.000000,
                            -0.030157,-0.044031, 0.998575, 0.000000,
                            -0.000063, 3.571045,-0.000020, 1.000000;;
                          }
                          Frame Armature_pinky_03_r {
                            FrameTransformMatrix {
                              -0.138522, 0.990359,-0.000993, 0.000000,
                              -0.990334,-0.138526,-0.007095, 0.000000,
                              -0.007164, 0.000001, 0.999974, 0.000000,
                               0.000332, 2.985403,-0.000036, 1.000000;;
                            }
                          } // End of Armature_pinky_03_r
                        } // End of Armature_pinky_02_r
                      } // End of Armature_pinky_01_r
                      Frame Armature_ring_01_r {
                        FrameTransformMatrix {
                           0.488689, 0.835027,-0.252809, 0.000000,
                          -0.863053, 0.505114, 0.000076, 0.000000,
                           0.127761, 0.218151, 0.967516, 0.000000,
                          -1.753780,11.497980,-2.846922, 1.000000;;
                        }
                        Frame Armature_ring_02_r {
                          FrameTransformMatrix {
                            -0.098074, 0.994969, 0.020462, 0.000000,
                            -0.995158,-0.097918,-0.008497, 0.000000,
                            -0.006451,-0.021197, 0.999755, 0.000000,
                             0.000109, 4.429872,-0.000027, 1.000000;;
                          }
                          Frame Armature_ring_03_r {
                            FrameTransformMatrix {
                               0.264063, 0.964506,-0.000105, 0.000000,
                              -0.964505, 0.264063, 0.000387, 0.000000,
                               0.000401,-0.000001, 1.000000, 0.000000,
                               0.000073, 3.476649, 0.000005, 1.000000;;
                            }
                          } // End of Armature_ring_03_r
                        } // End of Armature_ring_02_r
                      } // End of Armature_ring_01_r
                      Frame Armature_thumb_01_r {
                        FrameTransformMatrix {
                           0.166761,-0.399678, 0.901359, 0.000000,
                          -0.684859, 0.610704, 0.397502, 0.000000,
                          -0.709337,-0.683592,-0.171882, 0.000000,
                          -2.375142, 4.762113, 2.537815, 1.000000;;
                        }
                        Frame Armature_thumb_02_r {
                          FrameTransformMatrix {
                             0.809495, 0.587038, 0.010218, 0.000000,
                            -0.587124, 0.809316, 0.017123, 0.000000,
                             0.001782,-0.019861, 0.999801, 0.000000,
                             0.000128, 3.869574, 0.000071, 1.000000;;
                          }
                          Frame Armature_thumb_03_r {
                            FrameTransformMatrix {
                               0.696235, 0.717187, 0.029985, 0.000000,
                              -0.716523, 0.696881,-0.030858, 0.000000,
                              -0.043027,-0.000001, 0.999074, 0.000000,
                               0.000013, 4.062166, 0.000002, 1.000000;;
                            }
                          } // End of Armature_thumb_03_r
                        } // End of Armature_thumb_02_r
                      } // End of Armature_thumb_01_r
                      Frame Armature_weapon_r {
                        FrameTransformMatrix {
                          -0.005469,-0.000004,-0.999985, 0.000000,
                          -0.000002,-1.000000, 0.000004, 0.000000,
                          -0.999985, 0.000002, 0.005469, 0.000000,
                          -4.666994,11.309017,-1.093017, 1.000000;;
                        }
                      } // End of Armature_weapon_r
                    } // End of Armature_hand_r
                    Frame Armature_lowerarm_twist_01_r {
                      FrameTransformMatrix {
                         0.856377,-0.000000, 0.516351, 0.000000,
                         0.000000, 1.000000, 0.000000, 0.000000,
                        -0.516351,-0.000000, 0.856377, 0.000000,
                         0.000026,13.999995,-0.000008, 1.000000;;
                      }
                    } // End of Armature_lowerarm_twist_01_r
                  } // End of Armature_lowerarm_r
                  Frame Armature_upperarm_twist_01_r {
                    FrameTransformMatrix {
                       0.634250, 0.000000, 0.773128, 0.000000,
                      -0.000000, 1.000000,-0.000000, 0.000000,
                      -0.773128, 0.000000, 0.634250, 0.000000,
                      -0.000004, 0.500003, 0.000005, 1.000000;;
                    }
                  } // End of Armature_upperarm_twist_01_r
                } // End of Armature_upperarm_r
              } // End of Armature_clavicle_r
              Frame Armature_neck_01 {
                FrameTransformMatrix {
                   0.877573, 0.410314,-0.248006, 0.000000,
                  -0.292527, 0.868079, 0.401083, 0.000000,
                   0.379858,-0.279431, 0.881831, 0.000000,
                  -0.355324,16.558783, 0.000005, 1.000000;;
                }
                Frame Armature_head {
                  FrameTransformMatrix {
                     0.861106,-0.504640, 0.061922, 0.000000,
                     0.507859, 0.847996,-0.151600, 0.000000,
                     0.023994, 0.161992, 0.986501, 0.000000,
                     0.364170, 9.283620,-0.000005, 1.000000;;
                  }
                } // End of Armature_head
              } // End of Armature_neck_01
            } // End of Armature_spine_03
          } // End of Armature_spine_02
        } // End of Armature_spine_01
        Frame Armature_sword_holder {
          FrameTransformMatrix {
            -0.909312, 0.370363, 0.189680, 0.000000,
            -0.355306,-0.928335, 0.109324, 0.000000,
             0.216576, 0.032015, 0.975741, 0.000000,
            13.979995,19.493000,16.301010, 1.000000;;
          }
        } // End of Armature_sword_holder
        Frame Armature_thigh_l {
          FrameTransformMatrix {
            -0.449311,-0.875973,-0.175473, 0.000000,
            -0.791642, 0.299362, 0.532621, 0.000000,
            -0.414032, 0.378225,-0.827963, 0.000000,
            -1.448824, 0.531432, 9.005823, 1.000000;;
          }
          Frame Armature_calf_l {
            FrameTransformMatrix {
               0.430309,-0.902653,-0.007194, 0.000000,
               0.898059, 0.428898,-0.097655, 0.000000,
               0.091234, 0.035561, 0.995194, 0.000000,
              -0.092399,42.372883, 0.015342, 1.000000;;
            }
            Frame Armature_calf_twist_01_l {
              FrameTransformMatrix {
                 0.999877,-0.015223, 0.003638, 0.000000,
                 0.015237, 0.999877,-0.003824, 0.000000,
                -0.003579, 0.003879, 0.999986, 0.000000,
                -0.000037,20.476784, 0.000001, 1.000000;;
              }
            } // End of Armature_calf_twist_01_l
            Frame Armature_foot_l {
              FrameTransformMatrix {
                 0.354330,-0.776188,-0.521520, 0.000000,
                -0.901430,-0.431864, 0.030304, 0.000000,
                -0.248747, 0.459376,-0.852701, 0.000000,
                -0.000258,40.196541, 0.000531, 1.000000;;
              }
              Frame Armature_ball_l {
                FrameTransformMatrix {
                   0.010394, 0.999946, 0.000187, 0.000000,
                  -0.999946, 0.010394, 0.000074, 0.000000,
                   0.000072,-0.000188, 1.000000, 0.000000,
                  -10.453841,16.577847,-0.080156, 1.000000;;
                }
              } // End of Armature_ball_l
            } // End of Armature_foot_l
          } // End of Armature_calf_l
          Frame Armature_thigh_twist_01_l {
            FrameTransformMatrix {
               0.979245,-0.000962,-0.202677, 0.000000,
               0.000982, 1.000000,-0.000004, 0.000000,
               0.202677,-0.000196, 0.979246, 0.000000,
              -0.000002,22.094225, 0.000000, 1.000000;;
            }
          } // End of Armature_thigh_twist_01_l
        } // End of Armature_thigh_l
        Frame Armature_thigh_r {
          FrameTransformMatrix {
             0.609769, 0.771556, 0.181337, 0.000000,
            -0.591583, 0.595322,-0.543710, 0.000000,
            -0.527457, 0.224261, 0.819449, 0.000000,
            -1.448644, 0.531427,-9.005809, 1.000000;;
          }
          Frame Armature_calf_r {
            FrameTransformMatrix {
               0.339208, 0.940690,-0.006373, 0.000000,
              -0.935795, 0.336736,-0.104389, 0.000000,
              -0.096052, 0.041374, 0.994516, 0.000000,
               0.112270,42.362122, 0.018272, 1.000000;;
            }
            Frame Armature_calf_twist_01_r {
              FrameTransformMatrix {
                 0.999748, 0.015296, 0.016455, 0.000000,
                -0.015235, 0.999876,-0.003824, 0.000000,
                -0.016512, 0.003572, 0.999857, 0.000000,
                 0.000003,20.476919, 0.000006, 1.000000;;
              }
            } // End of Armature_calf_twist_01_r
            Frame Armature_foot_r {
              FrameTransformMatrix {
                 0.284170, 0.842671, 0.457332, 0.000000,
                 0.931817,-0.355050, 0.075211, 0.000000,
                 0.225754, 0.404777,-0.886110, 0.000000,
                 0.000187,40.196743, 0.000465, 1.000000;;
              }
              Frame Armature_ball_r {
                FrameTransformMatrix {
                   0.005156,-0.999987, 0.000496, 0.000000,
                   0.999987, 0.005156, 0.000070, 0.000000,
                  -0.000072, 0.000495, 1.000000, 0.000000,
                  10.453817,16.577785,-0.080124, 1.000000;;
                }
              } // End of Armature_ball_r
            } // End of Armature_foot_r
          } // End of Armature_calf_r
          Frame Armature_thigh_twist_01_r {
            FrameTransformMatrix {
               0.990496, 0.000974,-0.137540, 0.000000,
              -0.000983, 1.000000,-0.000003, 0.000000,
               0.137539, 0.000138, 0.990496, 0.000000,
               0.000008,22.094231, 0.000017, 1.000000;;
            }
          } // End of Armature_thigh_twist_01_r
        } // End of Armature_thigh_r
      } // End of Armature_pelvis
    } // End of Armature_root
  } // End of Armature
} // End of Root
AnimationSet Global {
  Animation {
    {Armature}
    AnimationKey { // Rotation
      0;
      81;
      0;4;-0.707107, 0.707107, 0.000000, 0.000000;;,
      1;4;-0.707107, 0.707107, 0.000000, 0.000000;;,
      2;4;-0.707107, 0.707107, 0.000000, 0.000000;;,
      3;4;-0.707107, 0.707107, 0.000000, 0.000000;;,
      4;4;-0.707107, 0.707107, 0.000000, 0.000000;;,
      5;4;-0.707107, 0.707107, 0.000000, 0.000000;;,
      6;4;-0.707107, 0.707107, 0.000000, 0.000000;;,
      7;4;-0.707107, 0.707107, 0.000000, 0.000000;;,
      8;4;-0.707107, 0.707107, 0.000000, 0.000000;;,
      9;4;-0.707107, 0.707107, 0.000000, 0.000000;;,
      10;4;-0.707107, 0.707107, 0.000000, 0.000000;;,
      11;4;-0.707107, 0.707107, 0.000000, 0.000000;;,
      12;4;-0.707107, 0.707107, 0.000000, 0.000000;;,
      13;4;-0.707107, 0.707107, 0.000000, 0.000000;;,
      14;4;-0.707107, 0.707107, 0.000000, 0.000000;;,
      15;4;-0.707107, 0.707107, 0.000000, 0.000000;;,
      16;4;-0.707107, 0.707107, 0.000000, 0.000000;;,
      17;4;-0.707107, 0.707107, 0.000000, 0.000000;;,
      18;4;-0.707107, 0.707107, 0.000000, 0.000000;;,
      19;4;-0.707107, 0.707107, 0.000000, 0.000000;;,
      20;4;-0.707107, 0.707107, 0.000000, 0.000000;;,
      21;4;-0.707107, 0.707107, 0.000000, 0.000000;;,
      22;4;-0.707107, 0.707107, 0.000000, 0.000000;;,
      23;4;-0.707107, 0.707107, 0.000000, 0.000000;;,
      24;4;-0.707107, 0.707107, 0.000000, 0.000000;;,
      25;4;-0.707107, 0.707107, 0.000000, 0.000000;;,
      26;4;-0.707107, 0.707107, 0.000000, 0.000000;;,
      27;4;-0.707107, 0.707107, 0.000000, 0.000000;;,
      28;4;-0.707107, 0.707107, 0.000000, 0.000000;;,
      29;4;-0.707107, 0.707107, 0.000000, 0.000000;;,
      30;4;-0.707107, 0.707107, 0.000000, 0.000000;;,
      31;4;-0.707107, 0.707107, 0.000000, 0.000000;;,
      32;4;-0.707107, 0.707107, 0.000000, 0.000000;;,
      33;4;-0.707107, 0.707107, 0.000000, 0.000000;;,
      34;4;-0.707107, 0.707107, 0.000000, 0.000000;;,
      35;4;-0.707107, 0.707107, 0.000000, 0.000000;;,
      36;4;-0.707107, 0.707107, 0.000000, 0.000000;;,
      37;4;-0.707107, 0.707107, 0.000000, 0.000000;;,
      38;4;-0.707107, 0.707107, 0.000000, 0.000000;;,
      39;4;-0.707107, 0.707107, 0.000000, 0.000000;;,
      40;4;-0.707107, 0.707107, 0.000000, 0.000000;;,
      41;4;-0.707107, 0.707107, 0.000000, 0.000000;;,
      42;4;-0.707107, 0.707107, 0.000000, 0.000000;;,
      43;4;-0.707107, 0.707107, 0.000000, 0.000000;;,
      44;4;-0.707107, 0.707107, 0.000000, 0.000000;;,
      45;4;-0.707107, 0.707107, 0.000000, 0.000000;;,
      46;4;-0.707107, 0.707107, 0.000000, 0.000000;;,
      47;4;-0.707107, 0.707107, 0.000000, 0.000000;;,
      48;4;-0.707107, 0.707107, 0.000000, 0.000000;;,
      49;4;-0.707107, 0.707107, 0.000000, 0.000000;;,
      50;4;-0.707107, 0.707107, 0.000000, 0.000000;;,
      51;4;-0.707107, 0.707107, 0.000000, 0.000000;;,
      52;4;-0.707107, 0.707107, 0.000000, 0.000000;;,
      53;4;-0.707107, 0.707107, 0.000000, 0.000000;;,
      54;4;-0.707107, 0.707107, 0.000000, 0.000000;;,
      55;4;-0.707107, 0.707107, 0.000000, 0.000000;;,
      56;4;-0.707107, 0.707107, 0.000000, 0.000000;;,
      57;4;-0.707107, 0.707107, 0.000000, 0.000000;;,
      58;4;-0.707107, 0.707107, 0.000000, 0.000000;;,
      59;4;-0.707107, 0.707107, 0.000000, 0.000000;;,
      60;4;-0.707107, 0.707107, 0.000000, 0.000000;;,
      61;4;-0.707107, 0.707107, 0.000000, 0.000000;;,
      62;4;-0.707107, 0.707107, 0.000000, 0.000000;;,
      63;4;-0.707107, 0.707107, 0.000000, 0.000000;;,
      64;4;-0.707107, 0.707107, 0.000000, 0.000000;;,
      65;4;-0.707107, 0.707107, 0.000000, 0.000000;;,
      66;4;-0.707107, 0.707107, 0.000000, 0.000000;;,
      67;4;-0.707107, 0.707107, 0.000000, 0.000000;;,
      68;4;-0.707107, 0.707107, 0.000000, 0.000000;;,
      69;4;-0.707107, 0.707107, 0.000000, 0.000000;;,
      70;4;-0.707107, 0.707107, 0.000000, 0.000000;;,
      71;4;-0.707107, 0.707107, 0.000000, 0.000000;;,
      72;4;-0.707107, 0.707107, 0.000000, 0.000000;;,
      73;4;-0.707107, 0.707107, 0.000000, 0.000000;;,
      74;4;-0.707107, 0.707107, 0.000000, 0.000000;;,
      75;4;-0.707107, 0.707107, 0.000000, 0.000000;;,
      76;4;-0.707107, 0.707107, 0.000000, 0.000000;;,
      77;4;-0.707107, 0.707107, 0.000000, 0.000000;;,
      78;4;-0.707107, 0.707107, 0.000000, 0.000000;;,
      79;4;-0.707107, 0.707107, 0.000000, 0.000000;;,
      80;4;-0.707107, 0.707107, 0.000000, 0.000000;;;
    }
    AnimationKey { // Scale
      1;
      81;
      0;3; 0.010000, 0.010000, 0.010000;;,
      1;3; 0.010000, 0.010000, 0.010000;;,
      2;3; 0.010000, 0.010000, 0.010000;;,
      3;3; 0.010000, 0.010000, 0.010000;;,
      4;3; 0.010000, 0.010000, 0.010000;;,
      5;3; 0.010000, 0.010000, 0.010000;;,
      6;3; 0.010000, 0.010000, 0.010000;;,
      7;3; 0.010000, 0.010000, 0.010000;;,
      8;3; 0.010000, 0.010000, 0.010000;;,
      9;3; 0.010000, 0.010000, 0.010000;;,
      10;3; 0.010000, 0.010000, 0.010000;;,
      11;3; 0.010000, 0.010000, 0.010000;;,
      12;3; 0.010000, 0.010000, 0.010000;;,
      13;3; 0.010000, 0.010000, 0.010000;;,
      14;3; 0.010000, 0.010000, 0.010000;;,
      15;3; 0.010000, 0.010000, 0.010000;;,
      16;3; 0.010000, 0.010000, 0.010000;;,
      17;3; 0.010000, 0.010000, 0.010000;;,
      18;3; 0.010000, 0.010000, 0.010000;;,
      19;3; 0.010000, 0.010000, 0.010000;;,
      20;3; 0.010000, 0.010000, 0.010000;;,
      21;3; 0.010000, 0.010000, 0.010000;;,
      22;3; 0.010000, 0.010000, 0.010000;;,
      23;3; 0.010000, 0.010000, 0.010000;;,
      24;3; 0.010000, 0.010000, 0.010000;;,
      25;3; 0.010000, 0.010000, 0.010000;;,
      26;3; 0.010000, 0.010000, 0.010000;;,
      27;3; 0.010000, 0.010000, 0.010000;;,
      28;3; 0.010000, 0.010000, 0.010000;;,
      29;3; 0.010000, 0.010000, 0.010000;;,
      30;3; 0.010000, 0.010000, 0.010000;;,
      31;3; 0.010000, 0.010000, 0.010000;;,
      32;3; 0.010000, 0.010000, 0.010000;;,
      33;3; 0.010000, 0.010000, 0.010000;;,
      34;3; 0.010000, 0.010000, 0.010000;;,
      35;3; 0.010000, 0.010000, 0.010000;;,
      36;3; 0.010000, 0.010000, 0.010000;;,
      37;3; 0.010000, 0.010000, 0.010000;;,
      38;3; 0.010000, 0.010000, 0.010000;;,
      39;3; 0.010000, 0.010000, 0.010000;;,
      40;3; 0.010000, 0.010000, 0.010000;;,
      41;3; 0.010000, 0.010000, 0.010000;;,
      42;3; 0.010000, 0.010000, 0.010000;;,
      43;3; 0.010000, 0.010000, 0.010000;;,
      44;3; 0.010000, 0.010000, 0.010000;;,
      45;3; 0.010000, 0.010000, 0.010000;;,
      46;3; 0.010000, 0.010000, 0.010000;;,
      47;3; 0.010000, 0.010000, 0.010000;;,
      48;3; 0.010000, 0.010000, 0.010000;;,
      49;3; 0.010000, 0.010000, 0.010000;;,
      50;3; 0.010000, 0.010000, 0.010000;;,
      51;3; 0.010000, 0.010000, 0.010000;;,
      52;3; 0.010000, 0.010000, 0.010000;;,
      53;3; 0.010000, 0.010000, 0.010000;;,
      54;3; 0.010000, 0.010000, 0.010000;;,
      55;3; 0.010000, 0.010000, 0.010000;;,
      56;3; 0.010000, 0.010000, 0.010000;;,
      57;3; 0.010000, 0.010000, 0.010000;;,
      58;3; 0.010000, 0.010000, 0.010000;;,
      59;3; 0.010000, 0.010000, 0.010000;;,
      60;3; 0.010000, 0.010000, 0.010000;;,
      61;3; 0.010000, 0.010000, 0.010000;;,
      62;3; 0.010000, 0.010000, 0.010000;;,
      63;3; 0.010000, 0.010000, 0.010000;;,
      64;3; 0.010000, 0.010000, 0.010000;;,
      65;3; 0.010000, 0.010000, 0.010000;;,
      66;3; 0.010000, 0.010000, 0.010000;;,
      67;3; 0.010000, 0.010000, 0.010000;;,
      68;3; 0.010000, 0.010000, 0.010000;;,
      69;3; 0.010000, 0.010000, 0.010000;;,
      70;3; 0.010000, 0.010000, 0.010000;;,
      71;3; 0.010000, 0.010000, 0.010000;;,
      72;3; 0.010000, 0.010000, 0.010000;;,
      73;3; 0.010000, 0.010000, 0.010000;;,
      74;3; 0.010000, 0.010000, 0.010000;;,
      75;3; 0.010000, 0.010000, 0.010000;;,
      76;3; 0.010000, 0.010000, 0.010000;;,
      77;3; 0.010000, 0.010000, 0.010000;;,
      78;3; 0.010000, 0.010000, 0.010000;;,
      79;3; 0.010000, 0.010000, 0.010000;;,
      80;3; 0.010000, 0.010000, 0.010000;;;
    }
    AnimationKey { // Position
      2;
      81;
      0;3; 0.000000, 0.000000, 0.000000;;,
      1;3; 0.000000, 0.000000, 0.000000;;,
      2;3; 0.000000, 0.000000, 0.000000;;,
      3;3; 0.000000, 0.000000, 0.000000;;,
      4;3; 0.000000, 0.000000, 0.000000;;,
      5;3; 0.000000, 0.000000, 0.000000;;,
      6;3; 0.000000, 0.000000, 0.000000;;,
      7;3; 0.000000, 0.000000, 0.000000;;,
      8;3; 0.000000, 0.000000, 0.000000;;,
      9;3; 0.000000, 0.000000, 0.000000;;,
      10;3; 0.000000, 0.000000, 0.000000;;,
      11;3; 0.000000, 0.000000, 0.000000;;,
      12;3; 0.000000, 0.000000, 0.000000;;,
      13;3; 0.000000, 0.000000, 0.000000;;,
      14;3; 0.000000, 0.000000, 0.000000;;,
      15;3; 0.000000, 0.000000, 0.000000;;,
      16;3; 0.000000, 0.000000, 0.000000;;,
      17;3; 0.000000, 0.000000, 0.000000;;,
      18;3; 0.000000, 0.000000, 0.000000;;,
      19;3; 0.000000, 0.000000, 0.000000;;,
      20;3; 0.000000, 0.000000, 0.000000;;,
      21;3; 0.000000, 0.000000, 0.000000;;,
      22;3; 0.000000, 0.000000, 0.000000;;,
      23;3; 0.000000, 0.000000, 0.000000;;,
      24;3; 0.000000, 0.000000, 0.000000;;,
      25;3; 0.000000, 0.000000, 0.000000;;,
      26;3; 0.000000, 0.000000, 0.000000;;,
      27;3; 0.000000, 0.000000, 0.000000;;,
      28;3; 0.000000, 0.000000, 0.000000;;,
      29;3; 0.000000, 0.000000, 0.000000;;,
      30;3; 0.000000, 0.000000, 0.000000;;,
      31;3; 0.000000, 0.000000, 0.000000;;,
      32;3; 0.000000, 0.000000, 0.000000;;,
      33;3; 0.000000, 0.000000, 0.000000;;,
      34;3; 0.000000, 0.000000, 0.000000;;,
      35;3; 0.000000, 0.000000, 0.000000;;,
      36;3; 0.000000, 0.000000, 0.000000;;,
      37;3; 0.000000, 0.000000, 0.000000;;,
      38;3; 0.000000, 0.000000, 0.000000;;,
      39;3; 0.000000, 0.000000, 0.000000;;,
      40;3; 0.000000, 0.000000, 0.000000;;,
      41;3; 0.000000, 0.000000, 0.000000;;,
      42;3; 0.000000, 0.000000, 0.000000;;,
      43;3; 0.000000, 0.000000, 0.000000;;,
      44;3; 0.000000, 0.000000, 0.000000;;,
      45;3; 0.000000, 0.000000, 0.000000;;,
      46;3; 0.000000, 0.000000, 0.000000;;,
      47;3; 0.000000, 0.000000, 0.000000;;,
      48;3; 0.000000, 0.000000, 0.000000;;,
      49;3; 0.000000, 0.000000, 0.000000;;,
      50;3; 0.000000, 0.000000, 0.000000;;,
      51;3; 0.000000, 0.000000, 0.000000;;,
      52;3; 0.000000, 0.000000, 0.000000;;,
