xof 0303txt 0032

template XSkinMeshHeader {
  <3cf169ce-ff7c-44ab-93c0-f78f62d172e2>
  WORD nMaxSkinWeightsPerVertex;
  WORD nMaxSkinWeightsPerFace;
  WORD nBones;
}

template SkinWeights {
  <6f0d123b-bad2-4167-a0d0-80224f25fabb>
  STRING transformNodeName;
  DWORD nWeights;
  array DWORD vertexIndices[nWeights];
  array float weights[nWeights];
  Matrix4x4 matrixOffset;
}

Frame Root {
  FrameTransformMatrix {
     1.000000, 0.000000, 0.000000, 0.000000,
     0.000000,-0.000000, 1.000000, 0.000000,
     0.000000, 1.000000, 0.000000, 0.000000,
     0.000000, 0.000000, 0.000000, 1.000000;;
  }
  Frame Armature {
    FrameTransformMatrix {
       0.010000, 0.000000, 0.000000, 0.000000,
       0.000000,-0.000000, 0.010000, 0.000000,
       0.000000,-0.010000,-0.000000, 0.000000,
       0.000000, 0.000000, 0.000000, 1.000000;;
    }
    Frame Armature_root {
      FrameTransformMatrix {
         1.000000, 0.000000, 0.000000, 0.000000,
         0.000000, 1.000000,-0.000000, 0.000000,
         0.000000, 0.000000, 1.000000, 0.000000,
         0.000000, 0.000000, 0.000000, 1.000000;;
      }
      Frame Armature_ik_foot_root {
        FrameTransformMatrix {
           1.000000, 0.000000, 0.000000, 0.000000,
           0.000000, 0.000000,-1.000000, 0.000000,
           0.000000, 1.000000, 0.000000, 0.000000,
           0.000000, 0.000000, 0.000000, 1.000000;;
        }
        Frame Armature_ik_foot_l {
          FrameTransformMatrix {
            -0.017528,-0.011666, 0.999778, 0.000000,
             0.021556, 0.999695, 0.012043, 0.000000,
            -0.999614, 0.021762,-0.017272, 0.000000,
            27.508148,-13.964253,13.551296, 1.000000;;
          }
        } // End of Armature_ik_foot_l
        Frame Armature_ik_foot_r {
          FrameTransformMatrix {
             0.009264, 0.011742,-0.999888, 0.000000,
            -0.964694,-0.263097,-0.012027, 0.000000,
            -0.263208, 0.964698, 0.008890, 0.000000,
            -11.096523,30.855326,13.472945, 1.000000;;
          }
        } // End of Armature_ik_foot_r
      } // End of Armature_ik_foot_root
      Frame Armature_ik_hand_root {
        FrameTransformMatrix {
           1.000000, 0.000000, 0.000000, 0.000000,
           0.000000, 1.000000, 0.000000, 0.000000,
           0.000000,-0.000000, 1.000000, 0.000000,
           0.000000, 0.000000, 0.000000, 1.000000;;
        }
        Frame Armature_ik_hand_gun {
          FrameTransformMatrix {
            -0.609639, 0.426215,-0.668342, 0.000000,
            -0.126620, 0.779956, 0.612891, 0.000000,
             0.782501, 0.458268,-0.421524, 0.000000,
            -6.648113,92.632156,-44.700100, 1.000000;;
          }
          Frame Armature_ik_hand_l {
            FrameTransformMatrix {
               0.379212,-0.915651,-0.133350, 0.000000,
              -0.582037,-0.124009,-0.803651, 0.000000,
               0.719327, 0.382368,-0.579968, 0.000000,
              -63.014458,35.921692,-1.309023, 1.000000;;
            }
          } // End of Armature_ik_hand_l
          Frame Armature_ik_hand_r {
            FrameTransformMatrix {
               1.000000,-0.000000,-0.000000, 0.000000,
               0.000000, 1.000000,-0.000000, 0.000000,
              -0.000000,-0.000000, 1.000000, 0.000000,
               0.000001, 0.000003, 0.000004, 1.000000;;
            }
          } // End of Armature_ik_hand_r
        } // End of Armature_ik_hand_gun
      } // End of Armature_ik_hand_root
      Frame Armature_pelvis {
        FrameTransformMatrix {
           0.218265, 0.968111,-0.122969, 0.000000,
          -0.805956, 0.249872, 0.536656, 0.000000,
           0.550269,-0.018025, 0.834793, 0.000000,
           0.266246,93.183044,-2.139818, 1.000000;;
        }
        Frame Armature_spine_01 {
          FrameTransformMatrix {
             0.099223,-0.994259, 0.040057, 0.000000,
             0.993059, 0.096388,-0.067407, 0.000000,
             0.063158, 0.046467, 0.996921, 0.000000,
            10.808878, 0.851413,-0.000001, 1.000000;;
          }
          Frame Armature_spine_02 {
            FrameTransformMatrix {
               0.969008, 0.243146,-0.043638, 0.000000,
              -0.243327, 0.969944, 0.001190, 0.000000,
               0.042616, 0.009465, 0.999047, 0.000000,
               3.799579,18.803820, 0.197478, 1.000000;;
            }
            Frame Armature_spine_03 {
              FrameTransformMatrix {
                 0.996789, 0.064106,-0.047993, 0.000000,
                -0.060915, 0.996009, 0.065226, 0.000000,
                 0.051983,-0.062093, 0.996716, 0.000000,
                 0.418758,13.412372, 0.040523, 1.000000;;
              }
              Frame Armature_clavicle_l {
                FrameTransformMatrix {
                   0.889723, 0.146062,-0.432502, 0.000000,
                   0.445144,-0.067586, 0.892905, 0.000000,
                   0.101188,-0.986964,-0.125151, 0.000000,
                  -2.732090,11.883677, 3.781983, 1.000000;;
                }
                Frame Armature_upperarm_l {
                  FrameTransformMatrix {
                     0.892933, 0.440966, 0.090662, 0.000000,
                    -0.255815, 0.331291, 0.908187, 0.000000,
                     0.370444,-0.834143, 0.408627, 0.000000,
                     0.000001,15.784882, 0.000031, 1.000000;;
                  }
                  Frame Armature_lowerarm_l {
                    FrameTransformMatrix {
                       0.896878, 0.442278, 0.000001, 0.000000,
                      -0.442278, 0.896878,-0.000001, 0.000000,
                      -0.000001, 0.000000, 1.000000, 0.000000,
                       0.000005,30.339943, 0.000002, 1.000000;;
                    }
                    Frame Armature_hand_l {
                      FrameTransformMatrix {
                         0.348967, 0.282847, 0.893431, 0.000000,
                        -0.333801, 0.928352,-0.163522, 0.000000,
                        -0.875670,-0.241164, 0.418379, 0.000000,
                        -0.000009,26.975174,-0.000005, 1.000000;;
                      }
                      Frame Armature_index_01_l {
                        FrameTransformMatrix {
                           0.800537,-0.532902,-0.274145, 0.000000,
                           0.545005, 0.837627,-0.036755, 0.000000,
                           0.249218,-0.119986, 0.960985, 0.000000,
                           1.763465,12.068121, 2.109396, 1.000000;;
                        }
                        Frame Armature_index_02_l {
                          FrameTransformMatrix {
                             0.760098,-0.645652,-0.073386, 0.000000,
                             0.649749, 0.756701, 0.072318, 0.000000,
                             0.008839,-0.102651, 0.994678, 0.000000,
                            -0.000000, 4.287506,-0.000000, 1.000000;;
                          }
                          Frame Armature_index_03_l {
                            FrameTransformMatrix {
                               0.905371,-0.424184,-0.019286, 0.000000,
                               0.424088, 0.905576,-0.009032, 0.000000,
                               0.021296,-0.000001, 0.999773, 0.000000,
                               0.000000, 3.393812, 0.000000, 1.000000;;
                            }
                          } // End of Armature_index_03_l
                        } // End of Armature_index_02_l
                      } // End of Armature_index_01_l
                      Frame Armature_middle_01_l {
                        FrameTransformMatrix {
                           0.656226,-0.752827, 0.051171, 0.000000,
                           0.747305, 0.639032,-0.182137, 0.000000,
                           0.104418, 0.157763, 0.981941, 0.000000,
                           1.293645,12.244289,-0.571160, 1.000000;;
                        }
                        Frame Armature_middle_02_l {
                          FrameTransformMatrix {
                             0.660066,-0.750859,-0.022898, 0.000000,
                             0.749198, 0.655767, 0.093121, 0.000000,
                            -0.054905,-0.078622, 0.995391, 0.000000,
                             0.000001, 4.640377, 0.000001, 1.000000;;
                          }
                          Frame Armature_middle_03_l {
                            FrameTransformMatrix {
                               0.887977,-0.459880,-0.002908, 0.000000,
                               0.459877, 0.887981,-0.001506, 0.000000,
                               0.003274,-0.000000, 0.999995, 0.000000,
                               0.000001, 3.648845,-0.000001, 1.000000;;
                            }
                          } // End of Armature_middle_03_l
                        } // End of Armature_middle_02_l
                      } // End of Armature_middle_01_l
                      Frame Armature_pinky_01_l {
                        FrameTransformMatrix {
                           0.461877,-0.758254, 0.460131, 0.000000,
                           0.878029, 0.464264,-0.116295, 0.000000,
                          -0.125441, 0.457723, 0.880201, 0.000000,
                           2.263148,10.140676,-4.643150, 1.000000;;
                        }
                        Frame Armature_pinky_02_l {
                          FrameTransformMatrix {
                             0.497025,-0.867223,-0.029840, 0.000000,
                             0.866784, 0.497797,-0.029730, 0.000000,
                             0.040637,-0.011088, 0.999113, 0.000000,
                            -0.000002, 3.570981, 0.000000, 1.000000;;
                          }
                          Frame Armature_pinky_03_l {
                            FrameTransformMatrix {
                               0.712790,-0.701359,-0.005109, 0.000000,
                               0.701341, 0.712808,-0.005026, 0.000000,
                               0.007167,-0.000000, 0.999974, 0.000000,
                               0.000005, 2.985632, 0.000001, 1.000000;;
                            }
                          } // End of Armature_pinky_03_l
                        } // End of Armature_pinky_02_l
                      } // End of Armature_pinky_01_l
                      Frame Armature_ring_01_l {
                        FrameTransformMatrix {
                           0.459577,-0.812320, 0.359060, 0.000000,
                           0.882274, 0.463950,-0.079644, 0.000000,
                          -0.101889, 0.353392, 0.929910, 0.000000,
                           1.753523,11.497892,-2.846913, 1.000000;;
                        }
                        Frame Armature_ring_02_l {
                          FrameTransformMatrix {
                             0.846938,-0.531538,-0.012769, 0.000000,
                             0.531603, 0.846991, 0.002060, 0.000000,
                             0.009720,-0.008532, 0.999916, 0.000000,
                             0.000000, 4.430178, 0.000001, 1.000000;;
                          }
                          Frame Armature_ring_03_l {
                            FrameTransformMatrix {
                               0.912721,-0.408583, 0.000365, 0.000000,
                               0.408583, 0.912722, 0.000164, 0.000000,
                              -0.000400,-0.000001, 1.000000, 0.000000,
                               0.000002, 3.476653,-0.000002, 1.000000;;
                            }
                          } // End of Armature_ring_03_l
                        } // End of Armature_ring_02_l
                      } // End of Armature_ring_01_l
                      Frame Armature_thumb_01_l {
                        FrameTransformMatrix {
                          -0.049888, 0.340788,-0.938816, 0.000000,
                           0.696399, 0.685662, 0.211887, 0.000000,
                           0.715919,-0.643220,-0.271531, 0.000000,
                           2.374979, 4.762046, 2.537817, 1.000000;;
                        }
                        Frame Armature_thumb_02_l {
                          FrameTransformMatrix {
                             0.994918,-0.094574,-0.034563, 0.000000,
                             0.097443, 0.990808, 0.093834, 0.000000,
                             0.025371,-0.096725, 0.994988, 0.000000,
                            -0.000003, 3.869682,-0.000001, 1.000000;;
                          }
                          Frame Armature_thumb_03_l {
                            FrameTransformMatrix {
                               0.993104,-0.092367,-0.072197, 0.000000,
                               0.099653, 0.989482, 0.104856, 0.000000,
                               0.061753,-0.111328, 0.991863, 0.000000,
                               0.000003, 4.062161,-0.000001, 1.000000;;
                            }
                          } // End of Armature_thumb_03_l
                        } // End of Armature_thumb_02_l
                      } // End of Armature_thumb_01_l
                    } // End of Armature_hand_l
                    Frame Armature_lowerarm_twist_01_l {
                      FrameTransformMatrix {
                         0.982589, 0.000000,-0.185791, 0.000000,
                        -0.000000, 1.000000, 0.000000, 0.000000,
                         0.185791,-0.000000, 0.982589, 0.000000,
                        -0.000003,14.000013,-0.000004, 1.000000;;
                      }
                    } // End of Armature_lowerarm_twist_01_l
                  } // End of Armature_lowerarm_l
                  Frame Armature_upperarm_twist_01_l {
                    FrameTransformMatrix {
                       0.987282,-0.000000,-0.158976, 0.000000,
                       0.000000, 1.000000,-0.000000, 0.000000,
                       0.158976, 0.000000, 0.987282, 0.000000,
                      -0.000003, 0.499997, 0.000001, 1.000000;;
                    }
                  } // End of Armature_upperarm_twist_01_l
                } // End of Armature_upperarm_l
              } // End of Armature_clavicle_l
              Frame Armature_clavicle_r {
                FrameTransformMatrix {
                  -0.945834,-0.129491,-0.297709, 0.000000,
                   0.313345,-0.124216,-0.941480, 0.000000,
                   0.084933,-0.983769, 0.158063, 0.000000,
                  -2.732107,11.883775,-3.782005, 1.000000;;
                }
                Frame Armature_upperarm_r {
                  FrameTransformMatrix {
                     0.994115,-0.013151,-0.107534, 0.000000,
                     0.101722, 0.454799, 0.884766, 0.000000,
                     0.037271,-0.890497, 0.453460, 0.000000,
                    -0.000046,15.784743, 0.000077, 1.000000;;
                  }
                  Frame Armature_lowerarm_r {
                    FrameTransformMatrix {
                       0.984122,-0.111448,-0.138143, 0.000000,
                       0.114541, 0.993311, 0.014622, 0.000000,
                       0.135589,-0.030213, 0.990304, 0.000000,
                       0.000004,30.340046,-0.000004, 1.000000;;
                    }
                    Frame Armature_hand_r {
                      FrameTransformMatrix {
                         0.414125,-0.103333,-0.904336, 0.000000,
                        -0.273845, 0.933360,-0.232052, 0.000000,
                         0.868050, 0.343746, 0.358230, 0.000000,
                        -0.000012,26.975248,-0.000009, 1.000000;;
                      }
                      Frame Armature_index_01_r {
                        FrameTransformMatrix {
                           0.680581, 0.711085, 0.176543, 0.000000,
                          -0.685834, 0.703073,-0.187937, 0.000000,
                          -0.257762, 0.006827, 0.966184, 0.000000,
                          -1.763748,12.067945, 2.109436, 1.000000;;
                        }
                        Frame Armature_index_02_r {
                          FrameTransformMatrix {
                            -0.096420, 0.990319, 0.099857, 0.000000,
                            -0.995295,-0.094971,-0.019175, 0.000000,
                            -0.009505,-0.101236, 0.994817, 0.000000,
                             0.000095, 4.287684,-0.000070, 1.000000;;
                          }
                          Frame Armature_index_03_r {
                            FrameTransformMatrix {
                               0.666917, 0.744997, 0.014206, 0.000000,
                              -0.744828, 0.667068,-0.015868, 0.000000,
                              -0.021298, 0.000002, 0.999773, 0.000000,
                               0.000123, 3.393794,-0.000018, 1.000000;;
                            }
                          } // End of Armature_index_03_r
                        } // End of Armature_index_02_r
                      } // End of Armature_index_01_r
                      Frame Armature_middle_01_r {
                        FrameTransformMatrix {
                           0.441930, 0.896672,-0.026033, 0.000000,
                          -0.895749, 0.439541,-0.066612, 0.000000,
                          -0.048286, 0.052757, 0.997439, 0.000000,
                          -1.293751,12.244117,-0.571124, 1.000000;;
                        }
                        Frame Armature_middle_02_r {
                          FrameTransformMatrix {
                             0.178865, 0.979905, 0.088288, 0.000000,
                            -0.981563, 0.171578, 0.084233, 0.000000,
                             0.067392,-0.101726, 0.992527, 0.000000,
                            -0.000143, 4.640569, 0.000017, 1.000000;;
                          }
                          Frame Armature_middle_03_r {
                            FrameTransformMatrix {
                               0.131028, 0.991379, 0.000428, 0.000000,
                              -0.991373, 0.131029,-0.003245, 0.000000,
                              -0.003273, 0.000000, 0.999995, 0.000000,
                               0.000008, 3.648909,-0.000002, 1.000000;;
                            }
                          } // End of Armature_middle_03_r
                        } // End of Armature_middle_02_r
                      } // End of Armature_middle_01_r
                      Frame Armature_pinky_01_r {
                        FrameTransformMatrix {
                           0.827082, 0.473668,-0.302613, 0.000000,
                          -0.535494, 0.827640,-0.168104, 0.000000,
                           0.170829, 0.301083, 0.938172, 0.000000,
                          -2.263379,10.140606,-4.643093, 1.000000;;
                        }
                        Frame Armature_pinky_02_r {
                          FrameTransformMatrix {
                             0.135752, 0.989591, 0.047759, 0.000000,
                            -0.990284, 0.136998,-0.023853, 0.000000,
                            -0.030148,-0.044057, 0.998574, 0.000000,
                            -0.000008, 3.571074,-0.000002, 1.000000;;
                          }
                          Frame Armature_pinky_03_r {
                            FrameTransformMatrix {
                              -0.138516, 0.990360,-0.000988, 0.000000,
                              -0.990335,-0.138519,-0.007067, 0.000000,
                              -0.007136,-0.000001, 0.999975, 0.000000,
                               0.000328, 2.985497,-0.000041, 1.000000;;
                            }
                          } // End of Armature_pinky_03_r
                        } // End of Armature_pinky_02_r
                      } // End of Armature_pinky_01_r
                      Frame Armature_ring_01_r {
                        FrameTransformMatrix {
                           0.488692, 0.835028,-0.252801, 0.000000,
                          -0.863052, 0.505116, 0.000075, 0.000000,
                           0.127757, 0.218143, 0.967518, 0.000000,
                          -1.753796,11.497980,-2.846908, 1.000000;;
                        }
                        Frame Armature_ring_02_r {
                          FrameTransformMatrix {
                            -0.098078, 0.994968, 0.020480, 0.000000,
                            -0.995158,-0.097922,-0.008493, 0.000000,
                            -0.006445,-0.021213, 0.999754, 0.000000,
                             0.000000, 4.429874,-0.000001, 1.000000;;
                          }
                          Frame Armature_ring_03_r {
                            FrameTransformMatrix {
                               0.264066, 0.964505,-0.000107, 0.000000,
                              -0.964504, 0.264066, 0.000404, 0.000000,
                               0.000418,-0.000003, 1.000000, 0.000000,
                              -0.000005, 3.476588,-0.000007, 1.000000;;
                            }
                          } // End of Armature_ring_03_r
                        } // End of Armature_ring_02_r
                      } // End of Armature_ring_01_r
                      Frame Armature_thumb_01_r {
                        FrameTransformMatrix {
                           0.166767,-0.399674, 0.901360, 0.000000,
                          -0.684859, 0.610703, 0.397504, 0.000000,
                          -0.709335,-0.683595,-0.171875, 0.000000,
                          -2.375127, 4.762123, 2.537808, 1.000000;;
                        }
                        Frame Armature_thumb_02_r {
                          FrameTransformMatrix {
                             0.809496, 0.587037, 0.010215, 0.000000,
                            -0.587123, 0.809317, 0.017121, 0.000000,
                             0.001783,-0.019858, 0.999801, 0.000000,
                             0.000115, 3.869566, 0.000060, 1.000000;;
                          }
                          Frame Armature_thumb_03_r {
                            FrameTransformMatrix {
                               0.696232, 0.717190, 0.029994, 0.000000,
                              -0.716525, 0.696878,-0.030869, 0.000000,
                              -0.043041, 0.000000, 0.999073, 0.000000,
                              -0.000001, 4.062187, 0.000001, 1.000000;;
                            }
                          } // End of Armature_thumb_03_r
                        } // End of Armature_thumb_02_r
                      } // End of Armature_thumb_01_r
                      Frame Armature_weapon_r {
                        FrameTransformMatrix {
                          -0.005471,-0.000002,-0.999985, 0.000000,
                          -0.000001,-1.000000, 0.000002, 0.000000,
                          -0.999985, 0.000001, 0.005471, 0.000000,
                          -4.667003,11.309011,-1.093001, 1.000000;;
                        }
                      } // End of Armature_weapon_r
                    } // End of Armature_hand_r
                    Frame Armature_lowerarm_twist_01_r {
                      FrameTransformMatrix {
                         0.999872,-0.000000,-0.015963, 0.000000,
                         0.000000, 1.000000, 0.000000, 0.000000,
                         0.015963,-0.000000, 0.999872, 0.000000,
                         0.000024,13.999999,-0.000008, 1.000000;;
                      }
                    } // End of Armature_lowerarm_twist_01_r
                  } // End of Armature_lowerarm_r
                  Frame Armature_upperarm_twist_01_r {
                    FrameTransformMatrix {
                       0.998770,-0.000000, 0.049582, 0.000000,
                       0.000000, 1.000000, 0.000000, 0.000000,
                      -0.049582,-0.000000, 0.998770, 0.000000,
                      -0.000005, 0.500010,-0.000001, 1.000000;;
                    }
                  } // End of Armature_upperarm_twist_01_r
                } // End of Armature_upperarm_r
              } // End of Armature_clavicle_r
              Frame Armature_neck_01 {
                FrameTransformMatrix {
                   0.669684, 0.417751,-0.614010, 0.000000,
                  -0.406393, 0.898153, 0.167830, 0.000000,
                   0.621585, 0.137136, 0.771249, 0.000000,
                  -0.355320,16.558760,-0.000002, 1.000000;;
                }
                Frame Armature_head {
                  FrameTransformMatrix {
                     0.990519,-0.137100,-0.008721, 0.000000,
                     0.135012, 0.959771, 0.246193, 0.000000,
                    -0.025383,-0.245037, 0.969181, 0.000000,
                     0.364167, 9.283617, 0.000002, 1.000000;;
                  }
                } // End of Armature_head
              } // End of Armature_neck_01
            } // End of Armature_spine_03
          } // End of Armature_spine_02
        } // End of Armature_spine_01
        Frame Armature_sword_holder {
          FrameTransformMatrix {
            -0.909314, 0.370364, 0.189679, 0.000000,
            -0.355306,-0.928335, 0.109325, 0.000000,
             0.216575, 0.032016, 0.975741, 0.000000,
            13.980013,19.492996,16.301003, 1.000000;;
          }
        } // End of Armature_sword_holder
        Frame Armature_thigh_l {
          FrameTransformMatrix {
            -0.159040,-0.513037,-0.843504, 0.000000,
            -0.859693,-0.348114, 0.373824, 0.000000,
            -0.485421, 0.784608,-0.385690, 0.000000,
            -1.448817, 0.531422, 9.005812, 1.000000;;
          }
          Frame Armature_calf_l {
            FrameTransformMatrix {
               0.957042,-0.274610,-0.093062, 0.000000,
               0.276409, 0.961016, 0.006770, 0.000000,
               0.087575,-0.032202, 0.995637, 0.000000,
               0.001577,42.536945, 0.000151, 1.000000;;
            }
            Frame Armature_calf_twist_01_l {
              FrameTransformMatrix {
                 0.999840,-0.015271,-0.009270, 0.000000,
                 0.015236, 0.999876,-0.003824, 0.000000,
                 0.009327, 0.003682, 0.999950, 0.000000,
                -0.000002,20.476782, 0.000000, 1.000000;;
              }
            } // End of Armature_calf_twist_01_l
            Frame Armature_foot_l {
              FrameTransformMatrix {
                 0.013326,-0.970282,-0.241611, 0.000000,
                -0.995242,-0.036194, 0.090460, 0.000000,
                -0.096517, 0.239256,-0.966147, 0.000000,
                 0.000158,40.196674, 0.000190, 1.000000;;
              }
              Frame Armature_ball_l {
                FrameTransformMatrix {
                   0.024621, 0.999697, 0.000669, 0.000000,
                  -0.999697, 0.024622, 0.000077, 0.000000,
                   0.000060,-0.000671, 1.000000, 0.000000,
                  -10.453838,16.577860,-0.080157, 1.000000;;
                }
              } // End of Armature_ball_l
            } // End of Armature_foot_l
          } // End of Armature_calf_l
          Frame Armature_thigh_twist_01_l {
            FrameTransformMatrix {
               0.502483,-0.000497,-0.864587, 0.000000,
               0.000983, 0.999999,-0.000004, 0.000000,
               0.864586,-0.000848, 0.502483, 0.000000,
              -0.000001,22.094231, 0.000002, 1.000000;;
            }
          } // End of Armature_thigh_twist_01_l
        } // End of Armature_thigh_l
        Frame Armature_thigh_r {
          FrameTransformMatrix {
            -0.096000, 0.949809,-0.297736, 0.000000,
            -0.938464,-0.186064,-0.290973, 0.000000,
            -0.331767, 0.251481, 0.909224, 0.000000,
            -1.448640, 0.531427,-9.005805, 1.000000;;
          }
          Frame Armature_calf_r {
            FrameTransformMatrix {
               0.948094, 0.304614, 0.091251, 0.000000,
              -0.306045, 0.952015, 0.001776, 0.000000,
              -0.086332,-0.029611, 0.995826, 0.000000,
              -0.001153,42.529808, 0.000288, 1.000000;;
            }
            Frame Armature_calf_twist_01_r {
              FrameTransformMatrix {
                 0.997999, 0.014972,-0.061439, 0.000000,
                -0.015235, 0.999877,-0.003825, 0.000000,
                 0.061374, 0.004753, 0.998103, 0.000000,
                 0.000000,20.476906,-0.000003, 1.000000;;
              }
            } // End of Armature_calf_twist_01_r
            Frame Armature_foot_r {
              FrameTransformMatrix {
                 0.160394, 0.954729, 0.250532, 0.000000,
                 0.986894,-0.150562,-0.058062, 0.000000,
                -0.017713, 0.256561,-0.966366, 0.000000,
                 0.000007,40.196789, 0.000224, 1.000000;;
              }
              Frame Armature_ball_r {
                FrameTransformMatrix {
                  -0.002068,-0.999998,-0.000153, 0.000000,
                   0.999998,-0.002068, 0.000073, 0.000000,
                  -0.000073,-0.000153, 1.000000, 0.000000,
                  10.453821,16.577791,-0.080157, 1.000000;;
                }
              } // End of Armature_ball_r
            } // End of Armature_foot_r
          } // End of Armature_calf_r
          Frame Armature_thigh_twist_01_r {
            FrameTransformMatrix {
               0.971316, 0.000956, 0.237789, 0.000000,
              -0.000983, 1.000000,-0.000003, 0.000000,
              -0.237789,-0.000231, 0.971317, 0.000000,
              -0.000004,22.094254, 0.000005, 1.000000;;
            }
          } // End of Armature_thigh_twist_01_r
        } // End of Armature_thigh_r
      } // End of Armature_pelvis
    } // End of Armature_root
  } // End of Armature
} // End of Root
AnimationSet Global {
  Animation {
    {Armature}
    AnimationKey { // Rotation
      0;
      21;
      0;4;-0.707107, 0.707107, 0.000000, 0.000000;;,
      1;4;-0.707107, 0.707107, 0.000000, 0.000000;;,
      2;4;-0.707107, 0.707107, 0.000000, 0.000000;;,
      3;4;-0.707107, 0.707107, 0.000000, 0.000000;;,
      4;4;-0.707107, 0.707107, 0.000000, 0.000000;;,
      5;4;-0.707107, 0.707107, 0.000000, 0.000000;;,
      6;4;-0.707107, 0.707107, 0.000000, 0.000000;;,
      7;4;-0.707107, 0.707107, 0.000000, 0.000000;;,
      8;4;-0.707107, 0.707107, 0.000000, 0.000000;;,
      9;4;-0.707107, 0.707107, 0.000000, 0.000000;;,
      10;4;-0.707107, 0.707107, 0.000000, 0.000000;;,
      11;4;-0.707107, 0.707107, 0.000000, 0.000000;;,
      12;4;-0.707107, 0.707107, 0.000000, 0.000000;;,
      13;4;-0.707107, 0.707107, 0.000000, 0.000000;;,
      14;4;-0.707107, 0.707107, 0.000000, 0.000000;;,
      15;4;-0.707107, 0.707107, 0.000000, 0.000000;;,
      16;4;-0.707107, 0.707107, 0.000000, 0.000000;;,
      17;4;-0.707107, 0.707107, 0.000000, 0.000000;;,
      18;4;-0.707107, 0.707107, 0.000000, 0.000000;;,
      19;4;-0.707107, 0.707107, 0.000000, 0.000000;;,
      20;4;-0.707107, 0.707107, 0.000000, 0.000000;;;
    }
    AnimationKey { // Scale
      1;
      21;
      0;3; 0.010000, 0.010000, 0.010000;;,
      1;3; 0.010000, 0.010000, 0.010000;;,
      2;3; 0.010000, 0.010000, 0.010000;;,
      3;3; 0.010000, 0.010000, 0.010000;;,
      4;3; 0.010000, 0.010000, 0.010000;;,
      5;3; 0.010000, 0.010000, 0.010000;;,
      6;3; 0.010000, 0.010000, 0.010000;;,
      7;3; 0.010000, 0.010000, 0.010000;;,
      8;3; 0.010000, 0.010000, 0.010000;;,
      9;3; 0.010000, 0.010000, 0.010000;;,
      10;3; 0.010000, 0.010000, 0.010000;;,
      11;3; 0.010000, 0.010000, 0.010000;;,
      12;3; 0.010000, 0.010000, 0.010000;;,
      13;3; 0.010000, 0.010000, 0.010000;;,
      14;3; 0.010000, 0.010000, 0.010000;;,
      15;3; 0.010000, 0.010000, 0.010000;;,
      16;3; 0.010000, 0.010000, 0.010000;;,
      17;3; 0.010000, 0.010000, 0.010000;;,
      18;3; 0.010000, 0.010000, 0.010000;;,
      19;3; 0.010000, 0.010000, 0.010000;;,
      20;3; 0.010000, 0.010000, 0.010000;;;
    }
    AnimationKey { // Position
      2;
      21;
      0;3; 0.000000, 0.000000, 0.000000;;,
      1;3; 0.000000, 0.000000, 0.000000;;,
      2;3; 0.000000, 0.000000, 0.000000;;,
      3;3; 0.000000, 0.000000, 0.000000;;,
      4;3; 0.000000, 0.000000, 0.000000;;,
      5;3; 0.000000, 0.000000, 0.000000;;,
      6;3; 0.000000, 0.000000, 0.000000;;,
      7;3; 0.000000, 0.000000, 0.000000;;,
      8;3; 0.000000, 0.000000, 0.000000;;,
      9;3; 0.000000, 0.000000, 0.000000;;,
      10;3; 0.000000, 0.000000, 0.000000;;,
      11;3; 0.000000, 0.000000, 0.000000;;,
      12;3; 0.000000, 0.000000, 0.000000;;,
      13;3; 0.000000, 0.000000, 0.000000;;,
      14;3; 0.000000, 0.000000, 0.000000;;,
      15;3; 0.000000, 0.000000, 0.000000;;,
      16;3; 0.000000, 0.000000, 0.000000;;,
      17;3; 0.000000, 0.000000, 0.000000;;,
      18;3; 0.000000, 0.000000, 0.000000;;,
      19;3; 0.000000, 0.000000, 0.000000;;,
      20;3; 0.000000, 0.000000, 0.000000;;;
    }
  }
  Animation {
    {Armature_root}
    AnimationKey { // Rotation
      0;
      21;
      0;4;-1.000000,-0.000000, 0.000000, 0.000000;;,
      1;4;-1.000000,-0.000000, 0.000000, 0.000000;;,
      2;4;-1.000000,-0.000000, 0.000000, 0.000000;;,
      3;4;-1.000000,-0.000000, 0.000000, 0.000000;;,
      4;4;-1.000000,-0.000000, 0.000000, 0.000000;;,
      5;4;-1.000000,-0.000000, 0.000000, 0.000000;;,
      6;4;-1.000000,-0.000000, 0.000000, 0.000000;;,
      7;4;-1.000000,-0.000000, 0.000000, 0.000000;;,
      8;4;-1.000000,-0.000000, 0.000000, 0.000000;;,
      9;4;-1.000000,-0.000000, 0.000000, 0.000000;;,
      10;4;-1.000000,-0.000000, 0.000000, 0.000000;;,
      11;4;-1.000000,-0.000000, 0.000000, 0.000000;;,
      12;4;-1.000000,-0.000000, 0.000000, 0.000000;;,
      13;4;-1.000000,-0.000000, 0.000000, 0.000000;;,
      14;4;-1.000000,-0.000000, 0.000000, 0.000000;;,
      15;4;-1.000000,-0.000000, 0.000000, 0.000000;;,
      16;4;-1.000000,-0.000000, 0.000000, 0.000000;;,
      17;4;-1.000000,-0.000000, 0.000000, 0.000000;;,
      18;4;-1.000000,-0.000000, 0.000000, 0.000000;;,
      19;4;-1.000000,-0.000000, 0.000000, 0.000000;;,
      20;4;-1.000000,-0.000000, 0.000000, 0.000000;;;
    }
    AnimationKey { // Scale
      1;
      21;
      0;3; 1.000000, 1.000000, 1.000000;;,
      1;3; 1.000000, 1.000000, 1.000000;;,
      2;3; 1.000000, 1.000000, 1.000000;;,
      3;3; 1.000000, 1.000000, 1.000000;;,
      4;3; 1.000000, 1.000000, 1.000000;;,
      5;3; 1.000000, 1.000000, 1.000000;;,
      6;3; 1.000000, 1.000000, 1.000000;;,
      7;3; 1.000000, 1.000000, 1.000000;;,
      8;3; 1.000000, 1.000000, 1.000000;;,
      9;3; 1.000000, 1.000000, 1.000000;;,
      10;3; 1.000000, 1.000000, 1.000000;;,
      11;3; 1.000000, 1.000000, 1.000000;;,
      12;3; 1.000000, 1.000000, 1.000000;;,
      13;3; 1.000000, 1.000000, 1.000000;;,
      14;3; 1.000000, 1.000000, 1.000000;;,
      15;3; 1.000000, 1.000000, 1.000000;;,
      16;3; 1.000000, 1.000000, 1.000000;;,
      17;3; 1.000000, 1.000000, 1.000000;;,
      18;3; 1.000000, 1.000000, 1.000000;;,
      19;3; 1.000000, 1.000000, 1.000000;;,
      20;3; 1.000000, 1.000000, 1.000000;;;
    }
    AnimationKey { // Position
      2;
      21;
      0;3; 0.000000, 0.000000, 0.000000;;,
      1;3; 0.000000, 0.000000, 0.000000;;,
      2;3; 0.000000, 0.000000, 0.000000;;,
      3;3; 0.000000, 0.000000, 0.000000;;,
      4;3; 0.000000, 0.000000, 0.000000;;,
      5;3; 0.000000, 0.000000, 0.000000;;,
      6;3; 0.000000, 0.000000, 0.000000;;,
      7;3; 0.000000, 0.000000, 0.000000;;,
      8;3; 0.000000, 0.000000, 0.000000;;,
      9;3; 0.000000, 0.000000, 0.000000;;,
      10;3; 0.000000, 0.000000, 0.000000;;,
      11;3; 0.000000, 0.000000, 0.000000;;,
      12;3; 0.000000, 0.000000, 0.000000;;,
      13;3; 0.000000, 0.000000, 0.000000;;,
      14;3; 0.000000, 0.000000, 0.000000;;,
      15;3; 0.000000, 0.000000, 0.000000;;,
      16;3; 0.000000, 0.000000, 0.000000;;,
      17;3; 0.000000, 0.000000, 0.000000;;,
      18;3; 0.000000, 0.000000, 0.000000;;,
      19;3; 0.000000, 0.000000, 0.000000;;,
      20;3; 0.000000, 0.000000, 0.000000;;;
    }
  }
  Animation {
    {Armature_pelvis}
    AnimationKey { // Rotation
      0;
      21;
      0;4;-0.758770, 0.182756, 0.221819, 0.584520;;,
      1;4;-0.757336, 0.184562, 0.224800, 0.584674;;,
      2;4;-0.753136, 0.189779, 0.233305, 0.585098;;,
      3;4;-0.746241, 0.198150, 0.246612, 0.585699;;,
      4;4;-0.736662, 0.209453, 0.263925, 0.586346;;,
      5;4;-0.724395, 0.223483, 0.284402, 0.586876;;,
      6;4;-0.709461, 0.240030, 0.307182, 0.587102;;,
      7;4;-0.691946, 0.258866, 0.331405, 0.586830;;,
      8;4;-0.672017, 0.279725, 0.356243, 0.585866;;,
      9;4;-0.649935, 0.302301, 0.380924, 0.584034;;,
      10;4;-0.626063, 0.326232, 0.404758, 0.581196;;,
      11;4;-0.600847, 0.351109, 0.427157, 0.577271;;,
      12;4;-0.574812, 0.376471, 0.447650, 0.572251;;,
      13;4;-0.548529, 0.401820, 0.465892, 0.566217;;,
      14;4;-0.522600, 0.426635, 0.481665, 0.559348;;,
      15;4;-0.497634, 0.450378, 0.494868, 0.551929;;,
      16;4;-0.474221, 0.472515, 0.505504, 0.544343;;,
      17;4;-0.452925, 0.492525, 0.513655, 0.537063;;,
      18;4;-0.434268, 0.509902, 0.519464, 0.530630;;,
      19;4;-0.418730, 0.524159, 0.523101, 0.525631;;,
      20;4;-0.406756, 0.534818, 0.524733, 0.522661;;;
    }
    AnimationKey { // Scale
      1;
      21;
      0;3; 1.000000, 1.000000, 1.000000;;,
      1;3; 1.000000, 1.000000, 1.000000;;,
      2;3; 1.000000, 1.000000, 1.000000;;,
      3;3; 1.000000, 1.000000, 1.000000;;,
      4;3; 1.000000, 1.000000, 1.000000;;,
      5;3; 1.000000, 1.000000, 1.000000;;,
      6;3; 1.000000, 1.000000, 1.000000;;,
      7;3; 1.000000, 1.000000, 1.000000;;,
      8;3; 1.000000, 1.000000, 1.000000;;,
      9;3; 1.000000, 1.000000, 1.000000;;,
      10;3; 1.000000, 1.000000, 1.000000;;,
      11;3; 1.000000, 1.000000, 1.000000;;,
      12;3; 1.000000, 1.000000, 1.000000;;,
      13;3; 1.000000, 1.000000, 1.000000;;,
      14;3; 1.000000, 1.000000, 1.000000;;,
      15;3; 1.000000, 1.000000, 1.000000;;,
      16;3; 1.000000, 1.000000, 1.000000;;,
      17;3; 1.000000, 1.000000, 1.000000;;,
      18;3; 1.000000, 1.000000, 1.000000;;,
      19;3; 1.000000, 1.000000, 1.000000;;,
      20;3; 1.000000, 1.000000, 1.000000;;;
    }
    AnimationKey { // Position
      2;
      21;
      0;3; 0.266246,93.183044,-2.139818;;,
      1;3; 0.349786,93.178711,-2.007526;;,
      2;3; 0.588880,93.148354,-1.628898;;,
      3;3; 0.966247,93.065933,-1.031307;;,
      4;3; 1.464599,92.905472,-0.242120;;,
      5;3; 2.066657,92.640892, 0.711293;;,
      6;3; 2.755134,92.246216, 1.801559;;,
      7;3; 3.512745,91.695404, 3.001307;;,
      8;3; 4.322210,90.962418, 4.283165;;,
      9;3; 5.166242,90.021248, 5.619766;;,
      10;3; 6.027558,88.249939, 6.983739;;,
      11;3; 6.888873,85.241074, 8.347712;;,
      12;3; 7.732905,81.290413, 9.684312;;,
      13;3; 8.542369,76.693726,10.966171;;,
      14;3; 9.299981,71.746788,12.165918;;,
      15;3; 9.988457,66.745369,13.256184;;,
      16;3;10.590513,61.985229,14.209596;;,
      17;3;11.088866,57.762157,14.998783;;,
      18;3;11.466232,54.371910,15.596375;;,
      19;3;11.705326,52.110268,15.975002;;,
      20;3;11.788865,51.272999,16.107294;;;
    }
  }
  Animation {
    {Armature_spine_01}
    AnimationKey { // Rotation
      0;
      21;
      0;4;-0.740360,-0.038452, 0.007801,-0.671064;;,
      1;4;-0.741910,-0.037122, 0.009040,-0.669410;;,
      2;4;-0.746313,-0.033298, 0.012578,-0.664643;;,
      3;4;-0.753161,-0.027226, 0.018134,-0.657023;;,
      4;4;-0.762009,-0.019150, 0.025413,-0.646784;;,
      5;4;-0.772397,-0.009317, 0.034109,-0.634155;;,
      6;4;-0.783862, 0.002018, 0.043909,-0.619377;;,
      7;4;-0.795956, 0.014586, 0.054501,-0.602719;;,
      8;4;-0.808262, 0.028108, 0.065575,-0.584485;;,
      9;4;-0.820401, 0.042296, 0.076835,-0.565022;;,
      10;4;-0.832050, 0.056855, 0.088002,-0.544717;;,
      11;4;-0.842942, 0.071491, 0.098822,-0.523996;;,
      12;4;-0.852874, 0.085916, 0.109068,-0.503318;;,
      13;4;-0.861701, 0.099851, 0.118549,-0.483164;;,
      14;4;-0.869335, 0.113032, 0.127104,-0.464031;;,
      15;4;-0.875733, 0.125213, 0.134608,-0.446423;;,
