xof 0303txt 0032

template XSkinMeshHeader {
  <3cf169ce-ff7c-44ab-93c0-f78f62d172e2>
  WORD nMaxSkinWeightsPerVertex;
  WORD nMaxSkinWeightsPerFace;
  WORD nBones;
}

template SkinWeights {
  <6f0d123b-bad2-4167-a0d0-80224f25fabb>
  STRING transformNodeName;
  DWORD nWeights;
  array DWORD vertexIndices[nWeights];
  array float weights[nWeights];
  Matrix4x4 matrixOffset;
}

Frame Root {
  FrameTransformMatrix {
     1.000000, 0.000000, 0.000000, 0.000000,
     0.000000,-0.000000, 1.000000, 0.000000,
     0.000000, 1.000000, 0.000000, 0.000000,
     0.000000, 0.000000, 0.000000, 1.000000;;
  }
  Frame Armature {
    FrameTransformMatrix {
       0.010000, 0.000000, 0.000000, 0.000000,
       0.000000,-0.000000, 0.010000, 0.000000,
       0.000000,-0.010000,-0.000000, 0.000000,
       0.000000, 0.000000, 0.000000, 1.000000;;
    }
    Frame Armature_root {
      FrameTransformMatrix {
         1.000000, 0.000000, 0.000000, 0.000000,
         0.000000, 1.000000, 0.000000, 0.000000,
         0.000000, 0.000000, 1.000000, 0.000000,
         0.000000, 0.000011, 0.000000, 1.000000;;
      }
      Frame Armature_ik_foot_root {
        FrameTransformMatrix {
           0.000000,-0.000000,-1.000000, 0.000000,
           1.000000, 0.000000, 0.000000, 0.000000,
           0.000000,-1.000000, 0.000000, 0.000000,
           0.000000, 0.000000, 0.000000, 1.000000;;
        }
        Frame Armature_ik_foot_l {
          FrameTransformMatrix {
             0.999695, 0.021550,-0.012045, 0.000000,
            -0.011668,-0.017532,-0.999778, 0.000000,
            -0.021757, 0.999614,-0.017275, 0.000000,
            -56.028713,47.516293,-13.551455, 1.000000;;
          }
        } // End of Armature_ik_foot_l
        Frame Armature_ik_foot_r {
          FrameTransformMatrix {
            -0.792200,-0.442471, 0.420284, 0.000000,
             0.540171,-0.187958, 0.820297, 0.000000,
            -0.283962, 0.876865, 0.387910, 0.000000,
            42.218971,-25.768557,-18.196392, 1.000000;;
          }
        } // End of Armature_ik_foot_r
      } // End of Armature_ik_foot_root
      Frame Armature_ik_hand_root {
        FrameTransformMatrix {
           1.000000, 0.000000, 0.000000, 0.000000,
           0.000000, 1.000000, 0.000000, 0.000000,
           0.000000, 0.000000, 1.000000, 0.000000,
           0.000000, 0.000000, 0.000000, 1.000000;;
        }
        Frame Armature_ik_hand_gun {
          FrameTransformMatrix {
            -0.378191, 0.858494, 0.346351, 0.000000,
            -0.743829,-0.504532, 0.438367, 0.000000,
             0.551081,-0.091839, 0.829382, 0.000000,
            51.589359,78.218956,68.130394, 1.000000;;
          }
          Frame Armature_ik_hand_l {
            FrameTransformMatrix {
              -0.651534, 0.757630,-0.038727, 0.000000,
               0.701226, 0.620935, 0.350315, 0.000000,
               0.289457, 0.201086,-0.935831, 0.000000,
              12.335301,15.681015,-3.802824, 1.000000;;
            }
          } // End of Armature_ik_hand_l
          Frame Armature_ik_hand_r {
            FrameTransformMatrix {
               1.000000, 0.000000,-0.000000, 0.000000,
              -0.000000, 1.000000, 0.000000, 0.000000,
               0.000000,-0.000000, 1.000000, 0.000000,
               0.000008,-0.000013,-0.000005, 1.000000;;
            }
          } // End of Armature_ik_hand_r
        } // End of Armature_ik_hand_gun
      } // End of Armature_ik_hand_root
      Frame Armature_pelvis {
        FrameTransformMatrix {
          -0.103052, 0.984693, 0.140572, 0.000000,
           0.145549,-0.124875, 0.981439, 0.000000,
           0.983970, 0.121599,-0.130452, 0.000000,
          11.788867,51.273006,16.107309, 1.000000;;
        }
        Frame Armature_spine_01 {
          FrameTransformMatrix {
             0.634932,-0.659058,-0.403118, 0.000000,
             0.759305, 0.628616, 0.168220, 0.000000,
             0.142540,-0.412898, 0.899554, 0.000000,
            10.808889, 0.851347,-0.000081, 1.000000;;
          }
          Frame Armature_spine_02 {
            FrameTransformMatrix {
               0.956229, 0.194818,-0.218339, 0.000000,
              -0.209154, 0.976876,-0.044362, 0.000000,
               0.204647, 0.088087, 0.974864, 0.000000,
               3.712033,18.811577, 0.872553, 1.000000;;
            }
            Frame Armature_spine_03 {
              FrameTransformMatrix {
                 0.977089, 0.040363,-0.208969, 0.000000,
                -0.022313, 0.995868, 0.088022, 0.000000,
                 0.211659,-0.081343, 0.973953, 0.000000,
                 0.380625,13.411961, 0.179206, 1.000000;;
              }
              Frame Armature_clavicle_l {
                FrameTransformMatrix {
                   0.889723, 0.146062,-0.432502, 0.000000,
                   0.445144,-0.067586, 0.892905, 0.000000,
                   0.101188,-0.986964,-0.125151, 0.000000,
                  -2.732077,11.883694, 3.781986, 1.000000;;
                }
                Frame Armature_upperarm_l {
                  FrameTransformMatrix {
                    -0.788617, 0.529462, 0.312656, 0.000000,
                    -0.608152,-0.746663,-0.269527, 0.000000,
                     0.090745,-0.402696, 0.910825, 0.000000,
                     0.000001,15.784878,-0.000020, 1.000000;;
                  }
                  Frame Armature_lowerarm_l {
                    FrameTransformMatrix {
                       0.290224, 0.956959,-0.000001, 0.000000,
                      -0.956959, 0.290224, 0.000004, 0.000000,
                       0.000005,-0.000000, 1.000000, 0.000000,
                      -0.000022,30.339933, 0.000002, 1.000000;;
                    }
                    Frame Armature_hand_l {
                      FrameTransformMatrix {
                         0.348657, 0.315475, 0.882561, 0.000000,
                        -0.371019, 0.911184,-0.179134, 0.000000,
                        -0.860687,-0.264991, 0.434738, 0.000000,
                         0.000002,26.975163,-0.000006, 1.000000;;
                      }
                      Frame Armature_index_01_l {
                        FrameTransformMatrix {
                           0.959361, 0.166205,-0.228039, 0.000000,
                          -0.132361, 0.978765, 0.156525, 0.000000,
                           0.249212,-0.119981, 0.960988, 0.000000,
                           1.763474,12.068131, 2.109402, 1.000000;;
                        }
                        Frame Armature_index_02_l {
                          FrameTransformMatrix {
                             0.999582, 0.028288,-0.005975, 0.000000,
                            -0.027524, 0.994315, 0.102863, 0.000000,
                             0.008851,-0.102656, 0.994678, 0.000000,
                             0.000006, 4.287498,-0.000005, 1.000000;;
                          }
                          Frame Armature_index_03_l {
                            FrameTransformMatrix {
                               0.956070, 0.292429,-0.020362, 0.000000,
                              -0.292362, 0.956287, 0.006225, 0.000000,
                               0.021292, 0.000002, 0.999773, 0.000000,
                              -0.000002, 3.393806, 0.000003, 1.000000;;
                            }
                          } // End of Armature_index_03_l
                        } // End of Armature_index_02_l
                      } // End of Armature_index_01_l
                      Frame Armature_middle_01_l {
                        FrameTransformMatrix {
                           0.987922,-0.130116,-0.084142, 0.000000,
                           0.114491, 0.978866,-0.169451, 0.000000,
                           0.104413, 0.157771, 0.981940, 0.000000,
                           1.293649,12.244293,-0.571163, 1.000000;;
                        }
                        Frame Armature_middle_02_l {
                          FrameTransformMatrix {
                             0.992040,-0.117438, 0.045434, 0.000000,
                             0.113325, 0.989963, 0.084443, 0.000000,
                            -0.054895,-0.078622, 0.995392, 0.000000,
                             0.000004, 4.640376, 0.000001, 1.000000;;
                          }
                          Frame Armature_middle_03_l {
                            FrameTransformMatrix {
                               0.967161, 0.254144,-0.003166, 0.000000,
                              -0.254143, 0.967166, 0.000832, 0.000000,
                               0.003274,-0.000000, 0.999995, 0.000000,
                               0.000005, 3.648842, 0.000002, 1.000000;;
                            }
                          } // End of Armature_middle_03_l
                        } // End of Armature_middle_02_l
                      } // End of Armature_middle_01_l
                      Frame Armature_pinky_01_l {
                        FrameTransformMatrix {
                           0.931368,-0.251322, 0.263421, 0.000000,
                           0.341788, 0.852836,-0.394781, 0.000000,
                          -0.125437, 0.457720, 0.880203, 0.000000,
                           2.263167,10.140675,-4.643150, 1.000000;;
                        }
                        Frame Armature_pinky_02_l {
                          FrameTransformMatrix {
                             0.949907,-0.309687,-0.042070, 0.000000,
                             0.309879, 0.950774,-0.002049, 0.000000,
                             0.040634,-0.011090, 0.999113, 0.000000,
                             0.000014, 3.570991,-0.000000, 1.000000;;
                          }
                          Frame Armature_pinky_03_l {
                            FrameTransformMatrix {
                               0.999072,-0.042462,-0.007162, 0.000000,
                               0.042461, 0.999098,-0.000305, 0.000000,
                               0.007169, 0.000001, 0.999974, 0.000000,
                               0.000010, 2.985622, 0.000004, 1.000000;;
                            }
                          } // End of Armature_pinky_03_l
                        } // End of Armature_pinky_02_l
                      } // End of Armature_pinky_01_l
                      Frame Armature_ring_01_l {
                        FrameTransformMatrix {
                           0.932509,-0.291639, 0.213011, 0.000000,
                           0.346475, 0.888851,-0.299831, 0.000000,
                          -0.101893, 0.353398, 0.929907, 0.000000,
                           1.753530,11.497891,-2.846909, 1.000000;;
                        }
                        Frame Armature_ring_02_l {
                          FrameTransformMatrix {
                             0.984802, 0.173491,-0.008102, 0.000000,
                            -0.173407, 0.984799, 0.010090, 0.000000,
                             0.009729,-0.008532, 0.999916, 0.000000,
                             0.000010, 4.430174,-0.000001, 1.000000;;
                          }
                          Frame Armature_ring_03_l {
                            FrameTransformMatrix {
                               0.951130, 0.308790, 0.000381, 0.000000,
                              -0.308790, 0.951130,-0.000123, 0.000000,
                              -0.000401,-0.000000, 1.000000, 0.000000,
                               0.000010, 3.476669, 0.000004, 1.000000;;
                            }
                          } // End of Armature_ring_03_l
                        } // End of Armature_ring_02_l
                      } // End of Armature_ring_01_l
                      Frame Armature_thumb_01_l {
                        FrameTransformMatrix {
                          -0.049880, 0.340780,-0.938819, 0.000000,
                           0.696398, 0.685663, 0.211887, 0.000000,
                           0.715921,-0.643222,-0.271519, 0.000000,
                           2.374988, 4.762042, 2.537823, 1.000000;;
                        }
                        Frame Armature_thumb_02_l {
                          FrameTransformMatrix {
                             0.994917,-0.094571,-0.034587, 0.000000,
                             0.097443, 0.990808, 0.093838, 0.000000,
                             0.025395,-0.096731, 0.994986, 0.000000,
                             0.000005, 3.869680,-0.000003, 1.000000;;
                          }
                          Frame Armature_thumb_03_l {
                            FrameTransformMatrix {
                               0.993105,-0.092369,-0.072178, 0.000000,
                               0.099653, 0.989482, 0.104854, 0.000000,
                               0.061734,-0.111324, 0.991865, 0.000000,
                               0.000004, 4.062164,-0.000004, 1.000000;;
                            }
                          } // End of Armature_thumb_03_l
                        } // End of Armature_thumb_02_l
                      } // End of Armature_thumb_01_l
                    } // End of Armature_hand_l
                    Frame Armature_lowerarm_twist_01_l {
                      FrameTransformMatrix {
                         0.982059,-0.000000,-0.188572, 0.000000,
                         0.000000, 1.000000, 0.000000, 0.000000,
                         0.188572,-0.000000, 0.982059, 0.000000,
                         0.000007,14.000011, 0.000004, 1.000000;;
                      }
                    } // End of Armature_lowerarm_twist_01_l
                  } // End of Armature_lowerarm_l
                  Frame Armature_upperarm_twist_01_l {
                    FrameTransformMatrix {
                       0.600005, 0.000001,-0.799996, 0.000000,
                      -0.000001, 1.000000, 0.000000, 0.000000,
                       0.799996, 0.000001, 0.600005, 0.000000,
                       0.000020, 0.499985, 0.000012, 1.000000;;
                    }
                  } // End of Armature_upperarm_twist_01_l
                } // End of Armature_upperarm_l
              } // End of Armature_clavicle_l
              Frame Armature_clavicle_r {
                FrameTransformMatrix {
                  -0.952648,-0.122731,-0.278205, 0.000000,
                   0.296483,-0.171742,-0.939469, 0.000000,
                   0.067523,-0.977467, 0.199998, 0.000000,
                  -2.732090,11.883787,-3.782004, 1.000000;;
                }
                Frame Armature_upperarm_r {
                  FrameTransformMatrix {
                    -0.046298,-0.997686, 0.049782, 0.000000,
                     0.865551,-0.064945,-0.496592, 0.000000,
                     0.498676, 0.020098, 0.866556, 0.000000,
                    -0.000051,15.784739, 0.000077, 1.000000;;
                  }
                  Frame Armature_lowerarm_r {
                    FrameTransformMatrix {
                       0.199706,-0.978186,-0.057184, 0.000000,
                       0.970430, 0.205523,-0.126592, 0.000000,
                       0.135583,-0.030212, 0.990305, 0.000000,
                       0.000000,30.340034, 0.000003, 1.000000;;
                    }
                    Frame Armature_hand_r {
                      FrameTransformMatrix {
                         0.508734,-0.018508,-0.860725, 0.000000,
                         0.177047, 0.980649, 0.083558, 0.000000,
                         0.842522,-0.194897, 0.502167, 0.000000,
                        -0.000008,26.975260,-0.000002, 1.000000;;
                      }
                      Frame Armature_index_01_r {
                        FrameTransformMatrix {
                           0.680581, 0.711085, 0.176547, 0.000000,
                          -0.685833, 0.703073,-0.187938, 0.000000,
                          -0.257766, 0.006825, 0.966183, 0.000000,
                          -1.763735,12.067944, 2.109434, 1.000000;;
                        }
                        Frame Armature_index_02_r {
                          FrameTransformMatrix {
                            -0.096419, 0.990319, 0.099861, 0.000000,
                            -0.995296,-0.094970,-0.019170, 0.000000,
                            -0.009501,-0.101240, 0.994817, 0.000000,
                             0.000090, 4.287688,-0.000069, 1.000000;;
                          }
                          Frame Armature_index_03_r {
                            FrameTransformMatrix {
                               0.666917, 0.744997, 0.014205, 0.000000,
                              -0.744828, 0.667068,-0.015866, 0.000000,
                              -0.021296, 0.000001, 0.999773, 0.000000,
                               0.000115, 3.393785,-0.000027, 1.000000;;
                            }
                          } // End of Armature_index_03_r
                        } // End of Armature_index_02_r
                      } // End of Armature_index_01_r
                      Frame Armature_middle_01_r {
                        FrameTransformMatrix {
                           0.441930, 0.896672,-0.026036, 0.000000,
                          -0.895749, 0.439540,-0.066613, 0.000000,
                          -0.048286, 0.052760, 0.997439, 0.000000,
                          -1.293745,12.244123,-0.571131, 1.000000;;
                        }
                        Frame Armature_middle_02_r {
                          FrameTransformMatrix {
                             0.178867, 0.979904, 0.088287, 0.000000,
                            -0.981562, 0.171581, 0.084232, 0.000000,
                             0.067390,-0.101726, 0.992527, 0.000000,
                            -0.000142, 4.640572, 0.000007, 1.000000;;
                          }
                          Frame Armature_middle_03_r {
                            FrameTransformMatrix {
                               0.131024, 0.991379, 0.000428, 0.000000,
                              -0.991374, 0.131025,-0.003246, 0.000000,
                              -0.003274, 0.000001, 0.999995, 0.000000,
                               0.000013, 3.648910,-0.000004, 1.000000;;
                            }
                          } // End of Armature_middle_03_r
                        } // End of Armature_middle_02_r
                      } // End of Armature_middle_01_r
                      Frame Armature_pinky_01_r {
                        FrameTransformMatrix {
                           0.827083, 0.473666,-0.302613, 0.000000,
                          -0.535492, 0.827640,-0.168105, 0.000000,
                           0.170829, 0.301084, 0.938172, 0.000000,
                          -2.263382,10.140596,-4.643088, 1.000000;;
                        }
                        Frame Armature_pinky_02_r {
                          FrameTransformMatrix {
                             0.135752, 0.989592, 0.047731, 0.000000,
                            -0.990284, 0.136997,-0.023855, 0.000000,
                            -0.030146,-0.044029, 0.998575, 0.000000,
                            -0.000010, 3.571070,-0.000002, 1.000000;;
                          }
                          Frame Armature_pinky_03_r {
                            FrameTransformMatrix {
                              -0.138515, 0.990360,-0.000990, 0.000000,
                              -0.990335,-0.138518,-0.007095, 0.000000,
                              -0.007164,-0.000002, 0.999975, 0.000000,
                               0.000325, 2.985484,-0.000032, 1.000000;;
                            }
                          } // End of Armature_pinky_03_r
                        } // End of Armature_pinky_02_r
                      } // End of Armature_pinky_01_r
                      Frame Armature_ring_01_r {
                        FrameTransformMatrix {
                           0.488692, 0.835027,-0.252803, 0.000000,
                          -0.863052, 0.505115, 0.000074, 0.000000,
                           0.127757, 0.218146, 0.967518, 0.000000,
                          -1.753788,11.497978,-2.846912, 1.000000;;
                        }
                        Frame Armature_ring_02_r {
                          FrameTransformMatrix {
                            -0.098075, 0.994968, 0.020464, 0.000000,
                            -0.995158,-0.097920,-0.008491, 0.000000,
                            -0.006444,-0.021198, 0.999755, 0.000000,
                             0.000088, 4.429863,-0.000027, 1.000000;;
                          }
                          Frame Armature_ring_03_r {
                            FrameTransformMatrix {
                               0.264061, 0.964506,-0.000105, 0.000000,
                              -0.964506, 0.264061, 0.000387, 0.000000,
                               0.000401,-0.000001, 1.000000, 0.000000,
                               0.000076, 3.476656, 0.000004, 1.000000;;
                            }
                          } // End of Armature_ring_03_r
                        } // End of Armature_ring_02_r
                      } // End of Armature_ring_01_r
                      Frame Armature_thumb_01_r {
                        FrameTransformMatrix {
                           0.166766,-0.399673, 0.901360, 0.000000,
                          -0.684860, 0.610703, 0.397503, 0.000000,
                          -0.709335,-0.683596,-0.171876, 0.000000,
                          -2.375120, 4.762131, 2.537805, 1.000000;;
                        }
                        Frame Armature_thumb_02_r {
                          FrameTransformMatrix {
                             0.809495, 0.587038, 0.010220, 0.000000,
                            -0.587124, 0.809316, 0.017118, 0.000000,
                             0.001778,-0.019858, 0.999801, 0.000000,
                             0.000112, 3.869574, 0.000041, 1.000000;;
                          }
                          Frame Armature_thumb_03_r {
                            FrameTransformMatrix {
                               0.696233, 0.717189, 0.029988, 0.000000,
                              -0.716525, 0.696879,-0.030860, 0.000000,
                              -0.043031,-0.000001, 0.999074, 0.000000,
                               0.000014, 4.062181, 0.000018, 1.000000;;
                            }
                          } // End of Armature_thumb_03_r
                        } // End of Armature_thumb_02_r
                      } // End of Armature_thumb_01_r
                      Frame Armature_weapon_r {
                        FrameTransformMatrix {
                          -0.005469,-0.000004,-0.999985, 0.000000,
                          -0.000003,-1.000000, 0.000004, 0.000000,
                          -0.999985, 0.000002, 0.005469, 0.000000,
                          -4.666994,11.308998,-1.093011, 1.000000;;
                        }
                      } // End of Armature_weapon_r
                    } // End of Armature_hand_r
                    Frame Armature_lowerarm_twist_01_r {
                      FrameTransformMatrix {
                         0.999453, 0.000000, 0.033074, 0.000000,
                        -0.000000, 1.000000,-0.000000, 0.000000,
                        -0.033073, 0.000000, 0.999453, 0.000000,
                         0.000019,14.000011,-0.000010, 1.000000;;
                      }
                    } // End of Armature_lowerarm_twist_01_r
                  } // End of Armature_lowerarm_r
                  Frame Armature_upperarm_twist_01_r {
                    FrameTransformMatrix {
                       0.998193, 0.000001, 0.060088, 0.000000,
                      -0.000001, 1.000000,-0.000000, 0.000000,
                      -0.060088, 0.000000, 0.998193, 0.000000,
                       0.000007, 0.499972, 0.000011, 1.000000;;
                    }
                  } // End of Armature_upperarm_twist_01_r
                } // End of Armature_upperarm_r
              } // End of Armature_clavicle_r
              Frame Armature_neck_01 {
                FrameTransformMatrix {
                   0.719386, 0.273012, 0.638708, 0.000000,
                  -0.088792, 0.948120,-0.305261, 0.000000,
                  -0.688912, 0.162888, 0.706306, 0.000000,
                  -0.355309,16.558788, 0.000003, 1.000000;;
                }
                Frame Armature_head {
                  FrameTransformMatrix {
                     0.614592,-0.685245, 0.390789, 0.000000,
                     0.764637, 0.639278,-0.081571, 0.000000,
                    -0.193927, 0.348945, 0.916859, 0.000000,
                     0.364153, 9.283609, 0.000004, 1.000000;;
                  }
                } // End of Armature_head
              } // End of Armature_neck_01
            } // End of Armature_spine_03
          } // End of Armature_spine_02
        } // End of Armature_spine_01
        Frame Armature_sword_holder {
          FrameTransformMatrix {
            -0.909315, 0.370363, 0.189677, 0.000000,
            -0.355306,-0.928335, 0.109324, 0.000000,
             0.216573, 0.032016, 0.975741, 0.000000,
            13.980034,19.492989,16.300983, 1.000000;;
          }
        } // End of Armature_sword_holder
        Frame Armature_thigh_l {
          FrameTransformMatrix {
            -0.972962, 0.062569, 0.222329, 0.000000,
             0.079070, 0.994675, 0.066103, 0.000000,
            -0.217009, 0.081895,-0.972728, 0.000000,
            -1.448812, 0.531404, 9.005784, 1.000000;;
          }
          Frame Armature_calf_l {
            FrameTransformMatrix {
               0.113796,-0.992732, 0.039169, 0.000000,
               0.987385, 0.108639,-0.115185, 0.000000,
               0.110093, 0.051783, 0.992571, 0.000000,
              -0.163197,42.345650, 0.025626, 1.000000;;
            }
            Frame Armature_calf_twist_01_l {
              FrameTransformMatrix {
                 0.995824,-0.015520,-0.089968, 0.000000,
                 0.015238, 0.999877,-0.003824, 0.000000,
                 0.090016, 0.002437, 0.995937, 0.000000,
                -0.000003,20.476767, 0.000003, 1.000000;;
              }
            } // End of Armature_calf_twist_01_l
            Frame Armature_foot_l {
              FrameTransformMatrix {
                -0.090094,-0.899681,-0.427150, 0.000000,
                -0.970967,-0.016084, 0.238673, 0.000000,
                -0.221600, 0.436251,-0.872111, 0.000000,
                 0.000279,40.196602, 0.000408, 1.000000;;
              }
              Frame Armature_ball_l {
                FrameTransformMatrix {
                   0.024609, 0.999697,-0.000055, 0.000000,
                  -0.999697, 0.024609, 0.000076, 0.000000,
                   0.000077, 0.000053, 1.000000, 0.000000,
                  -10.453838,16.577843,-0.080164, 1.000000;;
                }
              } // End of Armature_ball_l
            } // End of Armature_foot_l
          } // End of Armature_calf_l
          Frame Armature_thigh_twist_01_l {
            FrameTransformMatrix {
               0.999974,-0.000986,-0.007092, 0.000000,
               0.000986, 1.000000,-0.000004, 0.000000,
               0.007092,-0.000003, 0.999975, 0.000000,
              -0.000039,22.094236, 0.000004, 1.000000;;
            }
          } // End of Armature_thigh_twist_01_l
        } // End of Armature_thigh_l
        Frame Armature_thigh_r {
          FrameTransformMatrix {
            -0.013197, 0.806993,-0.590414, 0.000000,
            -0.591780,-0.482255,-0.645931, 0.000000,
            -0.805991, 0.340871, 0.483926, 0.000000,
            -1.448661, 0.531387,-9.005849, 1.000000;;
          }
          Frame Armature_calf_r {
            FrameTransformMatrix {
               0.567711, 0.822750, 0.028063, 0.000000,
              -0.818821, 0.567866,-0.084032, 0.000000,
              -0.085074, 0.024727, 0.996068, 0.000000,
               0.063272,42.395386, 0.010931, 1.000000;;
            }
            Frame Armature_calf_twist_01_r {
              FrameTransformMatrix {
                 0.998408, 0.015420, 0.054257, 0.000000,
                -0.015235, 0.999877,-0.003823, 0.000000,
                -0.054309, 0.002990, 0.998520, 0.000000,
                -0.000005,20.476923,-0.000022, 1.000000;;
              }
            } // End of Armature_calf_twist_01_r
            Frame Armature_foot_r {
              FrameTransformMatrix {
                 0.597310, 0.644655, 0.477117, 0.000000,
                 0.690264,-0.716126, 0.103439, 0.000000,
                 0.408358, 0.267552,-0.872731, 0.000000,
                 0.000606,40.196526, 0.000509, 1.000000;;
              }
              Frame Armature_ball_r {
                FrameTransformMatrix {
                   0.355729,-0.918121,-0.174671, 0.000000,
                   0.838097, 0.396088,-0.375110, 0.000000,
                   0.413582,-0.012954, 0.910375, 0.000000,
                  10.453817,16.577791,-0.080154, 1.000000;;
                }
              } // End of Armature_ball_r
            } // End of Armature_foot_r
          } // End of Armature_calf_r
          Frame Armature_thigh_twist_01_r {
            FrameTransformMatrix {
               0.745544, 0.000738, 0.666456, 0.000000,
              -0.000984, 1.000000,-0.000006, 0.000000,
              -0.666456,-0.000651, 0.745545, 0.000000,
               0.000008,22.094246, 0.000044, 1.000000;;
            }
          } // End of Armature_thigh_twist_01_r
        } // End of Armature_thigh_r
      } // End of Armature_pelvis
    } // End of Armature_root
  } // End of Armature
} // End of Root
AnimationSet Global {
  Animation {
    {Armature}
    AnimationKey { // Rotation
      0;
      140;
      0;4;-0.707107, 0.707107, 0.000000, 0.000000;;,
      1;4;-0.707107, 0.707107, 0.000000, 0.000000;;,
      2;4;-0.707107, 0.707107, 0.000000, 0.000000;;,
      3;4;-0.707107, 0.707107, 0.000000, 0.000000;;,
      4;4;-0.707107, 0.707107, 0.000000, 0.000000;;,
      5;4;-0.707107, 0.707107, 0.000000, 0.000000;;,
      6;4;-0.707107, 0.707107, 0.000000, 0.000000;;,
      7;4;-0.707107, 0.707107, 0.000000, 0.000000;;,
      8;4;-0.707107, 0.707107, 0.000000, 0.000000;;,
      9;4;-0.707107, 0.707107, 0.000000, 0.000000;;,
      10;4;-0.707107, 0.707107, 0.000000, 0.000000;;,
      11;4;-0.707107, 0.707107, 0.000000, 0.000000;;,
      12;4;-0.707107, 0.707107, 0.000000, 0.000000;;,
      13;4;-0.707107, 0.707107, 0.000000, 0.000000;;,
      14;4;-0.707107, 0.707107, 0.000000, 0.000000;;,
      15;4;-0.707107, 0.707107, 0.000000, 0.000000;;,
      16;4;-0.707107, 0.707107, 0.000000, 0.000000;;,
      17;4;-0.707107, 0.707107, 0.000000, 0.000000;;,
      18;4;-0.707107, 0.707107, 0.000000, 0.000000;;,
      19;4;-0.707107, 0.707107, 0.000000, 0.000000;;,
      20;4;-0.707107, 0.707107, 0.000000, 0.000000;;,
      21;4;-0.707107, 0.707107, 0.000000, 0.000000;;,
      22;4;-0.707107, 0.707107, 0.000000, 0.000000;;,
      23;4;-0.707107, 0.707107, 0.000000, 0.000000;;,
      24;4;-0.707107, 0.707107, 0.000000, 0.000000;;,
      25;4;-0.707107, 0.707107, 0.000000, 0.000000;;,
      26;4;-0.707107, 0.707107, 0.000000, 0.000000;;,
      27;4;-0.707107, 0.707107, 0.000000, 0.000000;;,
      28;4;-0.707107, 0.707107, 0.000000, 0.000000;;,
      29;4;-0.707107, 0.707107, 0.000000, 0.000000;;,
      30;4;-0.707107, 0.707107, 0.000000, 0.000000;;,
      31;4;-0.707107, 0.707107, 0.000000, 0.000000;;,
      32;4;-0.707107, 0.707107, 0.000000, 0.000000;;,
      33;4;-0.707107, 0.707107, 0.000000, 0.000000;;,
      34;4;-0.707107, 0.707107, 0.000000, 0.000000;;,
      35;4;-0.707107, 0.707107, 0.000000, 0.000000;;,
      36;4;-0.707107, 0.707107, 0.000000, 0.000000;;,
      37;4;-0.707107, 0.707107, 0.000000, 0.000000;;,
      38;4;-0.707107, 0.707107, 0.000000, 0.000000;;,
      39;4;-0.707107, 0.707107, 0.000000, 0.000000;;,
      40;4;-0.707107, 0.707107, 0.000000, 0.000000;;,
      41;4;-0.707107, 0.707107, 0.000000, 0.000000;;,
      42;4;-0.707107, 0.707107, 0.000000, 0.000000;;,
      43;4;-0.707107, 0.707107, 0.000000, 0.000000;;,
      44;4;-0.707107, 0.707107, 0.000000, 0.000000;;,
      45;4;-0.707107, 0.707107, 0.000000, 0.000000;;,
      46;4;-0.707107, 0.707107, 0.000000, 0.000000;;,
      47;4;-0.707107, 0.707107, 0.000000, 0.000000;;,
      48;4;-0.707107, 0.707107, 0.000000, 0.000000;;,
      49;4;-0.707107, 0.707107, 0.000000, 0.000000;;,
      50;4;-0.707107, 0.707107, 0.000000, 0.000000;;,
      51;4;-0.707107, 0.707107, 0.000000, 0.000000;;,
      52;4;-0.707107, 0.707107, 0.000000, 0.000000;;,
      53;4;-0.707107, 0.707107, 0.000000, 0.000000;;,
      54;4;-0.707107, 0.707107, 0.000000, 0.000000;;,
      55;4;-0.707107, 0.707107, 0.000000, 0.000000;;,
      56;4;-0.707107, 0.707107, 0.000000, 0.000000;;,
      57;4;-0.707107, 0.707107, 0.000000, 0.000000;;,
      58;4;-0.707107, 0.707107, 0.000000, 0.000000;;,
      59;4;-0.707107, 0.707107, 0.000000, 0.000000;;,
      60;4;-0.707107, 0.707107, 0.000000, 0.000000;;,
      61;4;-0.707107, 0.707107, 0.000000, 0.000000;;,
      62;4;-0.707107, 0.707107, 0.000000, 0.000000;;,
      63;4;-0.707107, 0.707107, 0.000000, 0.000000;;,
      64;4;-0.707107, 0.707107, 0.000000, 0.000000;;,
      65;4;-0.707107, 0.707107, 0.000000, 0.000000;;,
      66;4;-0.707107, 0.707107, 0.000000, 0.000000;;,
      67;4;-0.707107, 0.707107, 0.000000, 0.000000;;,
      68;4;-0.707107, 0.707107, 0.000000, 0.000000;;,
      69;4;-0.707107, 0.707107, 0.000000, 0.000000;;,
      70;4;-0.707107, 0.707107, 0.000000, 0.000000;;,
      71;4;-0.707107, 0.707107, 0.000000, 0.000000;;,
      72;4;-0.707107, 0.707107, 0.000000, 0.000000;;,
      73;4;-0.707107, 0.707107, 0.000000, 0.000000;;,
      74;4;-0.707107, 0.707107, 0.000000, 0.000000;;,
      75;4;-0.707107, 0.707107, 0.000000, 0.000000;;,
      76;4;-0.707107, 0.707107, 0.000000, 0.000000;;,
      77;4;-0.707107, 0.707107, 0.000000, 0.000000;;,
      78;4;-0.707107, 0.707107, 0.000000, 0.000000;;,
      79;4;-0.707107, 0.707107, 0.000000, 0.000000;;,
      80;4;-0.707107, 0.707107, 0.000000, 0.000000;;,
      81;4;-0.707107, 0.707107, 0.000000, 0.000000;;,
      82;4;-0.707107, 0.707107, 0.000000, 0.000000;;,
      83;4;-0.707107, 0.707107, 0.000000, 0.000000;;,
      84;4;-0.707107, 0.707107, 0.000000, 0.000000;;,
      85;4;-0.707107, 0.707107, 0.000000, 0.000000;;,
      86;4;-0.707107, 0.707107, 0.000000, 0.000000;;,
      87;4;-0.707107, 0.707107, 0.000000, 0.000000;;,
      88;4;-0.707107, 0.707107, 0.000000, 0.000000;;,
      89;4;-0.707107, 0.707107, 0.000000, 0.000000;;,
      90;4;-0.707107, 0.707107, 0.000000, 0.000000;;,
      91;4;-0.707107, 0.707107, 0.000000, 0.000000;;,
      92;4;-0.707107, 0.707107, 0.000000, 0.000000;;,
      93;4;-0.707107, 0.707107, 0.000000, 0.000000;;,
      94;4;-0.707107, 0.707107, 0.000000, 0.000000;;,
      95;4;-0.707107, 0.707107, 0.000000, 0.000000;;,
      96;4;-0.707107, 0.707107, 0.000000, 0.000000;;,
      97;4;-0.707107, 0.707107, 0.000000, 0.000000;;,
      98;4;-0.707107, 0.707107, 0.000000, 0.000000;;,
      99;4;-0.707107, 0.707107, 0.000000, 0.000000;;,
      100;4;-0.707107, 0.707107, 0.000000, 0.000000;;,
      101;4;-0.707107, 0.707107, 0.000000, 0.000000;;,
      102;4;-0.707107, 0.707107, 0.000000, 0.000000;;,
      103;4;-0.707107, 0.707107, 0.000000, 0.000000;;,
      104;4;-0.707107, 0.707107, 0.000000, 0.000000;;,
      105;4;-0.707107, 0.707107, 0.000000, 0.000000;;,
      106;4;-0.707107, 0.707107, 0.000000, 0.000000;;,
      107;4;-0.707107, 0.707107, 0.000000, 0.000000;;,
      108;4;-0.707107, 0.707107, 0.000000, 0.000000;;,
      109;4;-0.707107, 0.707107, 0.000000, 0.000000;;,
      110;4;-0.707107, 0.707107, 0.000000, 0.000000;;,
      111;4;-0.707107, 0.707107, 0.000000, 0.000000;;,
      112;4;-0.707107, 0.707107, 0.000000, 0.000000;;,
      113;4;-0.707107, 0.707107, 0.000000, 0.000000;;,
      114;4;-0.707107, 0.707107, 0.000000, 0.000000;;,
      115;4;-0.707107, 0.707107, 0.000000, 0.000000;;,
      116;4;-0.707107, 0.707107, 0.000000, 0.000000;;,
      117;4;-0.707107, 0.707107, 0.000000, 0.000000;;,
      118;4;-0.707107, 0.707107, 0.000000, 0.000000;;,
      119;4;-0.707107, 0.707107, 0.000000, 0.000000;;,
      120;4;-0.707107, 0.707107, 0.000000, 0.000000;;,
      121;4;-0.707107, 0.707107, 0.000000, 0.000000;;,
      122;4;-0.707107, 0.707107, 0.000000, 0.000000;;,
      123;4;-0.707107, 0.707107, 0.000000, 0.000000;;,
      124;4;-0.707107, 0.707107, 0.000000, 0.000000;;,
      125;4;-0.707107, 0.707107, 0.000000, 0.000000;;,
      126;4;-0.707107, 0.707107, 0.000000, 0.000000;;,
      127;4;-0.707107, 0.707107, 0.000000, 0.000000;;,
      128;4;-0.707107, 0.707107, 0.000000, 0.000000;;,
      129;4;-0.707107, 0.707107, 0.000000, 0.000000;;,
      130;4;-0.707107, 0.707107, 0.000000, 0.000000;;,
      131;4;-0.707107, 0.707107, 0.000000, 0.000000;;,
      132;4;-0.707107, 0.707107, 0.000000, 0.000000;;,
      133;4;-0.707107, 0.707107, 0.000000, 0.000000;;,
      134;4;-0.707107, 0.707107, 0.000000, 0.000000;;,
      135;4;-0.707107, 0.707107, 0.000000, 0.000000;;,
      136;4;-0.707107, 0.707107, 0.000000, 0.000000;;,
      137;4;-0.707107, 0.707107, 0.000000, 0.000000;;,
      138;4;-0.707107, 0.707107, 0.000000, 0.000000;;,
      139;4;-0.707107, 0.707107, 0.000000, 0.000000;;;
    }
    AnimationKey { // Scale
      1;
      140;
      0;3; 0.010000, 0.010000, 0.010000;;,
      1;3; 0.010000, 0.010000, 0.010000;;,
      2;3; 0.010000, 0.010000, 0.010000;;,
      3;3; 0.010000, 0.010000, 0.010000;;,
      4;3; 0.010000, 0.010000, 0.010000;;,
      5;3; 0.010000, 0.010000, 0.010000;;,
      6;3; 0.010000, 0.010000, 0.010000;;,
      7;3; 0.010000, 0.010000, 0.010000;;,
      8;3; 0.010000, 0.010000, 0.010000;;,
      9;3; 0.010000, 0.010000, 0.010000;;,
      10;3; 0.010000, 0.010000, 0.010000;;,
      11;3; 0.010000, 0.010000, 0.010000;;,
      12;3; 0.010000, 0.010000, 0.010000;;,
      13;3; 0.010000, 0.010000, 0.010000;;,
      14;3; 0.010000, 0.010000, 0.010000;;,
      15;3; 0.010000, 0.010000, 0.010000;;,
      16;3; 0.010000, 0.010000, 0.010000;;,
      17;3; 0.010000, 0.010000, 0.010000;;,
      18;3; 0.010000, 0.010000, 0.010000;;,
      19;3; 0.010000, 0.010000, 0.010000;;,
      20;3; 0.010000, 0.010000, 0.010000;;,
      21;3; 0.010000, 0.010000, 0.010000;;,
      22;3; 0.010000, 0.010000, 0.010000;;,
      23;3; 0.010000, 0.010000, 0.010000;;,
      24;3; 0.010000, 0.010000, 0.010000;;,
      25;3; 0.010000, 0.010000, 0.010000;;,
      26;3; 0.010000, 0.010000, 0.010000;;,
      27;3; 0.010000, 0.010000, 0.010000;;,
      28;3; 0.010000, 0.010000, 0.010000;;,
      29;3; 0.010000, 0.010000, 0.010000;;,
      30;3; 0.010000, 0.010000, 0.010000;;,
      31;3; 0.010000, 0.010000, 0.010000;;,
      32;3; 0.010000, 0.010000, 0.010000;;,
      33;3; 0.010000, 0.010000, 0.010000;;,
      34;3; 0.010000, 0.010000, 0.010000;;,
      35;3; 0.010000, 0.010000, 0.010000;;,
      36;3; 0.010000, 0.010000, 0.010000;;,
      37;3; 0.010000, 0.010000, 0.010000;;,
      38;3; 0.010000, 0.010000, 0.010000;;,
      39;3; 0.010000, 0.010000, 0.010000;;,
      40;3; 0.010000, 0.010000, 0.010000;;,
      41;3; 0.010000, 0.010000, 0.010000;;,
      42;3; 0.010000, 0.010000, 0.010000;;,
      43;3; 0.010000, 0.010000, 0.010000;;,
      44;3; 0.010000, 0.010000, 0.010000;;,
      45;3; 0.010000, 0.010000, 0.010000;;,
      46;3; 0.010000, 0.010000, 0.010000;;,
      47;3; 0.010000, 0.010000, 0.010000;;,
      48;3; 0.010000, 0.010000, 0.010000;;,
      49;3; 0.010000, 0.010000, 0.010000;;,
      50;3; 0.010000, 0.010000, 0.010000;;,
      51;3; 0.010000, 0.010000, 0.010000;;,
      52;3; 0.010000, 0.010000, 0.010000;;,
      53;3; 0.010000, 0.010000, 0.010000;;,
      54;3; 0.010000, 0.010000, 0.010000;;,
      55;3; 0.010000, 0.010000, 0.010000;;,
      56;3; 0.010000, 0.010000, 0.010000;;,
      57;3; 0.010000, 0.010000, 0.010000;;,
      58;3; 0.010000, 0.010000, 0.010000;;,
      59;3; 0.010000, 0.010000, 0.010000;;,
      60;3; 0.010000, 0.010000, 0.010000;;,
