xof 0303txt 0032

template XSkinMeshHeader {
  <3cf169ce-ff7c-44ab-93c0-f78f62d172e2>
  WORD nMaxSkinWeightsPerVertex;
  WORD nMaxSkinWeightsPerFace;
  WORD nBones;
}

template SkinWeights {
  <6f0d123b-bad2-4167-a0d0-80224f25fabb>
  STRING transformNodeName;
  DWORD nWeights;
  array DWORD vertexIndices[nWeights];
  array float weights[nWeights];
  Matrix4x4 matrixOffset;
}

Frame Root {
  FrameTransformMatrix {
     1.000000, 0.000000, 0.000000, 0.000000,
     0.000000,-0.000000, 1.000000, 0.000000,
     0.000000, 1.000000, 0.000000, 0.000000,
     0.000000, 0.000000, 0.000000, 1.000000;;
  }
  Frame Armature {
    FrameTransformMatrix {
       0.010000, 0.000000, 0.000000, 0.000000,
       0.000000,-0.000000, 0.010000, 0.000000,
       0.000000,-0.010000,-0.000000, 0.000000,
       0.000000, 0.000000, 0.000000, 1.000000;;
    }
    Frame Armature_root {
      FrameTransformMatrix {
         1.000000, 0.000000, 0.000000, 0.000000,
         0.000000, 1.000000,-0.000000, 0.000000,
         0.000000, 0.000000, 1.000000, 0.000000,
         0.000000, 0.000000, 0.000000, 1.000000;;
      }
      Frame Armature_ik_foot_root {
        FrameTransformMatrix {
           1.000000, 0.000000, 0.000000, 0.000000,
           0.000000, 0.000000,-1.000000, 0.000000,
           0.000000, 1.000000, 0.000000, 0.000000,
           0.000000, 0.000000, 0.000000, 1.000000;;
        }
        Frame Armature_ik_foot_l {
          FrameTransformMatrix {
            -0.017532,-0.011668, 0.999778, 0.000000,
             0.021549, 0.999695, 0.012045, 0.000000,
            -0.999614, 0.021756,-0.017276, 0.000000,
            47.516270,-56.028690,13.551500, 1.000000;;
          }
        } // End of Armature_ik_foot_l
        Frame Armature_ik_foot_r {
          FrameTransformMatrix {
            -0.187956, 0.540171,-0.820297, 0.000000,
            -0.442472,-0.792199,-0.420284, 0.000000,
            -0.876864, 0.283963, 0.387910, 0.000000,
            -25.768547,42.218979,18.196392, 1.000000;;
          }
        } // End of Armature_ik_foot_r
      } // End of Armature_ik_foot_root
      Frame Armature_ik_hand_root {
        FrameTransformMatrix {
           1.000000, 0.000000, 0.000000, 0.000000,
           0.000000, 1.000000, 0.000000, 0.000000,
           0.000000, 0.000000, 1.000000, 0.000000,
           0.000000, 0.000000, 0.000000, 1.000000;;
        }
        Frame Armature_ik_hand_gun {
          FrameTransformMatrix {
            -0.743829,-0.504532, 0.438367, 0.000000,
            -0.378191, 0.858494, 0.346351, 0.000000,
            -0.551081, 0.091840,-0.829382, 0.000000,
            51.431038,78.570938,67.875175, 1.000000;;
          }
          Frame Armature_ik_hand_l {
            FrameTransformMatrix {
               0.620935, 0.701227,-0.350313, 0.000000,
               0.757630,-0.651534, 0.038727, 0.000000,
              -0.201085,-0.289455,-0.935831, 0.000000,
              15.548462,11.934591, 3.596820, 1.000000;;
            }
          } // End of Armature_ik_hand_l
          Frame Armature_ik_hand_r {
            FrameTransformMatrix {
               1.000000, 0.000000,-0.000000, 0.000000,
               0.000000, 1.000000,-0.000000, 0.000000,
              -0.000000, 0.000000, 1.000000, 0.000000,
               0.000004, 0.000004, 0.000002, 1.000000;;
            }
          } // End of Armature_ik_hand_r
        } // End of Armature_ik_hand_gun
      } // End of Armature_ik_hand_root
      Frame Armature_pelvis {
        FrameTransformMatrix {
          -0.097040, 0.986464, 0.132180, 0.000000,
           0.136083,-0.118409, 0.983595, 0.000000,
           0.985933, 0.113435,-0.122750, 0.000000,
          11.788865,51.272999,16.107294, 1.000000;;
        }
        Frame Armature_spine_01 {
          FrameTransformMatrix {
             0.634935,-0.659056,-0.403116, 0.000000,
             0.759302, 0.628618, 0.168223, 0.000000,
             0.142538,-0.412898, 0.899554, 0.000000,
            10.808875, 0.851411, 0.000000, 1.000000;;
          }
          Frame Armature_spine_02 {
            FrameTransformMatrix {
               0.956230, 0.194815,-0.218340, 0.000000,
              -0.209151, 0.976876,-0.044366, 0.000000,
               0.204648, 0.088090, 0.974864, 0.000000,
               3.712053,18.811575, 0.872534, 1.000000;;
            }
            Frame Armature_spine_03 {
              FrameTransformMatrix {
                 0.977089, 0.040362,-0.208969, 0.000000,
                -0.022313, 0.995869, 0.088021, 0.000000,
                 0.211659,-0.081342, 0.973953, 0.000000,
                 0.380615,13.411954, 0.179208, 1.000000;;
              }
              Frame Armature_clavicle_l {
                FrameTransformMatrix {
                   0.889723, 0.146062,-0.432502, 0.000000,
                   0.445144,-0.067586, 0.892905, 0.000000,
                   0.101188,-0.986964,-0.125151, 0.000000,
                  -2.732093,11.883696, 3.781982, 1.000000;;
                }
                Frame Armature_upperarm_l {
                  FrameTransformMatrix {
                    -0.780692, 0.540405, 0.313819, 0.000000,
                    -0.618763,-0.738764,-0.267133, 0.000000,
                     0.087479,-0.402728, 0.911130, 0.000000,
                     0.000001,15.784881, 0.000014, 1.000000;;
                  }
                  Frame Armature_lowerarm_l {
                    FrameTransformMatrix {
                       0.290225, 0.956958,-0.000000, 0.000000,
                      -0.956958, 0.290225,-0.000001, 0.000000,
                      -0.000000, 0.000000, 1.000000, 0.000000,
                       0.000002,30.339949,-0.000006, 1.000000;;
                    }
                    Frame Armature_hand_l {
                      FrameTransformMatrix {
                         0.348658, 0.315474, 0.882561, 0.000000,
                        -0.371019, 0.911184,-0.179134, 0.000000,
                        -0.860687,-0.264991, 0.434738, 0.000000,
                        -0.000003,26.975172, 0.000008, 1.000000;;
                      }
                      Frame Armature_index_01_l {
                        FrameTransformMatrix {
                           0.959360, 0.166205,-0.228045, 0.000000,
                          -0.132358, 0.978764, 0.156531, 0.000000,
                           0.249218,-0.119987, 0.960986, 0.000000,
                           1.763459,12.068122, 2.109400, 1.000000;;
                        }
                        Frame Armature_index_02_l {
                          FrameTransformMatrix {
                             0.999582, 0.028294,-0.005964, 0.000000,
                            -0.027532, 0.994315, 0.102860, 0.000000,
                             0.008840,-0.102652, 0.994678, 0.000000,
                            -0.000001, 4.287485,-0.000003, 1.000000;;
                          }
                          Frame Armature_index_03_l {
                            FrameTransformMatrix {
                               0.956072, 0.292424,-0.020365, 0.000000,
                              -0.292357, 0.956289, 0.006227, 0.000000,
                               0.021296, 0.000000, 0.999773, 0.000000,
                              -0.000001, 3.393793, 0.000000, 1.000000;;
                            }
                          } // End of Armature_index_03_l
                        } // End of Armature_index_02_l
                      } // End of Armature_index_01_l
                      Frame Armature_middle_01_l {
                        FrameTransformMatrix {
                           0.987921,-0.130118,-0.084149, 0.000000,
                           0.114493, 0.978867,-0.169444, 0.000000,
                           0.104418, 0.157763, 0.981941, 0.000000,
                           1.293642,12.244286,-0.571154, 1.000000;;
                        }
                        Frame Armature_middle_02_l {
                          FrameTransformMatrix {
                             0.992040,-0.117437, 0.045444, 0.000000,
                             0.113323, 0.989963, 0.084444, 0.000000,
                            -0.054904,-0.078623, 0.995391, 0.000000,
                            -0.000004, 4.640369, 0.000001, 1.000000;;
                          }
                          Frame Armature_middle_03_l {
                            FrameTransformMatrix {
                               0.967161, 0.254144,-0.003165, 0.000000,
                              -0.254142, 0.967166, 0.000831, 0.000000,
                               0.003272, 0.000001, 0.999995, 0.000000,
                              -0.000000, 3.648836, 0.000002, 1.000000;;
                            }
                          } // End of Armature_middle_03_l
                        } // End of Armature_middle_02_l
                      } // End of Armature_middle_01_l
                      Frame Armature_pinky_01_l {
                        FrameTransformMatrix {
                           0.931368,-0.251318, 0.263424, 0.000000,
                           0.341786, 0.852836,-0.394783, 0.000000,
                          -0.125441, 0.457723, 0.880201, 0.000000,
                           2.263153,10.140673,-4.643147, 1.000000;;
                        }
                        Frame Armature_pinky_02_l {
                          FrameTransformMatrix {
                             0.949908,-0.309685,-0.042073, 0.000000,
                             0.309877, 0.950774,-0.002052, 0.000000,
                             0.040637,-0.011089, 0.999113, 0.000000,
                             0.000005, 3.570981,-0.000001, 1.000000;;
                          }
                          Frame Armature_pinky_03_l {
                            FrameTransformMatrix {
                               0.999072,-0.042468,-0.007160, 0.000000,
                               0.042467, 0.999098,-0.000304, 0.000000,
                               0.007167,-0.000000, 0.999974, 0.000000,
                               0.000004, 2.985634, 0.000004, 1.000000;;
                            }
                          } // End of Armature_pinky_03_l
                        } // End of Armature_pinky_02_l
                      } // End of Armature_pinky_01_l
                      Frame Armature_ring_01_l {
                        FrameTransformMatrix {
                           0.932509,-0.291642, 0.213007, 0.000000,
                           0.346476, 0.888853,-0.299825, 0.000000,
                          -0.101890, 0.353392, 0.929910, 0.000000,
                           1.753523,11.497890,-2.846909, 1.000000;;
                        }
                        Frame Armature_ring_02_l {
                          FrameTransformMatrix {
                             0.984802, 0.173493,-0.008094, 0.000000,
                            -0.173410, 0.984798, 0.010089, 0.000000,
                             0.009721,-0.008532, 0.999916, 0.000000,
                            -0.000010, 4.430187, 0.000003, 1.000000;;
                          }
                          Frame Armature_ring_03_l {
                            FrameTransformMatrix {
                               0.951130, 0.308792, 0.000382, 0.000000,
                              -0.308792, 0.951130,-0.000124, 0.000000,
                              -0.000401, 0.000000, 1.000000, 0.000000,
                              -0.000004, 3.476667, 0.000000, 1.000000;;
                            }
                          } // End of Armature_ring_03_l
                        } // End of Armature_ring_02_l
                      } // End of Armature_ring_01_l
                      Frame Armature_thumb_01_l {
                        FrameTransformMatrix {
                          -0.049888, 0.340788,-0.938816, 0.000000,
                           0.696399, 0.685662, 0.211887, 0.000000,
                           0.715919,-0.643220,-0.271531, 0.000000,
                           2.374988, 4.762033, 2.537823, 1.000000;;
                        }
                        Frame Armature_thumb_02_l {
                          FrameTransformMatrix {
                             0.994918,-0.094574,-0.034564, 0.000000,
                             0.097443, 0.990808, 0.093834, 0.000000,
                             0.025372,-0.096725, 0.994988, 0.000000,
                            -0.000000, 3.869678,-0.000010, 1.000000;;
                          }
                          Frame Armature_thumb_03_l {
                            FrameTransformMatrix {
                               0.993104,-0.092367,-0.072197, 0.000000,
                               0.099653, 0.989482, 0.104856, 0.000000,
                               0.061753,-0.111328, 0.991863, 0.000000,
                              -0.000000, 4.062176,-0.000012, 1.000000;;
                            }
                          } // End of Armature_thumb_03_l
                        } // End of Armature_thumb_02_l
                      } // End of Armature_thumb_01_l
                    } // End of Armature_hand_l
                    Frame Armature_lowerarm_twist_01_l {
                      FrameTransformMatrix {
                         0.982059, 0.000000,-0.188572, 0.000000,
                        -0.000000, 1.000000, 0.000000, 0.000000,
                         0.188572,-0.000000, 0.982059, 0.000000,
                         0.000007,14.000021, 0.000006, 1.000000;;
                      }
                    } // End of Armature_lowerarm_twist_01_l
                  } // End of Armature_lowerarm_l
                  Frame Armature_upperarm_twist_01_l {
                    FrameTransformMatrix {
                       0.607967,-0.000000,-0.793962, 0.000000,
                       0.000000, 1.000000,-0.000001, 0.000000,
                       0.793962, 0.000000, 0.607967, 0.000000,
                       0.000002, 0.500012, 0.000019, 1.000000;;
                    }
                  } // End of Armature_upperarm_twist_01_l
                } // End of Armature_upperarm_l
              } // End of Armature_clavicle_l
              Frame Armature_clavicle_r {
                FrameTransformMatrix {
                  -0.952648,-0.122732,-0.278206, 0.000000,
                   0.296483,-0.171741,-0.939469, 0.000000,
                   0.067524,-0.977467, 0.199997, 0.000000,
                  -2.732111,11.883797,-3.782006, 1.000000;;
                }
                Frame Armature_upperarm_r {
                  FrameTransformMatrix {
                    -0.058464,-0.996994, 0.050836, 0.000000,
                     0.868034,-0.075921,-0.490665, 0.000000,
                     0.493050, 0.015441, 0.869864, 0.000000,
                    -0.000042,15.784746, 0.000084, 1.000000;;
                  }
                  Frame Armature_lowerarm_r {
                    FrameTransformMatrix {
                       0.199705,-0.978186,-0.057184, 0.000000,
                       0.970430, 0.205522,-0.126592, 0.000000,
                       0.135583,-0.030212, 0.990305, 0.000000,
                       0.000000,30.340069, 0.000005, 1.000000;;
                    }
                    Frame Armature_hand_r {
                      FrameTransformMatrix {
                         0.508735,-0.018508,-0.860724, 0.000000,
                         0.177046, 0.980649, 0.083557, 0.000000,
                         0.842522,-0.194896, 0.502167, 0.000000,
                        -0.000010,26.975262, 0.000000, 1.000000;;
                      }
                      Frame Armature_index_01_r {
                        FrameTransformMatrix {
                           0.680580, 0.711087, 0.176542, 0.000000,
                          -0.685835, 0.703071,-0.187937, 0.000000,
                          -0.257761, 0.006827, 0.966185, 0.000000,
                          -1.763739,12.067957, 2.109427, 1.000000;;
                        }
                        Frame Armature_index_02_r {
                          FrameTransformMatrix {
                            -0.096418, 0.990319, 0.099864, 0.000000,
                            -0.995296,-0.094969,-0.019177, 0.000000,
                            -0.009507,-0.101243, 0.994816, 0.000000,
                             0.000097, 4.287691,-0.000074, 1.000000;;
                          }
                          Frame Armature_index_03_r {
                            FrameTransformMatrix {
                               0.666917, 0.744997, 0.014202, 0.000000,
                              -0.744828, 0.667068,-0.015862, 0.000000,
                              -0.021291, 0.000000, 0.999773, 0.000000,
                               0.000115, 3.393799,-0.000014, 1.000000;;
                            }
                          } // End of Armature_index_03_r
                        } // End of Armature_index_02_r
                      } // End of Armature_index_01_r
                      Frame Armature_middle_01_r {
                        FrameTransformMatrix {
                           0.441930, 0.896671,-0.026033, 0.000000,
                          -0.895749, 0.439541,-0.066612, 0.000000,
                          -0.048286, 0.052757, 0.997439, 0.000000,
                          -1.293739,12.244127,-0.571133, 1.000000;;
                        }
                        Frame Armature_middle_02_r {
                          FrameTransformMatrix {
                             0.178865, 0.979905, 0.088288, 0.000000,
                            -0.981563, 0.171578, 0.084233, 0.000000,
                             0.067393,-0.101726, 0.992527, 0.000000,
                            -0.000142, 4.640566, 0.000001, 1.000000;;
                          }
                          Frame Armature_middle_03_r {
                            FrameTransformMatrix {
                               0.131028, 0.991379, 0.000430, 0.000000,
                              -0.991373, 0.131029,-0.003246, 0.000000,
                              -0.003274,-0.000001, 0.999995, 0.000000,
                               0.000000, 3.648906,-0.000002, 1.000000;;
                            }
                          } // End of Armature_middle_03_r
                        } // End of Armature_middle_02_r
                      } // End of Armature_middle_01_r
                      Frame Armature_pinky_01_r {
                        FrameTransformMatrix {
                           0.827081, 0.473668,-0.302614, 0.000000,
                          -0.535494, 0.827640,-0.168104, 0.000000,
                           0.170830, 0.301084, 0.938172, 0.000000,
                          -2.263374,10.140604,-4.643097, 1.000000;;
                        }
                        Frame Armature_pinky_02_r {
                          FrameTransformMatrix {
                             0.135754, 0.989591, 0.047748, 0.000000,
                            -0.990284, 0.137000,-0.023856, 0.000000,
                            -0.030149,-0.044045, 0.998574, 0.000000,
                            -0.000002, 3.571054, 0.000006, 1.000000;;
                          }
                          Frame Armature_pinky_03_r {
                            FrameTransformMatrix {
                              -0.138518, 0.990359,-0.000987, 0.000000,
                              -0.990334,-0.138521,-0.007079, 0.000000,
                              -0.007148,-0.000003, 0.999974, 0.000000,
                               0.000310, 2.985481,-0.000038, 1.000000;;
                            }
                          } // End of Armature_pinky_03_r
                        } // End of Armature_pinky_02_r
                      } // End of Armature_pinky_01_r
                      Frame Armature_ring_01_r {
                        FrameTransformMatrix {
                           0.488692, 0.835028,-0.252801, 0.000000,
                          -0.863052, 0.505116, 0.000075, 0.000000,
                           0.127757, 0.218144, 0.967518, 0.000000,
                          -1.753784,11.497984,-2.846918, 1.000000;;
                        }
                        Frame Armature_ring_02_r {
                          FrameTransformMatrix {
                            -0.098077, 0.994968, 0.020480, 0.000000,
                            -0.995158,-0.097921,-0.008494, 0.000000,
                            -0.006446,-0.021214, 0.999754, 0.000000,
                             0.000002, 4.429867, 0.000000, 1.000000;;
                          }
                          Frame Armature_ring_03_r {
                            FrameTransformMatrix {
                               0.264064, 0.964505,-0.000106, 0.000000,
                              -0.964505, 0.264064, 0.000404, 0.000000,
                               0.000418,-0.000005, 1.000000, 0.000000,
                              -0.000008, 3.476572,-0.000002, 1.000000;;
                            }
                          } // End of Armature_ring_03_r
                        } // End of Armature_ring_02_r
                      } // End of Armature_ring_01_r
                      Frame Armature_thumb_01_r {
                        FrameTransformMatrix {
                           0.166767,-0.399674, 0.901360, 0.000000,
                          -0.684859, 0.610703, 0.397504, 0.000000,
                          -0.709335,-0.683595,-0.171875, 0.000000,
                          -2.375124, 4.762123, 2.537800, 1.000000;;
                        }
                        Frame Armature_thumb_02_r {
                          FrameTransformMatrix {
                             0.809495, 0.587037, 0.010216, 0.000000,
                            -0.587123, 0.809316, 0.017121, 0.000000,
                             0.001783,-0.019858, 0.999801, 0.000000,
                             0.000107, 3.869579, 0.000049, 1.000000;;
                          }
                          Frame Armature_thumb_03_r {
                            FrameTransformMatrix {
                               0.696232, 0.717190, 0.029993, 0.000000,
                              -0.716526, 0.696878,-0.030868, 0.000000,
                              -0.043040, 0.000000, 0.999073, 0.000000,
                              -0.000004, 4.062185,-0.000004, 1.000000;;
                            }
                          } // End of Armature_thumb_03_r
                        } // End of Armature_thumb_02_r
                      } // End of Armature_thumb_01_r
                      Frame Armature_weapon_r {
                        FrameTransformMatrix {
                          -0.005470,-0.000002,-0.999985, 0.000000,
                          -0.000001,-1.000000, 0.000002, 0.000000,
                          -0.999985, 0.000001, 0.005470, 0.000000,
                          -4.666994,11.309017,-1.093011, 1.000000;;
                        }
                      } // End of Armature_weapon_r
                    } // End of Armature_hand_r
                    Frame Armature_lowerarm_twist_01_r {
                      FrameTransformMatrix {
                         0.999453, 0.000000, 0.033074, 0.000000,
                        -0.000000, 1.000000,-0.000001, 0.000000,
                        -0.033074, 0.000001, 0.999453, 0.000000,
                         0.000025,14.000008,-0.000006, 1.000000;;
                      }
                    } // End of Armature_lowerarm_twist_01_r
                  } // End of Armature_lowerarm_r
                  Frame Armature_upperarm_twist_01_r {
                    FrameTransformMatrix {
                       0.998180, 0.000000, 0.060308, 0.000000,
                      -0.000000, 1.000000, 0.000000, 0.000000,
                      -0.060308,-0.000000, 0.998180, 0.000000,
                       0.000001, 0.499997,-0.000004, 1.000000;;
                    }
                  } // End of Armature_upperarm_twist_01_r
                } // End of Armature_upperarm_r
              } // End of Armature_clavicle_r
              Frame Armature_neck_01 {
                FrameTransformMatrix {
                   0.719386, 0.273013, 0.638707, 0.000000,
                  -0.088793, 0.948120,-0.305261, 0.000000,
                  -0.688911, 0.162888, 0.706306, 0.000000,
                  -0.355324,16.558792,-0.000002, 1.000000;;
                }
                Frame Armature_head {
                  FrameTransformMatrix {
                     0.623075,-0.683454, 0.380353, 0.000000,
                     0.759748, 0.644421,-0.086624, 0.000000,
                    -0.185904, 0.342946, 0.920776, 0.000000,
                     0.364167, 9.283625, 0.000001, 1.000000;;
                  }
                } // End of Armature_head
              } // End of Armature_neck_01
            } // End of Armature_spine_03
          } // End of Armature_spine_02
        } // End of Armature_spine_01
        Frame Armature_sword_holder {
          FrameTransformMatrix {
            -0.909313, 0.370363, 0.189679, 0.000000,
            -0.355306,-0.928335, 0.109325, 0.000000,
             0.216575, 0.032017, 0.975741, 0.000000,
            13.979997,19.493002,16.300999, 1.000000;;
          }
        } // End of Armature_sword_holder
        Frame Armature_thigh_l {
          FrameTransformMatrix {
            -0.971639, 0.054746, 0.230044, 0.000000,
             0.073679, 0.994494, 0.074529, 0.000000,
            -0.224697, 0.089364,-0.970322, 0.000000,
            -1.448834, 0.531418, 9.005811, 1.000000;;
          }
          Frame Armature_calf_l {
            FrameTransformMatrix {
               0.110236,-0.993113, 0.039680, 0.000000,
               0.987758, 0.105034,-0.115334, 0.000000,
               0.110372, 0.051908, 0.992534, 0.000000,
              -0.164093,42.345512, 0.025747, 1.000000;;
            }
            Frame Armature_calf_twist_01_l {
              FrameTransformMatrix {
                 0.995775,-0.015519,-0.090501, 0.000000,
                 0.015236, 0.999877,-0.003824, 0.000000,
                 0.090549, 0.002429, 0.995889, 0.000000,
                 0.000001,20.476780,-0.000007, 1.000000;;
              }
            } // End of Armature_calf_twist_01_l
            Frame Armature_foot_l {
              FrameTransformMatrix {
                -0.088568,-0.899701,-0.427427, 0.000000,
                -0.970734,-0.018204, 0.239465, 0.000000,
                -0.223228, 0.436127,-0.871758, 0.000000,
                 0.000264,40.196625, 0.000401, 1.000000;;
              }
              Frame Armature_ball_l {
                FrameTransformMatrix {
                   0.024607, 0.999697,-0.000108, 0.000000,
                  -0.999697, 0.024607, 0.000076, 0.000000,
                   0.000079, 0.000106, 1.000000, 0.000000,
                  -10.453838,16.577856,-0.080153, 1.000000;;
                }
              } // End of Armature_ball_l
            } // End of Armature_foot_l
          } // End of Armature_calf_l
          Frame Armature_thigh_twist_01_l {
            FrameTransformMatrix {
               0.999998,-0.000983, 0.001796, 0.000000,
               0.000983, 1.000000,-0.000004, 0.000000,
              -0.001796, 0.000005, 0.999998, 0.000000,
               0.000001,22.094246, 0.000000, 1.000000;;
            }
          } // End of Armature_thigh_twist_01_l
        } // End of Armature_thigh_l
        Frame Armature_thigh_r {
          FrameTransformMatrix {
            -0.023346, 0.812799,-0.582077, 0.000000,
            -0.594144,-0.479537,-0.645785, 0.000000,
            -0.804020, 0.330761, 0.494115, 0.000000,
            -1.448648, 0.531426,-9.005805, 1.000000;;
          }
          Frame Armature_calf_r {
            FrameTransformMatrix {
               0.566571, 0.823541, 0.027892, 0.000000,
              -0.819605, 0.566714,-0.084162, 0.000000,
              -0.085117, 0.024823, 0.996062, 0.000000,
               0.063512,42.395180, 0.011010, 1.000000;;
            }
            Frame Armature_calf_twist_01_r {
              FrameTransformMatrix {
                 0.998434, 0.015419, 0.053771, 0.000000,
                -0.015235, 0.999877,-0.003825, 0.000000,
                -0.053823, 0.003000, 0.998546, 0.000000,
                 0.000002,20.476927, 0.000001, 1.000000;;
              }
            } // End of Armature_calf_twist_01_r
            Frame Armature_foot_r {
              FrameTransformMatrix {
                 0.598089, 0.644789, 0.475959, 0.000000,
                 0.690382,-0.716130, 0.102619, 0.000000,
                 0.407016, 0.267219,-0.873460, 0.000000,
                 0.000602,40.196537, 0.000486, 1.000000;;
              }
              Frame Armature_ball_r {
                FrameTransformMatrix {
                   0.355686,-0.917968,-0.175564, 0.000000,
                   0.838098, 0.396414,-0.374765, 0.000000,
                   0.413618,-0.013841, 0.910345, 0.000000,
                  10.453818,16.577806,-0.080160, 1.000000;;
                }
              } // End of Armature_ball_r
            } // End of Armature_foot_r
          } // End of Armature_calf_r
          Frame Armature_thigh_twist_01_r {
            FrameTransformMatrix {
               0.756760, 0.000745, 0.653693, 0.000000,
              -0.000983, 1.000000,-0.000002, 0.000000,
              -0.653692,-0.000641, 0.756760, 0.000000,
              -0.000001,22.094231,-0.000006, 1.000000;;
            }
          } // End of Armature_thigh_twist_01_r
        } // End of Armature_thigh_r
      } // End of Armature_pelvis
    } // End of Armature_root
  } // End of Armature
} // End of Root
AnimationSet Global {
  Animation {
    {Armature}
    AnimationKey { // Rotation
      0;
      46;
      0;4;-0.707107, 0.707107, 0.000000, 0.000000;;,
      1;4;-0.707107, 0.707107, 0.000000, 0.000000;;,
      2;4;-0.707107, 0.707107, 0.000000, 0.000000;;,
      3;4;-0.707107, 0.707107, 0.000000, 0.000000;;,
      4;4;-0.707107, 0.707107, 0.000000, 0.000000;;,
      5;4;-0.707107, 0.707107, 0.000000, 0.000000;;,
      6;4;-0.707107, 0.707107, 0.000000, 0.000000;;,
      7;4;-0.707107, 0.707107, 0.000000, 0.000000;;,
      8;4;-0.707107, 0.707107, 0.000000, 0.000000;;,
      9;4;-0.707107, 0.707107, 0.000000, 0.000000;;,
      10;4;-0.707107, 0.707107, 0.000000, 0.000000;;,
      11;4;-0.707107, 0.707107, 0.000000, 0.000000;;,
      12;4;-0.707107, 0.707107, 0.000000, 0.000000;;,
      13;4;-0.707107, 0.707107, 0.000000, 0.000000;;,
      14;4;-0.707107, 0.707107, 0.000000, 0.000000;;,
      15;4;-0.707107, 0.707107, 0.000000, 0.000000;;,
      16;4;-0.707107, 0.707107, 0.000000, 0.000000;;,
      17;4;-0.707107, 0.707107, 0.000000, 0.000000;;,
      18;4;-0.707107, 0.707107, 0.000000, 0.000000;;,
      19;4;-0.707107, 0.707107, 0.000000, 0.000000;;,
      20;4;-0.707107, 0.707107, 0.000000, 0.000000;;,
      21;4;-0.707107, 0.707107, 0.000000, 0.000000;;,
      22;4;-0.707107, 0.707107, 0.000000, 0.000000;;,
      23;4;-0.707107, 0.707107, 0.000000, 0.000000;;,
      24;4;-0.707107, 0.707107, 0.000000, 0.000000;;,
      25;4;-0.707107, 0.707107, 0.000000, 0.000000;;,
      26;4;-0.707107, 0.707107, 0.000000, 0.000000;;,
      27;4;-0.707107, 0.707107, 0.000000, 0.000000;;,
      28;4;-0.707107, 0.707107, 0.000000, 0.000000;;,
      29;4;-0.707107, 0.707107, 0.000000, 0.000000;;,
      30;4;-0.707107, 0.707107, 0.000000, 0.000000;;,
      31;4;-0.707107, 0.707107, 0.000000, 0.000000;;,
      32;4;-0.707107, 0.707107, 0.000000, 0.000000;;,
      33;4;-0.707107, 0.707107, 0.000000, 0.000000;;,
      34;4;-0.707107, 0.707107, 0.000000, 0.000000;;,
      35;4;-0.707107, 0.707107, 0.000000, 0.000000;;,
      36;4;-0.707107, 0.707107, 0.000000, 0.000000;;,
      37;4;-0.707107, 0.707107, 0.000000, 0.000000;;,
      38;4;-0.707107, 0.707107, 0.000000, 0.000000;;,
      39;4;-0.707107, 0.707107, 0.000000, 0.000000;;,
      40;4;-0.707107, 0.707107, 0.000000, 0.000000;;,
      41;4;-0.707107, 0.707107, 0.000000, 0.000000;;,
      42;4;-0.707107, 0.707107, 0.000000, 0.000000;;,
      43;4;-0.707107, 0.707107, 0.000000, 0.000000;;,
      44;4;-0.707107, 0.707107, 0.000000, 0.000000;;,
      45;4;-0.707107, 0.707107, 0.000000, 0.000000;;;
    }
    AnimationKey { // Scale
      1;
      46;
      0;3; 0.010000, 0.010000, 0.010000;;,
      1;3; 0.010000, 0.010000, 0.010000;;,
      2;3; 0.010000, 0.010000, 0.010000;;,
      3;3; 0.010000, 0.010000, 0.010000;;,
      4;3; 0.010000, 0.010000, 0.010000;;,
      5;3; 0.010000, 0.010000, 0.010000;;,
      6;3; 0.010000, 0.010000, 0.010000;;,
      7;3; 0.010000, 0.010000, 0.010000;;,
      8;3; 0.010000, 0.010000, 0.010000;;,
      9;3; 0.010000, 0.010000, 0.010000;;,
      10;3; 0.010000, 0.010000, 0.010000;;,
      11;3; 0.010000, 0.010000, 0.010000;;,
      12;3; 0.010000, 0.010000, 0.010000;;,
      13;3; 0.010000, 0.010000, 0.010000;;,
      14;3; 0.010000, 0.010000, 0.010000;;,
      15;3; 0.010000, 0.010000, 0.010000;;,
      16;3; 0.010000, 0.010000, 0.010000;;,
      17;3; 0.010000, 0.010000, 0.010000;;,
      18;3; 0.010000, 0.010000, 0.010000;;,
      19;3; 0.010000, 0.010000, 0.010000;;,
      20;3; 0.010000, 0.010000, 0.010000;;,
      21;3; 0.010000, 0.010000, 0.010000;;,
      22;3; 0.010000, 0.010000, 0.010000;;,
      23;3; 0.010000, 0.010000, 0.010000;;,
      24;3; 0.010000, 0.010000, 0.010000;;,
      25;3; 0.010000, 0.010000, 0.010000;;,
      26;3; 0.010000, 0.010000, 0.010000;;,
      27;3; 0.010000, 0.010000, 0.010000;;,
      28;3; 0.010000, 0.010000, 0.010000;;,
      29;3; 0.010000, 0.010000, 0.010000;;,
      30;3; 0.010000, 0.010000, 0.010000;;,
      31;3; 0.010000, 0.010000, 0.010000;;,
      32;3; 0.010000, 0.010000, 0.010000;;,
      33;3; 0.010000, 0.010000, 0.010000;;,
      34;3; 0.010000, 0.010000, 0.010000;;,
      35;3; 0.010000, 0.010000, 0.010000;;,
      36;3; 0.010000, 0.010000, 0.010000;;,
      37;3; 0.010000, 0.010000, 0.010000;;,
      38;3; 0.010000, 0.010000, 0.010000;;,
      39;3; 0.010000, 0.010000, 0.010000;;,
      40;3; 0.010000, 0.010000, 0.010000;;,
      41;3; 0.010000, 0.010000, 0.010000;;,
      42;3; 0.010000, 0.010000, 0.010000;;,
      43;3; 0.010000, 0.010000, 0.010000;;,
      44;3; 0.010000, 0.010000, 0.010000;;,
      45;3; 0.010000, 0.010000, 0.010000;;;
    }
    AnimationKey { // Position
      2;
      46;
      0;3; 0.000000, 0.000000, 0.000000;;,
      1;3; 0.000000, 0.000000, 0.000000;;,
      2;3; 0.000000, 0.000000, 0.000000;;,
      3;3; 0.000000, 0.000000, 0.000000;;,
      4;3; 0.000000, 0.000000, 0.000000;;,
      5;3; 0.000000, 0.000000, 0.000000;;,
      6;3; 0.000000, 0.000000, 0.000000;;,
      7;3; 0.000000, 0.000000, 0.000000;;,
      8;3; 0.000000, 0.000000, 0.000000;;,
      9;3; 0.000000, 0.000000, 0.000000;;,
      10;3; 0.000000, 0.000000, 0.000000;;,
      11;3; 0.000000, 0.000000, 0.000000;;,
      12;3; 0.000000, 0.000000, 0.000000;;,
      13;3; 0.000000, 0.000000, 0.000000;;,
      14;3; 0.000000, 0.000000, 0.000000;;,
      15;3; 0.000000, 0.000000, 0.000000;;,
      16;3; 0.000000, 0.000000, 0.000000;;,
      17;3; 0.000000, 0.000000, 0.000000;;,
      18;3; 0.000000, 0.000000, 0.000000;;,
      19;3; 0.000000, 0.000000, 0.000000;;,
      20;3; 0.000000, 0.000000, 0.000000;;,
      21;3; 0.000000, 0.000000, 0.000000;;,
      22;3; 0.000000, 0.000000, 0.000000;;,
      23;3; 0.000000, 0.000000, 0.000000;;,
      24;3; 0.000000, 0.000000, 0.000000;;,
      25;3; 0.000000, 0.000000, 0.000000;;,
      26;3; 0.000000, 0.000000, 0.000000;;,
      27;3; 0.000000, 0.000000, 0.000000;;,
      28;3; 0.000000, 0.000000, 0.000000;;,
      29;3; 0.000000, 0.000000, 0.000000;;,
      30;3; 0.000000, 0.000000, 0.000000;;,
      31;3; 0.000000, 0.000000, 0.000000;;,
      32;3; 0.000000, 0.000000, 0.000000;;,
      33;3; 0.000000, 0.000000, 0.000000;;,
      34;3; 0.000000, 0.000000, 0.000000;;,
      35;3; 0.000000, 0.000000, 0.000000;;,
      36;3; 0.000000, 0.000000, 0.000000;;,
      37;3; 0.000000, 0.000000, 0.000000;;,
      38;3; 0.000000, 0.000000, 0.000000;;,
      39;3; 0.000000, 0.000000, 0.000000;;,
      40;3; 0.000000, 0.000000, 0.000000;;,
      41;3; 0.000000, 0.000000, 0.000000;;,
      42;3; 0.000000, 0.000000, 0.000000;;,
      43;3; 0.000000, 0.000000, 0.000000;;,
      44;3; 0.000000, 0.000000, 0.000000;;,
      45;3; 0.000000, 0.000000, 0.000000;;;
    }
  }
  Animation {
    {Armature_root}
    AnimationKey { // Rotation
      0;
      46;
      0;4;-1.000000,-0.000000, 0.000000, 0.000000;;,
      1;4;-1.000000,-0.000000, 0.000000, 0.000000;;,
      2;4;-1.000000,-0.000000, 0.000000, 0.000000;;,
      3;4;-1.000000,-0.000000, 0.000000, 0.000000;;,
      4;4;-1.000000,-0.000000, 0.000000, 0.000000;;,
      5;4;-1.000000,-0.000000, 0.000000, 0.000000;;,
      6;4;-1.000000,-0.000000, 0.000000, 0.000000;;,
      7;4;-1.000000,-0.000000, 0.000000, 0.000000;;,
      8;4;-1.000000,-0.000000, 0.000000, 0.000000;;,
      9;4;-1.000000,-0.000000, 0.000000, 0.000000;;,
      10;4;-1.000000,-0.000000, 0.000000, 0.000000;;,
      11;4;-1.000000,-0.000000, 0.000000, 0.000000;;,
      12;4;-1.000000,-0.000000, 0.000000, 0.000000;;,
      13;4;-1.000000,-0.000000, 0.000000, 0.000000;;,
      14;4;-1.000000,-0.000000, 0.000000, 0.000000;;,
      15;4;-1.000000,-0.000000, 0.000000, 0.000000;;,
      16;4;-1.000000,-0.000000, 0.000000, 0.000000;;,
      17;4;-1.000000,-0.000000, 0.000000, 0.000000;;,
      18;4;-1.000000,-0.000000, 0.000000, 0.000000;;,
      19;4;-1.000000,-0.000000, 0.000000, 0.000000;;,
      20;4;-1.000000,-0.000000, 0.000000, 0.000000;;,
      21;4;-1.000000,-0.000000, 0.000000, 0.000000;;,
      22;4;-1.000000,-0.000000, 0.000000, 0.000000;;,
      23;4;-1.000000,-0.000000, 0.000000, 0.000000;;,
      24;4;-1.000000,-0.000000, 0.000000, 0.000000;;,
      25;4;-1.000000,-0.000000, 0.000000, 0.000000;;,
      26;4;-1.000000,-0.000000, 0.000000, 0.000000;;,
      27;4;-1.000000,-0.000000, 0.000000, 0.000000;;,
      28;4;-1.000000,-0.000000, 0.000000, 0.000000;;,
      29;4;-1.000000,-0.000000, 0.000000, 0.000000;;,
      30;4;-1.000000,-0.000000, 0.000000, 0.000000;;,
      31;4;-1.000000,-0.000000, 0.000000, 0.000000;;,
      32;4;-1.000000,-0.000000, 0.000000, 0.000000;;,
      33;4;-1.000000,-0.000000, 0.000000, 0.000000;;,
      34;4;-1.000000,-0.000000, 0.000000, 0.000000;;,
      35;4;-1.000000,-0.000000, 0.000000, 0.000000;;,
      36;4;-1.000000,-0.000000, 0.000000, 0.000000;;,
      37;4;-1.000000,-0.000000, 0.000000, 0.000000;;,
      38;4;-1.000000,-0.000000, 0.000000, 0.000000;;,
      39;4;-1.000000,-0.000000, 0.000000, 0.000000;;,
      40;4;-1.000000,-0.000000, 0.000000, 0.000000;;,
      41;4;-1.000000,-0.000000, 0.000000, 0.000000;;,
      42;4;-1.000000,-0.000000, 0.000000, 0.000000;;,
      43;4;-1.000000,-0.000000, 0.000000, 0.000000;;,
      44;4;-1.000000,-0.000000, 0.000000, 0.000000;;,
      45;4;-1.000000,-0.000000, 0.000000, 0.000000;;;
    }
    AnimationKey { // Scale
      1;
      46;
      0;3; 1.000000, 1.000000, 1.000000;;,
      1;3; 1.000000, 1.000000, 1.000000;;,
      2;3; 1.000000, 1.000000, 1.000000;;,
      3;3; 1.000000, 1.000000, 1.000000;;,
      4;3; 1.000000, 1.000000, 1.000000;;,
      5;3; 1.000000, 1.000000, 1.000000;;,
      6;3; 1.000000, 1.000000, 1.000000;;,
      7;3; 1.000000, 1.000000, 1.000000;;,
      8;3; 1.000000, 1.000000, 1.000000;;,
      9;3; 1.000000, 1.000000, 1.000000;;,
      10;3; 1.000000, 1.000000, 1.000000;;,
      11;3; 1.000000, 1.000000, 1.000000;;,
      12;3; 1.000000, 1.000000, 1.000000;;,
      13;3; 1.000000, 1.000000, 1.000000;;,
      14;3; 1.000000, 1.000000, 1.000000;;,
      15;3; 1.000000, 1.000000, 1.000000;;,
      16;3; 1.000000, 1.000000, 1.000000;;,
      17;3; 1.000000, 1.000000, 1.000000;;,
      18;3; 1.000000, 1.000000, 1.000000;;,
      19;3; 1.000000, 1.000000, 1.000000;;,
      20;3; 1.000000, 1.000000, 1.000000;;,
      21;3; 1.000000, 1.000000, 1.000000;;,
      22;3; 1.000000, 1.000000, 1.000000;;,
      23;3; 1.000000, 1.000000, 1.000000;;,
      24;3; 1.000000, 1.000000, 1.000000;;,
