xof 0303txt 0032

template XSkinMeshHeader {
  <3cf169ce-ff7c-44ab-93c0-f78f62d172e2>
  WORD nMaxSkinWeightsPerVertex;
  WORD nMaxSkinWeightsPerFace;
  WORD nBones;
}

template SkinWeights {
  <6f0d123b-bad2-4167-a0d0-80224f25fabb>
  STRING transformNodeName;
  DWORD nWeights;
  array DWORD vertexIndices[nWeights];
  array float weights[nWeights];
  Matrix4x4 matrixOffset;
}

Frame Root {
  FrameTransformMatrix {
     1.000000, 0.000000, 0.000000, 0.000000,
     0.000000,-0.000000,-1.000000, 0.000000,
     0.000000, 1.000000,-0.000000, 0.000000,
     0.000000, 0.000000, 0.000000, 1.000000;;
  }
  Frame Armature {
    FrameTransformMatrix {
       0.010000, 0.000000, 0.000000, 0.000000,
       0.000000,-0.000000, 0.010000, 0.000000,
       0.000000,-0.010000,-0.000000, 0.000000,
       0.000000, 0.000000, 0.000000, 1.000000;;
    }
    Frame Armature_root {
      FrameTransformMatrix {
         1.000000, 0.000000, 0.000000, 0.000000,
         0.000000, 1.000000, 0.000000, 0.000000,
         0.000000, 0.000000, 1.000000, 0.000000,
         0.000000, 0.000019, 0.000000, 1.000000;;
      }
      Frame Armature_ik_foot_root {
        FrameTransformMatrix {
           0.000000,-0.000000,-1.000000, 0.000000,
           1.000000, 0.000000, 0.000000, 0.000000,
           0.000000,-1.000000, 0.000000, 0.000000,
           0.000000, 0.000000, 0.000000, 1.000000;;
        }
        Frame Armature_ik_foot_l {
          FrameTransformMatrix {
             0.913638, 0.012853,-0.406326, 0.000000,
            -0.405948,-0.024555,-0.913566, 0.000000,
            -0.021719, 0.999616,-0.017217, 0.000000,
            47.883450,27.290417,-19.186373, 1.000000;;
          }
        } // End of Armature_ik_foot_l
        Frame Armature_ik_foot_r {
          FrameTransformMatrix {
            -0.890253,-0.390096, 0.235108, 0.000000,
             0.215620, 0.093724, 0.971969, 0.000000,
            -0.401196, 0.915992, 0.000675, 0.000000,
            25.793957,-11.999521,-20.454411, 1.000000;;
          }
        } // End of Armature_ik_foot_r
      } // End of Armature_ik_foot_root
      Frame Armature_ik_hand_root {
        FrameTransformMatrix {
           1.000000, 0.000000, 0.000000, 0.000000,
           0.000000, 1.000000, 0.000000, 0.000000,
           0.000000, 0.000000, 1.000000, 0.000000,
           0.000000, 0.000000, 0.000000, 1.000000;;
        }
        Frame Armature_ik_hand_gun {
          FrameTransformMatrix {
             0.199914, 0.513025,-0.834769, 0.000000,
             0.536615,-0.770163,-0.344808, 0.000000,
            -0.819804,-0.379018,-0.429263, 0.000000,
            -36.736595,78.781258,25.812347, 1.000000;;
          }
          Frame Armature_ik_hand_l {
            FrameTransformMatrix {
              -0.871773, 0.031092,-0.488923, 0.000000,
               0.396469,-0.541484,-0.741356, 0.000000,
              -0.287794,-0.840136, 0.459724, 0.000000,
              -14.854412,22.091881,-67.962852, 1.000000;;
            }
          } // End of Armature_ik_hand_l
          Frame Armature_ik_hand_r {
            FrameTransformMatrix {
               1.000000,-0.000000,-0.000000, 0.000000,
               0.000000, 1.000000, 0.000003, 0.000000,
              -0.000000,-0.000003, 1.000000, 0.000000,
              -0.000014, 0.000051,-0.000086, 1.000000;;
            }
          } // End of Armature_ik_hand_r
        } // End of Armature_ik_hand_gun
      } // End of Armature_ik_hand_root
      Frame Armature_pelvis {
        FrameTransformMatrix {
           0.076247, 0.964688, 0.252118, 0.000000,
          -0.402513,-0.201556, 0.892949, 0.000000,
           0.912233,-0.169565, 0.372931, 0.000000,
          -2.843017,85.772469,-21.994848, 1.000000;;
        }
        Frame Armature_spine_01 {
          FrameTransformMatrix {
             0.473515,-0.880637, 0.016191, 0.000000,
             0.878563, 0.473545, 0.062313, 0.000000,
            -0.062542,-0.015282, 0.997925, 0.000000,
            10.808892, 0.851404,-0.000004, 1.000000;;
          }
          Frame Armature_spine_02 {
            FrameTransformMatrix {
               0.963299, 0.268370,-0.005750, 0.000000,
              -0.266436, 0.958527, 0.101184, 0.000000,
               0.032667,-0.095939, 0.994851, 0.000000,
               3.804332,18.800144, 0.089803, 1.000000;;
            }
            Frame Armature_spine_03 {
              FrameTransformMatrix {
                 0.925838, 0.377691,-0.013190, 0.000000,
                -0.375939, 0.923989, 0.070099, 0.000000,
                 0.038663,-0.059941, 0.997453, 0.000000,
                 0.419948,13.412380, 0.025472, 1.000000;;
              }
              Frame Armature_clavicle_l {
                FrameTransformMatrix {
                   0.940710, 0.155925,-0.301251, 0.000000,
                   0.268241, 0.201663, 0.942008, 0.000000,
                   0.207634,-0.966964, 0.147881, 0.000000,
                  -2.732082,11.883685, 3.781978, 1.000000;;
                }
                Frame Armature_upperarm_l {
                  FrameTransformMatrix {
                     0.191605, 0.749968, 0.633115, 0.000000,
                    -0.665282, 0.573502,-0.478012, 0.000000,
                    -0.721587,-0.329610, 0.608826, 0.000000,
                     0.000002,15.784864,-0.000001, 1.000000;;
                  }
                  Frame Armature_lowerarm_l {
                    FrameTransformMatrix {
                       0.957805, 0.287415,-0.001774, 0.000000,
                      -0.287398, 0.957790, 0.006343, 0.000000,
                       0.003522,-0.005566, 0.999978, 0.000000,
                       0.000008,30.339935, 0.000006, 1.000000;;
                    }
                    Frame Armature_hand_l {
                      FrameTransformMatrix {
                        -0.386750, 0.453863, 0.802765, 0.000000,
                         0.109143, 0.886914,-0.448856, 0.000000,
                        -0.915703,-0.085979,-0.392550, 0.000000,
                        -0.000011,26.975157,-0.000011, 1.000000;;
                      }
                      Frame Armature_index_01_l {
                        FrameTransformMatrix {
                           0.915421,-0.292189,-0.276822, 0.000000,
                           0.289912, 0.955742,-0.050087, 0.000000,
                           0.279205,-0.034404, 0.959615, 0.000000,
                           1.763470,12.068134, 2.109404, 1.000000;;
                        }
                        Frame Armature_index_02_l {
                          FrameTransformMatrix {
                             0.908127,-0.414556,-0.058727, 0.000000,
                             0.417816, 0.888171, 0.191266, 0.000000,
                            -0.027131,-0.198231, 0.979780, 0.000000,
                            -0.000003, 4.287505, 0.000001, 1.000000;;
                          }
                          Frame Armature_index_03_l {
                            FrameTransformMatrix {
                               0.999773,-0.000004,-0.021298, 0.000000,
                               0.000004, 1.000000, 0.000002, 0.000000,
                               0.021298,-0.000002, 0.999773, 0.000000,
                               0.000014, 3.393794, 0.000000, 1.000000;;
                            }
                          } // End of Armature_index_03_l
                        } // End of Armature_index_02_l
                      } // End of Armature_index_01_l
                      Frame Armature_middle_01_l {
                        FrameTransformMatrix {
                           0.879797,-0.474977,-0.018796, 0.000000,
                           0.466631, 0.870525,-0.156339, 0.000000,
                           0.090619, 0.128776, 0.987525, 0.000000,
                           1.293653,12.244299,-0.571157, 1.000000;;
                        }
                        Frame Armature_middle_02_l {
                          FrameTransformMatrix {
                             0.849097,-0.528238,-0.000046, 0.000000,
                             0.522531, 0.839911, 0.146665, 0.000000,
                            -0.077435,-0.124557, 0.989186, 0.000000,
                             0.000006, 4.640372, 0.000000, 1.000000;;
                          }
                          Frame Armature_middle_03_l {
                            FrameTransformMatrix {
                               0.999995, 0.000003,-0.003271, 0.000000,
                              -0.000003, 1.000000, 0.000000, 0.000000,
                               0.003271,-0.000000, 0.999995, 0.000000,
                               0.000005, 3.648852, 0.000004, 1.000000;;
                            }
                          } // End of Armature_middle_03_l
                        } // End of Armature_middle_02_l
                      } // End of Armature_middle_01_l
                      Frame Armature_pinky_01_l {
                        FrameTransformMatrix {
                           0.657438,-0.625392, 0.420309, 0.000000,
                           0.744447, 0.625341,-0.233981, 0.000000,
                          -0.116507, 0.466726, 0.876694, 0.000000,
                           2.263154,10.140692,-4.643145, 1.000000;;
                        }
                        Frame Armature_pinky_02_l {
                          FrameTransformMatrix {
                             0.633968,-0.772649,-0.033141, 0.000000,
                             0.771218, 0.634819,-0.047204, 0.000000,
                             0.057511, 0.004367, 0.998335, 0.000000,
                             0.000004, 3.570987,-0.000004, 1.000000;;
                          }
                          Frame Armature_pinky_03_l {
                            FrameTransformMatrix {
                               0.999974, 0.000006,-0.007165, 0.000000,
                              -0.000006, 1.000000, 0.000001, 0.000000,
                               0.007166,-0.000001, 0.999974, 0.000000,
                              -0.000002, 2.985642,-0.000002, 1.000000;;
                            }
                          } // End of Armature_pinky_03_l
                        } // End of Armature_pinky_02_l
                      } // End of Armature_pinky_01_l
                      Frame Armature_ring_01_l {
                        FrameTransformMatrix {
                           0.702520,-0.635765, 0.319795, 0.000000,
                           0.704331, 0.685472,-0.184515, 0.000000,
                          -0.101902, 0.354866, 0.929347, 0.000000,
                           1.753537,11.497902,-2.846909, 1.000000;;
                        }
                        Frame Armature_ring_02_l {
                          FrameTransformMatrix {
                             0.731171,-0.682069,-0.013103, 0.000000,
                             0.682082, 0.731264,-0.004115, 0.000000,
                             0.012388,-0.005928, 0.999906, 0.000000,
                            -0.000006, 4.430189,-0.000006, 1.000000;;
                          }
                          Frame Armature_ring_03_l {
                            FrameTransformMatrix {
                               1.000000,-0.000000, 0.000402, 0.000000,
                               0.000000, 1.000000,-0.000000, 0.000000,
                              -0.000402, 0.000000, 1.000000, 0.000000,
                               0.000002, 3.476648, 0.000004, 1.000000;;
                            }
                          } // End of Armature_ring_03_l
                        } // End of Armature_ring_02_l
                      } // End of Armature_ring_01_l
                      Frame Armature_thumb_01_l {
                        FrameTransformMatrix {
                          -0.001710, 0.310898,-0.950442, 0.000000,
                           0.645114, 0.726563, 0.236505, 0.000000,
                           0.764085,-0.612739,-0.201806, 0.000000,
                           2.374993, 4.762043, 2.537825, 1.000000;;
                        }
                        Frame Armature_thumb_02_l {
                          FrameTransformMatrix {
                             0.995808,-0.088337, 0.023727, 0.000000,
                             0.087612, 0.995702, 0.030029, 0.000000,
                            -0.026278,-0.027825, 0.999267, 0.000000,
                            -0.000000, 3.869674, 0.000002, 1.000000;;
                          }
                          Frame Armature_thumb_03_l {
                            FrameTransformMatrix {
                               0.999073, 0.000003,-0.043054, 0.000000,
                              -0.000003, 1.000000, 0.000004, 0.000000,
                               0.043054,-0.000004, 0.999073, 0.000000,
                              -0.000002, 4.062180,-0.000004, 1.000000;;
                            }
                          } // End of Armature_thumb_03_l
                        } // End of Armature_thumb_02_l
                      } // End of Armature_thumb_01_l
                    } // End of Armature_hand_l
                    Frame Armature_lowerarm_twist_01_l {
                      FrameTransformMatrix {
                         0.979557, 0.000000, 0.201167, 0.000000,
                        -0.000000, 1.000000,-0.000000, 0.000000,
                        -0.201167, 0.000000, 0.979557, 0.000000,
                        -0.000008,14.000005,-0.000006, 1.000000;;
                      }
                    } // End of Armature_lowerarm_twist_01_l
                  } // End of Armature_lowerarm_l
                  Frame Armature_upperarm_twist_01_l {
                    FrameTransformMatrix {
                       0.618710, 0.000000,-0.785619, 0.000000,
                       0.000000, 1.000000, 0.000000, 0.000000,
                       0.785619,-0.000000, 0.618710, 0.000000,
                      -0.000012, 0.500006,-0.000028, 1.000000;;
                    }
                  } // End of Armature_upperarm_twist_01_l
                } // End of Armature_upperarm_l
              } // End of Armature_clavicle_l
              Frame Armature_clavicle_r {
                FrameTransformMatrix {
                  -0.921543,-0.158556,-0.354426, 0.000000,
                   0.294145, 0.310761,-0.903828, 0.000000,
                   0.253449,-0.937170,-0.239741, 0.000000,
                  -2.732096,11.883788,-3.781998, 1.000000;;
                }
                Frame Armature_upperarm_r {
                  FrameTransformMatrix {
                    -0.107001,-0.512357,-0.852081, 0.000000,
                     0.990282,-0.131489,-0.045292, 0.000000,
                    -0.088834,-0.848647, 0.521447, 0.000000,
                    -0.000051,15.784746, 0.000078, 1.000000;;
                  }
                  Frame Armature_lowerarm_r {
                    FrameTransformMatrix {
                       0.736949,-0.675621,-0.021029, 0.000000,
                       0.675672, 0.737181,-0.005678, 0.000000,
                       0.019339,-0.010024, 0.999763, 0.000000,
                       0.000015,30.340038, 0.000014, 1.000000;;
                    }
                    Frame Armature_hand_r {
                      FrameTransformMatrix {
                         0.137802,-0.499205,-0.855456, 0.000000,
                         0.243810, 0.854217,-0.459207, 0.000000,
                         0.959983,-0.145289, 0.239424, 0.000000,
                        -0.000046,26.975279,-0.000045, 1.000000;;
                      }
                      Frame Armature_index_01_r {
                        FrameTransformMatrix {
                           0.743456, 0.562602, 0.361596, 0.000000,
                          -0.621632, 0.780743, 0.063352, 0.000000,
                          -0.246672,-0.271879, 0.930180, 0.000000,
                          -1.763705,12.067927, 2.109337, 1.000000;;
                        }
                        Frame Armature_index_02_r {
                          FrameTransformMatrix {
                             0.815695, 0.568233, 0.108410, 0.000000,
                            -0.578224, 0.795293, 0.182114, 0.000000,
                             0.017265,-0.211235, 0.977283, 0.000000,
                             0.000102, 4.287692,-0.000049, 1.000000;;
                          }
                          Frame Armature_index_03_r {
                            FrameTransformMatrix {
                               0.999689, 0.012969, 0.021302, 0.000000,
                              -0.012967, 0.999916,-0.000236, 0.000000,
                              -0.021303,-0.000041, 0.999773, 0.000000,
                               0.000124, 3.393802,-0.000008, 1.000000;;
                            }
                          } // End of Armature_index_03_r
                        } // End of Armature_index_02_r
                      } // End of Armature_index_01_r
                      Frame Armature_middle_01_r {
                        FrameTransformMatrix {
                           0.706075, 0.707230, 0.035836, 0.000000,
                          -0.706699, 0.706962,-0.027962, 0.000000,
                          -0.045110,-0.005582, 0.998966, 0.000000,
                          -1.293718,12.244144,-0.571214, 1.000000;;
                        }
                        Frame Armature_middle_02_r {
                          FrameTransformMatrix {
                             0.803277, 0.595561, 0.007200, 0.000000,
                            -0.590539, 0.794815, 0.139759, 0.000000,
                             0.077512,-0.116518, 0.990159, 0.000000,
                            -0.000152, 4.640581, 0.000028, 1.000000;;
                          }
                          Frame Armature_middle_03_r {
                            FrameTransformMatrix {
                               0.999916, 0.012560, 0.003219, 0.000000,
                              -0.012560, 0.999921,-0.000250, 0.000000,
                              -0.003222, 0.000210, 0.999995, 0.000000,
                               0.000032, 3.648919, 0.000005, 1.000000;;
                            }
                          } // End of Armature_middle_03_r
                        } // End of Armature_middle_02_r
                      } // End of Armature_middle_01_r
                      Frame Armature_pinky_01_r {
                        FrameTransformMatrix {
                           0.609837, 0.603086,-0.514186, 0.000000,
                          -0.756703, 0.635945,-0.151572, 0.000000,
                           0.235583, 0.481520, 0.844179, 0.000000,
                          -2.263339,10.140676,-4.643212, 1.000000;;
                        }
                        Frame Armature_pinky_02_r {
                          FrameTransformMatrix {
                             0.674836, 0.736089, 0.052630, 0.000000,
                            -0.737228, 0.675635, 0.003442, 0.000000,
                            -0.033025,-0.041123, 0.998608, 0.000000,
                            -0.000092, 3.571058, 0.000010, 1.000000;;
                          }
                          Frame Armature_pinky_03_r {
                            FrameTransformMatrix {
                               0.999678, 0.024287, 0.007361, 0.000000,
                              -0.024292, 0.999705, 0.000480, 0.000000,
                              -0.007348,-0.000658, 0.999973, 0.000000,
                               0.000311, 2.985435,-0.000034, 1.000000;;
                            }
                          } // End of Armature_pinky_03_r
                        } // End of Armature_pinky_02_r
                      } // End of Armature_pinky_01_r
                      Frame Armature_ring_01_r {
                        FrameTransformMatrix {
                           0.690070, 0.640455,-0.337077, 0.000000,
                          -0.700293, 0.708466,-0.087548, 0.000000,
                           0.182737, 0.296467, 0.937398, 0.000000,
                          -1.753765,11.498037,-2.846996, 1.000000;;
                        }
                        Frame Armature_ring_02_r {
                          FrameTransformMatrix {
                             0.720167, 0.693527, 0.019477, 0.000000,
                            -0.693776, 0.720093, 0.011844, 0.000000,
                            -0.005811,-0.022043, 0.999740, 0.000000,
                             0.000092, 4.429866,-0.000029, 1.000000;;
                          }
                          Frame Armature_ring_03_r {
                            FrameTransformMatrix {
                               0.999910, 0.013384,-0.000359, 0.000000,
                              -0.013384, 0.999910, 0.000164, 0.000000,
                               0.000361,-0.000160, 1.000000, 0.000000,
                               0.000067, 3.476656, 0.000004, 1.000000;;
                            }
                          } // End of Armature_ring_03_r
                        } // End of Armature_ring_02_r
                      } // End of Armature_ring_01_r
                      Frame Armature_thumb_01_r {
                        FrameTransformMatrix {
                           0.303807,-0.211901, 0.928870, 0.000000,
                          -0.673672, 0.641629, 0.366712, 0.000000,
                          -0.673697,-0.737163, 0.052179, 0.000000,
                          -2.375057, 4.762092, 2.537636, 1.000000;;
                        }
                        Frame Armature_thumb_02_r {
                          FrameTransformMatrix {
                             0.999858, 0.015644, 0.006261, 0.000000,
                            -0.015505, 0.999644,-0.021702, 0.000000,
                            -0.006598, 0.021602, 0.999745, 0.000000,
                             0.000111, 3.869561, 0.000053, 1.000000;;
                          }
                          Frame Armature_thumb_03_r {
                            FrameTransformMatrix {
                               0.998995, 0.012411, 0.043062, 0.000000,
                              -0.012400, 0.999923,-0.000524, 0.000000,
                              -0.043066,-0.000010, 0.999072, 0.000000,
                              -0.000005, 4.062184, 0.000000, 1.000000;;
                            }
                          } // End of Armature_thumb_03_r
                        } // End of Armature_thumb_02_r
                      } // End of Armature_thumb_01_r
                      Frame Armature_weapon_r {
                        FrameTransformMatrix {
                           0.677917, 0.731624, 0.071803, 0.000000,
                           0.674132,-0.657643, 0.336231, 0.000000,
                           0.293215,-0.179532,-0.939037, 0.000000,
                          -19.083492,-32.826340,30.714798, 1.000000;;
                        }
                      } // End of Armature_weapon_r
                    } // End of Armature_hand_r
                    Frame Armature_lowerarm_twist_01_r {
                      FrameTransformMatrix {
                         0.986046, 0.000005,-0.166470, 0.000000,
                        -0.000006, 1.000000,-0.000006, 0.000000,
                         0.166470, 0.000007, 0.986046, 0.000000,
                         0.000058,14.000019, 0.000030, 1.000000;;
                      }
                    } // End of Armature_lowerarm_twist_01_r
                  } // End of Armature_lowerarm_r
                  Frame Armature_upperarm_twist_01_r {
                    FrameTransformMatrix {
                       0.724207,-0.000001, 0.689583, 0.000000,
                       0.000001, 1.000000, 0.000001, 0.000000,
                      -0.689582,-0.000000, 0.724207, 0.000000,
                      -0.000019, 0.500022,-0.000017, 1.000000;;
                    }
                  } // End of Armature_upperarm_twist_01_r
                } // End of Armature_upperarm_r
              } // End of Armature_clavicle_r
              Frame Armature_neck_01 {
                FrameTransformMatrix {
                   0.980637,-0.180126,-0.076840, 0.000000,
                   0.176479, 0.982934,-0.051924, 0.000000,
                   0.084882, 0.037358, 0.995690, 0.000000,
                  -0.707739,17.041786,-0.045546, 1.000000;;
                }
                Frame Armature_head {
                  FrameTransformMatrix {
                     0.990384,-0.111600,-0.081764, 0.000000,
                     0.100573, 0.986608,-0.128415, 0.000000,
                     0.095000, 0.118957, 0.988344, 0.000000,
                     0.390851, 9.257036, 0.092455, 1.000000;;
                  }
                } // End of Armature_head
              } // End of Armature_neck_01
            } // End of Armature_spine_03
          } // End of Armature_spine_02
        } // End of Armature_spine_01
        Frame Armature_sword_holder {
          FrameTransformMatrix {
            -0.909316, 0.370363, 0.189679, 0.000000,
            -0.355306,-0.928335, 0.109324, 0.000000,
             0.216576, 0.032016, 0.975741, 0.000000,
            13.980011,19.492996,16.301010, 1.000000;;
          }
        } // End of Armature_sword_holder
        Frame Armature_thigh_l {
          FrameTransformMatrix {
            -0.335637,-0.835813,-0.434470, 0.000000,
            -0.870721, 0.099285, 0.481650, 0.000000,
            -0.359433, 0.539963,-0.761084, 0.000000,
            -1.448822, 0.531426, 9.005823, 1.000000;;
          }
          Frame Armature_calf_l {
            FrameTransformMatrix {
               0.582416,-0.812325,-0.030336, 0.000000,
               0.808486, 0.582736,-0.082280, 0.000000,
               0.084516, 0.023395, 0.996147, 0.000000,
              -0.060259,42.398052, 0.010503, 1.000000;;
            }
            Frame Armature_calf_twist_01_l {
              FrameTransformMatrix {
                 0.997080,-0.015480,-0.074778, 0.000000,
                 0.015237, 0.999877,-0.003824, 0.000000,
                 0.074828, 0.002673, 0.997193, 0.000000,
                -0.000006,20.476768, 0.000001, 1.000000;;
              }
            } // End of Armature_calf_twist_01_l
            Frame Armature_foot_l {
              FrameTransformMatrix {
                 0.419411,-0.860002,-0.290673, 0.000000,
                -0.859316,-0.479349, 0.178326, 0.000000,
                -0.292695, 0.174988,-0.940058, 0.000000,
                -0.000350,40.196587, 0.000239, 1.000000;;
              }
              Frame Armature_ball_l {
                FrameTransformMatrix {
                   0.417855, 0.908513, 0.000123, 0.000000,
                  -0.908514, 0.417856, 0.000137, 0.000000,
                   0.000073,-0.000169, 1.000000, 0.000000,
                  -10.453840,16.577841,-0.080158, 1.000000;;
                }
              } // End of Armature_ball_l
            } // End of Armature_foot_l
          } // End of Armature_calf_l
          Frame Armature_thigh_twist_01_l {
            FrameTransformMatrix {
               0.889821,-0.000877,-0.456309, 0.000000,
               0.000983, 1.000000,-0.000004, 0.000000,
               0.456309,-0.000445, 0.889821, 0.000000,
              -0.000013,22.094246, 0.000003, 1.000000;;
            }
          } // End of Armature_thigh_twist_01_l
        } // End of Armature_thigh_l
        Frame Armature_thigh_r {
          FrameTransformMatrix {
             0.722228, 0.675107,-0.150391, 0.000000,
            -0.654554, 0.737392, 0.166771, 0.000000,
             0.223486,-0.022008, 0.974459, 0.000000,
            -1.448631, 0.531423,-9.005807, 1.000000;;
          }
          Frame Armature_calf_r {
            FrameTransformMatrix {
               0.259079, 0.965686,-0.018149, 0.000000,
              -0.960597, 0.255665,-0.109036, 0.000000,
              -0.100654, 0.045682, 0.993872, 0.000000,
               0.130045,42.354656, 0.020870, 1.000000;;
            }
            Frame Armature_calf_twist_01_r {
              FrameTransformMatrix {
                 0.999052, 0.015067,-0.040852, 0.000000,
                -0.015236, 0.999876,-0.003826, 0.000000,
                 0.040789, 0.004445, 0.999158, 0.000000,
                 0.000002,20.476908, 0.000005, 1.000000;;
              }
            } // End of Armature_calf_twist_01_r
            Frame Armature_foot_r {
              FrameTransformMatrix {
                 0.429487, 0.901545, 0.052517, 0.000000,
                 0.902917,-0.427602,-0.043571, 0.000000,
                -0.016824, 0.066131,-0.997669, 0.000000,
                 0.000319,40.196758,-0.000038, 1.000000;;
              }
              Frame Armature_ball_r {
                FrameTransformMatrix {
                   0.050848,-0.998706,-0.000087, 0.000000,
                   0.998706, 0.050848, 0.000079, 0.000000,
                  -0.000074,-0.000090, 1.000000, 0.000000,
                  10.453815,16.577795,-0.080141, 1.000000;;
                }
              } // End of Armature_ball_r
            } // End of Armature_foot_r
          } // End of Armature_calf_r
          Frame Armature_thigh_twist_01_r {
            FrameTransformMatrix {
               0.970236, 0.000954, 0.242159, 0.000000,
              -0.000983, 1.000000,-0.000002, 0.000000,
              -0.242159,-0.000236, 0.970237, 0.000000,
              -0.000006,22.094242,-0.000016, 1.000000;;
            }
          } // End of Armature_thigh_twist_01_r
        } // End of Armature_thigh_r
      } // End of Armature_pelvis
    } // End of Armature_root
  } // End of Armature
} // End of Root
AnimationSet Global {
  Animation {
    {Armature}
    AnimationKey { // Rotation
      0;
      27;
      0;4;-0.707107, 0.707107, 0.000000, 0.000000;;,
      1;4;-0.707107, 0.707107, 0.000000, 0.000000;;,
      2;4;-0.707107, 0.707107, 0.000000, 0.000000;;,
      3;4;-0.707107, 0.707107, 0.000000, 0.000000;;,
      4;4;-0.707107, 0.707107, 0.000000, 0.000000;;,
      5;4;-0.707107, 0.707107, 0.000000, 0.000000;;,
      6;4;-0.707107, 0.707107, 0.000000, 0.000000;;,
      7;4;-0.707107, 0.707107, 0.000000, 0.000000;;,
      8;4;-0.707107, 0.707107, 0.000000, 0.000000;;,
      9;4;-0.707107, 0.707107, 0.000000, 0.000000;;,
      10;4;-0.707107, 0.707107, 0.000000, 0.000000;;,
      11;4;-0.707107, 0.707107, 0.000000, 0.000000;;,
      12;4;-0.707107, 0.707107, 0.000000, 0.000000;;,
      13;4;-0.707107, 0.707107, 0.000000, 0.000000;;,
      14;4;-0.707107, 0.707107, 0.000000, 0.000000;;,
      15;4;-0.707107, 0.707107, 0.000000, 0.000000;;,
      16;4;-0.707107, 0.707107, 0.000000, 0.000000;;,
      17;4;-0.707107, 0.707107, 0.000000, 0.000000;;,
      18;4;-0.707107, 0.707107, 0.000000, 0.000000;;,
      19;4;-0.707107, 0.707107, 0.000000, 0.000000;;,
      20;4;-0.707107, 0.707107, 0.000000, 0.000000;;,
      21;4;-0.707107, 0.707107, 0.000000, 0.000000;;,
      22;4;-0.707107, 0.707107, 0.000000, 0.000000;;,
      23;4;-0.707107, 0.707107, 0.000000, 0.000000;;,
      24;4;-0.707107, 0.707107, 0.000000, 0.000000;;,
      25;4;-0.707107, 0.707107, 0.000000, 0.000000;;,
      26;4;-0.707107, 0.707107, 0.000000, 0.000000;;;
    }
    AnimationKey { // Scale
      1;
      27;
      0;3; 0.010000, 0.010000, 0.010000;;,
      1;3; 0.010000, 0.010000, 0.010000;;,
      2;3; 0.010000, 0.010000, 0.010000;;,
      3;3; 0.010000, 0.010000, 0.010000;;,
      4;3; 0.010000, 0.010000, 0.010000;;,
      5;3; 0.010000, 0.010000, 0.010000;;,
      6;3; 0.010000, 0.010000, 0.010000;;,
      7;3; 0.010000, 0.010000, 0.010000;;,
      8;3; 0.010000, 0.010000, 0.010000;;,
      9;3; 0.010000, 0.010000, 0.010000;;,
      10;3; 0.010000, 0.010000, 0.010000;;,
      11;3; 0.010000, 0.010000, 0.010000;;,
      12;3; 0.010000, 0.010000, 0.010000;;,
      13;3; 0.010000, 0.010000, 0.010000;;,
      14;3; 0.010000, 0.010000, 0.010000;;,
      15;3; 0.010000, 0.010000, 0.010000;;,
      16;3; 0.010000, 0.010000, 0.010000;;,
      17;3; 0.010000, 0.010000, 0.010000;;,
      18;3; 0.010000, 0.010000, 0.010000;;,
      19;3; 0.010000, 0.010000, 0.010000;;,
      20;3; 0.010000, 0.010000, 0.010000;;,
      21;3; 0.010000, 0.010000, 0.010000;;,
      22;3; 0.010000, 0.010000, 0.010000;;,
      23;3; 0.010000, 0.010000, 0.010000;;,
      24;3; 0.010000, 0.010000, 0.010000;;,
      25;3; 0.010000, 0.010000, 0.010000;;,
      26;3; 0.010000, 0.010000, 0.010000;;;
    }
    AnimationKey { // Position
      2;
      27;
      0;3; 0.000000, 0.000000, 0.000000;;,
      1;3; 0.000000, 0.000000, 0.000000;;,
      2;3; 0.000000, 0.000000, 0.000000;;,
      3;3; 0.000000, 0.000000, 0.000000;;,
      4;3; 0.000000, 0.000000, 0.000000;;,
      5;3; 0.000000, 0.000000, 0.000000;;,
      6;3; 0.000000, 0.000000, 0.000000;;,
      7;3; 0.000000, 0.000000, 0.000000;;,
      8;3; 0.000000, 0.000000, 0.000000;;,
      9;3; 0.000000, 0.000000, 0.000000;;,
      10;3; 0.000000, 0.000000, 0.000000;;,
      11;3; 0.000000, 0.000000, 0.000000;;,
      12;3; 0.000000, 0.000000, 0.000000;;,
      13;3; 0.000000, 0.000000, 0.000000;;,
      14;3; 0.000000, 0.000000, 0.000000;;,
      15;3; 0.000000, 0.000000, 0.000000;;,
      16;3; 0.000000, 0.000000, 0.000000;;,
      17;3; 0.000000, 0.000000, 0.000000;;,
      18;3; 0.000000, 0.000000, 0.000000;;,
      19;3; 0.000000, 0.000000, 0.000000;;,
      20;3; 0.000000, 0.000000, 0.000000;;,
      21;3; 0.000000, 0.000000, 0.000000;;,
      22;3; 0.000000, 0.000000, 0.000000;;,
      23;3; 0.000000, 0.000000, 0.000000;;,
      24;3; 0.000000, 0.000000, 0.000000;;,
      25;3; 0.000000, 0.000000, 0.000000;;,
      26;3; 0.000000, 0.000000, 0.000000;;;
    }
  }
  Animation {
    {Armature_root}
    AnimationKey { // Rotation
      0;
      27;
      0;4;-1.000000, 0.000000, 0.000000, 0.000000;;,
      1;4;-1.000000, 0.000000, 0.000000, 0.000000;;,
      2;4;-1.000000, 0.000000, 0.000000, 0.000000;;,
      3;4;-1.000000, 0.000000, 0.000000, 0.000000;;,
      4;4;-1.000000, 0.000000, 0.000000, 0.000000;;,
      5;4;-1.000000, 0.000000, 0.000000, 0.000000;;,
      6;4;-1.000000, 0.000000, 0.000000, 0.000000;;,
      7;4;-1.000000, 0.000000, 0.000000, 0.000000;;,
      8;4;-1.000000, 0.000000, 0.000000, 0.000000;;,
      9;4;-1.000000, 0.000000, 0.000000, 0.000000;;,
      10;4;-1.000000, 0.000000, 0.000000, 0.000000;;,
      11;4;-1.000000, 0.000000, 0.000000, 0.000000;;,
      12;4;-1.000000, 0.000000, 0.000000, 0.000000;;,
      13;4;-1.000000, 0.000000, 0.000000, 0.000000;;,
      14;4;-1.000000, 0.000000, 0.000000, 0.000000;;,
      15;4;-1.000000, 0.000000, 0.000000, 0.000000;;,
      16;4;-1.000000, 0.000000, 0.000000, 0.000000;;,
      17;4;-1.000000, 0.000000, 0.000000, 0.000000;;,
      18;4;-1.000000, 0.000000, 0.000000, 0.000000;;,
      19;4;-1.000000, 0.000000, 0.000000, 0.000000;;,
      20;4;-1.000000, 0.000000, 0.000000, 0.000000;;,
      21;4;-1.000000, 0.000000, 0.000000, 0.000000;;,
      22;4;-1.000000, 0.000000, 0.000000, 0.000000;;,
      23;4;-1.000000, 0.000000, 0.000000, 0.000000;;,
      24;4;-1.000000, 0.000000, 0.000000, 0.000000;;,
      25;4;-1.000000, 0.000000, 0.000000, 0.000000;;,
      26;4;-1.000000, 0.000000, 0.000000, 0.000000;;;
    }
    AnimationKey { // Scale
      1;
      27;
      0;3; 1.000000, 1.000000, 1.000000;;,
      1;3; 1.000000, 1.000000, 1.000000;;,
      2;3; 1.000000, 1.000000, 1.000000;;,
      3;3; 1.000000, 1.000000, 1.000000;;,
      4;3; 1.000000, 1.000000, 1.000000;;,
      5;3; 1.000000, 1.000000, 1.000000;;,
      6;3; 1.000000, 1.000000, 1.000000;;,
      7;3; 1.000000, 1.000000, 1.000000;;,
      8;3; 1.000000, 1.000000, 1.000000;;,
      9;3; 1.000000, 1.000000, 1.000000;;,
      10;3; 1.000000, 1.000000, 1.000000;;,
      11;3; 1.000000, 1.000000, 1.000000;;,
      12;3; 1.000000, 1.000000, 1.000000;;,
      13;3; 1.000000, 1.000000, 1.000000;;,
      14;3; 1.000000, 1.000000, 1.000000;;,
      15;3; 1.000000, 1.000000, 1.000000;;,
      16;3; 1.000000, 1.000000, 1.000000;;,
      17;3; 1.000000, 1.000000, 1.000000;;,
      18;3; 1.000000, 1.000000, 1.000000;;,
      19;3; 1.000000, 1.000000, 1.000000;;,
      20;3; 1.000000, 1.000000, 1.000000;;,
      21;3; 1.000000, 1.000000, 1.000000;;,
      22;3; 1.000000, 1.000000, 1.000000;;,
      23;3; 1.000000, 1.000000, 1.000000;;,
      24;3; 1.000000, 1.000000, 1.000000;;,
      25;3; 1.000000, 1.000000, 1.000000;;,
      26;3; 1.000000, 1.000000, 1.000000;;;
    }
    AnimationKey { // Position
      2;
      27;
      0;3; 0.000000, 0.000019, 0.000000;;,
      1;3; 0.000000, 0.000019, 0.000000;;,
      2;3; 0.000000, 0.000019, 0.000000;;,
      3;3; 0.000000, 0.000019, 0.000000;;,
      4;3; 0.000000, 0.000019, 0.000000;;,
      5;3; 0.000000, 0.000019, 0.000000;;,
      6;3; 0.000000, 0.000019, 0.000000;;,
      7;3; 0.000000, 0.000019, 0.000000;;,
      8;3; 0.000000, 0.000019, 0.000000;;,
      9;3; 0.000000, 0.000019, 0.000000;;,
      10;3; 0.000000, 0.000019, 0.000000;;,
      11;3; 0.000000, 0.000019, 0.000000;;,
      12;3; 0.000000, 0.000019, 0.000000;;,
      13;3; 0.000000, 0.000019, 0.000000;;,
      14;3; 0.000000, 0.000019, 0.000000;;,
      15;3; 0.000000, 0.000019, 0.000000;;,
      16;3; 0.000000, 0.000019, 0.000000;;,
      17;3; 0.000000, 0.000019, 0.000000;;,
      18;3; 0.000000, 0.000019, 0.000000;;,
      19;3; 0.000000, 0.000019, 0.000000;;,
      20;3; 0.000000, 0.000019, 0.000000;;,
      21;3; 0.000000, 0.000019, 0.000000;;,
      22;3; 0.000000, 0.000019, 0.000000;;,
      23;3; 0.000000, 0.000019, 0.000000;;,
      24;3; 0.000000, 0.000019, 0.000000;;,
      25;3; 0.000000, 0.000019, 0.000000;;,
      26;3; 0.000000, 0.000019, 0.000000;;;
    }
  }
  Animation {
    {Armature_pelvis}
    AnimationKey { // Rotation
      0;
      27;
      0;4;-0.558485, 0.475624, 0.295494, 0.612013;;,
      1;4;-0.513997, 0.519149, 0.268377, 0.627905;;,
      2;4;-0.462637, 0.562179, 0.230609, 0.645555;;,
      3;4;-0.391730, 0.609459, 0.173460, 0.667097;;,
      4;4;-0.308986, 0.653291, 0.101713, 0.683661;;,
      5;4;-0.226204, 0.684511, 0.027147, 0.692488;;,
      6;4;-0.161135, 0.701188,-0.030544, 0.693857;;,
      7;4;-0.104456, 0.703947,-0.077904, 0.698197;;,
      8;4;-0.051301, 0.698707,-0.109751, 0.705076;;,
      9;4;-0.005086, 0.692823,-0.137254, 0.707907;;,
      10;4; 0.032564, 0.685750,-0.170405, 0.706859;;,
      11;4; 0.069308, 0.678171,-0.206217, 0.701965;;,
      12;4; 0.100150, 0.667434,-0.258842, 0.691015;;,
      13;4; 0.118835, 0.651680,-0.322794, 0.676014;;,
      14;4; 0.126872, 0.630240,-0.387266, 0.660852;;,
      15;4; 0.128078, 0.606516,-0.452617, 0.640993;;,
      16;4; 0.121265, 0.583728,-0.518875, 0.612638;;,
      17;4; 0.117125, 0.563105,-0.580465, 0.576416;;,
      18;4; 0.121335, 0.544129,-0.640425, 0.528259;;,
      19;4; 0.119217, 0.516329,-0.701372, 0.476728;;,
      20;4; 0.120569, 0.490116,-0.758736, 0.411787;;,
      21;4; 0.137639, 0.455531,-0.816700, 0.326416;;,
      22;4; 0.171294, 0.392791,-0.876947, 0.217571;;,
      23;4; 0.207713, 0.316617,-0.920100, 0.100124;;,
      24;4; 0.239662, 0.253593,-0.937144,-0.003646;;,
      25;4; 0.270670, 0.212536,-0.933028,-0.105001;;,
      26;4; 0.317870, 0.221215,-0.899090,-0.204108;;;
    }
    AnimationKey { // Scale
      1;
      27;
      0;3; 1.000000, 1.000000, 1.000000;;,
      1;3; 1.000000, 1.000000, 1.000000;;,
      2;3; 1.000000, 1.000000, 1.000000;;,
      3;3; 1.000000, 1.000000, 1.000000;;,
      4;3; 1.000000, 1.000000, 1.000000;;,
      5;3; 1.000000, 1.000000, 1.000000;;,
      6;3; 1.000000, 1.000000, 1.000000;;,
      7;3; 1.000000, 1.000000, 1.000000;;,
      8;3; 1.000000, 1.000000, 1.000000;;,
      9;3; 1.000000, 1.000000, 1.000000;;,
      10;3; 1.000000, 1.000000, 1.000000;;,
      11;3; 1.000000, 1.000000, 1.000000;;,
      12;3; 1.000000, 1.000000, 1.000000;;,
      13;3; 1.000000, 1.000000, 1.000000;;,
      14;3; 1.000000, 1.000000, 1.000000;;,
      15;3; 1.000000, 1.000000, 1.000000;;,
      16;3; 1.000000, 1.000000, 1.000000;;,
      17;3; 1.000000, 1.000000, 1.000000;;,
      18;3; 1.000000, 1.000000, 1.000000;;,
