xof 0303txt 0032

template XSkinMeshHeader {
  <3cf169ce-ff7c-44ab-93c0-f78f62d172e2>
  WORD nMaxSkinWeightsPerVertex;
  WORD nMaxSkinWeightsPerFace;
  WORD nBones;
}

template SkinWeights {
  <6f0d123b-bad2-4167-a0d0-80224f25fabb>
  STRING transformNodeName;
  DWORD nWeights;
  array DWORD vertexIndices[nWeights];
  array float weights[nWeights];
  Matrix4x4 matrixOffset;
}

Frame Root {
  FrameTransformMatrix {
     1.000000, 0.000000, 0.000000, 0.000000,
     0.000000,-0.000000,-1.000000, 0.000000,
     0.000000, 1.000000,-0.000000, 0.000000,
     0.000000, 0.000000, 0.000000, 1.000000;;
  }
  Frame Armature {
    FrameTransformMatrix {
       0.010000, 0.000000, 0.000000, 0.000000,
       0.000000,-0.000000, 0.010000, 0.000000,
       0.000000,-0.010000,-0.000000, 0.000000,
       0.000000, 0.000000, 0.000000, 1.000000;;
    }
    Frame Armature_root {
      FrameTransformMatrix {
         1.000000, 0.000000, 0.000000, 0.000000,
         0.000000, 1.000000,-0.000000, 0.000000,
         0.000000, 0.000000, 1.000000, 0.000000,
         0.000000, 0.000000, 0.000000, 1.000000;;
      }
      Frame Armature_ik_foot_root {
        FrameTransformMatrix {
           0.000000,-0.000000,-1.000000, 0.000000,
           1.000000, 0.000000, 0.000000, 0.000000,
           0.000000,-1.000000, 0.000000, 0.000000,
           0.000000, 0.000000, 0.000000, 1.000000;;
        }
        Frame Armature_ik_foot_l {
          FrameTransformMatrix {
             0.999761, 0.021796, 0.001738, 0.000000,
             0.002113,-0.017232,-0.999849, 0.000000,
            -0.021763, 0.999614,-0.017274, 0.000000,
            -12.667694,27.515238,-13.323594, 1.000000;;
          }
        } // End of Armature_ik_foot_l
        Frame Armature_ik_foot_r {
          FrameTransformMatrix {
            -0.272485,-0.960952, 0.048188, 0.000000,
             0.037809, 0.039351, 0.998510, 0.000000,
            -0.961417, 0.273901, 0.025610, 0.000000,
            32.380932,-11.780020,-14.126763, 1.000000;;
          }
        } // End of Armature_ik_foot_r
      } // End of Armature_ik_foot_root
      Frame Armature_ik_hand_root {
        FrameTransformMatrix {
           1.000000, 0.000000, 0.000000, 0.000000,
           0.000000, 1.000000,-0.000000, 0.000000,
           0.000000, 0.000000, 1.000000, 0.000000,
           0.000000, 0.000000, 0.000000, 1.000000;;
        }
        Frame Armature_ik_hand_gun {
          FrameTransformMatrix {
            -0.107390, 0.770301, 0.628573, 0.000000,
             0.610720,-0.447778, 0.653082, 0.000000,
             0.784531, 0.454017,-0.422351, 0.000000,
            -8.266697,93.567299,-44.714466, 1.000000;;
          }
          Frame Armature_ik_hand_l {
            FrameTransformMatrix {
              -0.110528, 0.604356,-0.789011, 0.000000,
               0.924296, 0.354315, 0.141914, 0.000000,
               0.365325,-0.713593,-0.597765, 0.000000,
              37.566154,63.953903,-0.838398, 1.000000;;
            }
          } // End of Armature_ik_hand_l
          Frame Armature_ik_hand_r {
            FrameTransformMatrix {
               1.000000,-0.000000,-0.000000, 0.000000,
               0.000000, 1.000000, 0.000000, 0.000000,
               0.000000,-0.000000, 1.000000, 0.000000,
              -0.000011, 0.000021,-0.000007, 1.000000;;
            }
          } // End of Armature_ik_hand_r
        } // End of Armature_ik_hand_gun
      } // End of Armature_ik_hand_root
      Frame Armature_pelvis {
        FrameTransformMatrix {
           0.212773, 0.969826,-0.119016, 0.000000,
          -0.798797, 0.242798, 0.550429, 0.000000,
           0.562717,-0.022047, 0.826355, 0.000000,
           0.196186,93.183037,-2.139818, 1.000000;;
        }
        Frame Armature_spine_01 {
          FrameTransformMatrix {
             0.114982,-0.992646, 0.037850, 0.000000,
             0.991450, 0.112311,-0.066437, 0.000000,
             0.061698, 0.045165, 0.997072, 0.000000,
            10.808880, 0.851421, 0.000001, 1.000000;;
          }
          Frame Armature_spine_02 {
            FrameTransformMatrix {
               0.970655, 0.236657,-0.042704, 0.000000,
              -0.236581, 0.971587, 0.006897, 0.000000,
               0.043123, 0.003408, 0.999064, 0.000000,
               3.799407,18.804758, 0.195053, 1.000000;;
            }
            Frame Armature_spine_03 {
              FrameTransformMatrix {
                 0.995940, 0.076550,-0.047371, 0.000000,
                -0.073422, 0.995208, 0.064575, 0.000000,
                 0.052088,-0.060835, 0.996788, 0.000000,
                 0.418760,13.412377, 0.040515, 1.000000;;
              }
              Frame Armature_clavicle_l {
                FrameTransformMatrix {
                   0.891015, 0.145879,-0.429896, 0.000000,
                   0.441918,-0.061938, 0.894915, 0.000000,
                   0.103922,-0.987362,-0.119654, 0.000000,
                  -2.732091,11.883697, 3.781984, 1.000000;;
                }
                Frame Armature_upperarm_l {
                  FrameTransformMatrix {
                     0.911654, 0.381117, 0.153744, 0.000000,
                    -0.290480, 0.332958, 0.897084, 0.000000,
                     0.290703,-0.862490, 0.414249, 0.000000,
                     0.000000,15.784872, 0.000010, 1.000000;;
                  }
                  Frame Armature_lowerarm_l {
                    FrameTransformMatrix {
                       0.899059, 0.437686,-0.011114, 0.000000,
                      -0.436969, 0.898596, 0.039783, 0.000000,
                       0.027400,-0.030910, 0.999147, 0.000000,
                       0.000002,30.339954, 0.000006, 1.000000;;
                    }
                    Frame Armature_hand_l {
                      FrameTransformMatrix {
                         0.389700, 0.284535, 0.875885, 0.000000,
                        -0.335203, 0.929662,-0.152866, 0.000000,
                        -0.857772,-0.234027, 0.457666, 0.000000,
                        -0.000002,26.975176, 0.000002, 1.000000;;
                      }
                      Frame Armature_index_01_l {
                        FrameTransformMatrix {
                           0.804995,-0.525901,-0.274610, 0.000000,
                           0.537227, 0.842549,-0.038714, 0.000000,
                           0.251732,-0.116364, 0.960776, 0.000000,
                           1.763461,12.068121, 2.109404, 1.000000;;
                        }
                        Frame Armature_index_02_l {
                          FrameTransformMatrix {
                             0.764979,-0.639885,-0.073166, 0.000000,
                             0.644027, 0.761044, 0.077726, 0.000000,
                             0.005947,-0.106579, 0.994286, 0.000000,
                            -0.000001, 4.287490, 0.000002, 1.000000;;
                          }
                          Frame Armature_index_03_l {
                            FrameTransformMatrix {
                               0.913191,-0.407066,-0.019470, 0.000000,
                               0.406974, 0.913399,-0.008617, 0.000000,
                               0.021292,-0.000055, 0.999773, 0.000000,
                               0.000002, 3.393795, 0.000002, 1.000000;;
                            }
                          } // End of Armature_index_03_l
                        } // End of Armature_index_02_l
                      } // End of Armature_index_01_l
                      Frame Armature_middle_01_l {
                        FrameTransformMatrix {
                           0.666164,-0.744227, 0.048495, 0.000000,
                           0.738598, 0.649312,-0.181294, 0.000000,
                           0.103436, 0.156590, 0.982233, 0.000000,
                           1.293647,12.244292,-0.571163, 1.000000;;
                        }
                        Frame Armature_middle_02_l {
                          FrameTransformMatrix {
                             0.665975,-0.745641,-0.022289, 0.000000,
                             0.743824, 0.661493, 0.095673, 0.000000,
                            -0.056594,-0.080295, 0.995163, 0.000000,
                            -0.000000, 4.640385, 0.000002, 1.000000;;
                          }
                          Frame Armature_middle_03_l {
                            FrameTransformMatrix {
                               0.897234,-0.441546,-0.002780, 0.000000,
                               0.441543, 0.897238,-0.001775, 0.000000,
                               0.003278, 0.000365, 0.999995, 0.000000,
                               0.000004, 3.648852, 0.000001, 1.000000;;
                            }
                          } // End of Armature_middle_03_l
                        } // End of Armature_middle_02_l
                      } // End of Armature_middle_01_l
                      Frame Armature_pinky_01_l {
                        FrameTransformMatrix {
                           0.468895,-0.754569, 0.459089, 0.000000,
                           0.874371, 0.470080,-0.120415, 0.000000,
                          -0.124947, 0.457876, 0.880192, 0.000000,
                           2.263153,10.140671,-4.643150, 1.000000;;
                        }
                        Frame Armature_pinky_02_l {
                          FrameTransformMatrix {
                             0.500435,-0.865259,-0.029860, 0.000000,
                             0.864779, 0.501215,-0.030670, 0.000000,
                             0.041504,-0.010474, 0.999083, 0.000000,
                             0.000005, 3.570992, 0.000001, 1.000000;;
                          }
                          Frame Armature_pinky_03_l {
                            FrameTransformMatrix {
                               0.735820,-0.677153,-0.005669, 0.000000,
                               0.677141, 0.735842,-0.004124, 0.000000,
                               0.006964,-0.000804, 0.999975, 0.000000,
                               0.000005, 2.985631, 0.000000, 1.000000;;
                            }
                          } // End of Armature_pinky_03_l
                        } // End of Armature_pinky_02_l
                      } // End of Armature_pinky_01_l
                      Frame Armature_ring_01_l {
                        FrameTransformMatrix {
                           0.469025,-0.807368, 0.358012, 0.000000,
                           0.877300, 0.472622,-0.083506, 0.000000,
                          -0.101784, 0.353251, 0.929975, 0.000000,
                           1.753523,11.497889,-2.846909, 1.000000;;
                        }
                        Frame Armature_ring_02_l {
                          FrameTransformMatrix {
                             0.841901,-0.539481,-0.012753, 0.000000,
                             0.539543, 0.841956, 0.001737, 0.000000,
                             0.009800,-0.008343, 0.999917, 0.000000,
                             0.000003, 4.430181,-0.000002, 1.000000;;
                          }
                          Frame Armature_ring_03_l {
                            FrameTransformMatrix {
                               0.919963,-0.392005, 0.000297, 0.000000,
                               0.392005, 0.919963, 0.000333, 0.000000,
                              -0.000403,-0.000190, 1.000000, 0.000000,
                              -0.000003, 3.476663,-0.000000, 1.000000;;
                            }
                          } // End of Armature_ring_03_l
                        } // End of Armature_ring_02_l
                      } // End of Armature_ring_01_l
                      Frame Armature_thumb_01_l {
                        FrameTransformMatrix {
                          -0.047905, 0.338931,-0.939591, 0.000000,
                           0.694374, 0.687495, 0.212592, 0.000000,
                           0.718018,-0.642244,-0.268279, 0.000000,
                           2.374984, 4.762038, 2.537823, 1.000000;;
                        }
                        Frame Armature_thumb_02_l {
                          FrameTransformMatrix {
                             0.994974,-0.094950,-0.031798, 0.000000,
                             0.097517, 0.990937, 0.092382, 0.000000,
                             0.022738,-0.095018, 0.995216, 0.000000,
                             0.000010, 3.869679, 0.000002, 1.000000;;
                          }
                          Frame Armature_thumb_03_l {
                            FrameTransformMatrix {
                               0.993541,-0.088543,-0.070965, 0.000000,
                               0.095429, 0.990364, 0.100366, 0.000000,
                               0.061395,-0.106490, 0.992416, 0.000000,
                              -0.000003, 4.062170,-0.000001, 1.000000;;
                            }
                          } // End of Armature_thumb_03_l
                        } // End of Armature_thumb_02_l
                      } // End of Armature_thumb_01_l
                    } // End of Armature_hand_l
                    Frame Armature_lowerarm_twist_01_l {
                      FrameTransformMatrix {
                         0.977930, 0.000000,-0.208932, 0.000000,
                        -0.000000, 1.000000,-0.000000, 0.000000,
                         0.208932, 0.000000, 0.977930, 0.000000,
                        -0.000002,14.000016, 0.000004, 1.000000;;
                      }
                    } // End of Armature_lowerarm_twist_01_l
                  } // End of Armature_lowerarm_l
                  Frame Armature_upperarm_twist_01_l {
                    FrameTransformMatrix {
                       0.967601, 0.000000,-0.252483, 0.000000,
                       0.000000, 1.000000, 0.000000, 0.000000,
                       0.252483,-0.000000, 0.967601, 0.000000,
                       0.000003, 0.500007,-0.000006, 1.000000;;
                    }
                  } // End of Armature_upperarm_twist_01_l
                } // End of Armature_upperarm_l
              } // End of Armature_clavicle_l
              Frame Armature_clavicle_r {
                FrameTransformMatrix {
                  -0.945916,-0.130066,-0.297195, 0.000000,
                   0.312255,-0.116610,-0.942814, 0.000000,
                   0.087973,-0.984624, 0.150917, 0.000000,
                  -2.732105,11.883785,-3.782004, 1.000000;;
                }
                Frame Armature_upperarm_r {
                  FrameTransformMatrix {
                     0.992054,-0.008941,-0.125496, 0.000000,
                     0.116080, 0.449760, 0.885574, 0.000000,
                     0.048525,-0.893105, 0.447224, 0.000000,
                    -0.000044,15.784748, 0.000065, 1.000000;;
                  }
                  Frame Armature_lowerarm_r {
                    FrameTransformMatrix {
                       0.982596,-0.124781,-0.137602, 0.000000,
                       0.127901, 0.991688, 0.014036, 0.000000,
                       0.134706,-0.031391, 0.990388, 0.000000,
                       0.000000,30.340054, 0.000000, 1.000000;;
                    }
                    Frame Armature_hand_r {
                      FrameTransformMatrix {
                         0.407164,-0.106055,-0.907177, 0.000000,
                        -0.273846, 0.933366,-0.232026, 0.000000,
                         0.871336, 0.342899, 0.350991, 0.000000,
                        -0.000003,26.975241, 0.000003, 1.000000;;
                      }
                      Frame Armature_index_01_r {
                        FrameTransformMatrix {
                           0.680580, 0.711086, 0.176542, 0.000000,
                          -0.685835, 0.703072,-0.187937, 0.000000,
                          -0.257761, 0.006827, 0.966185, 0.000000,
                          -1.763747,12.067957, 2.109443, 1.000000;;
                        }
                        Frame Armature_index_02_r {
                          FrameTransformMatrix {
                            -0.096418, 0.990319, 0.099859, 0.000000,
                            -0.995296,-0.094969,-0.019175, 0.000000,
                            -0.009506,-0.101239, 0.994817, 0.000000,
                             0.000088, 4.287690,-0.000080, 1.000000;;
                          }
                          Frame Armature_index_03_r {
                            FrameTransformMatrix {
                               0.666916, 0.744997, 0.014205, 0.000000,
                              -0.744829, 0.667067,-0.015866, 0.000000,
                              -0.021295, 0.000001, 0.999773, 0.000000,
                               0.000119, 3.393804,-0.000002, 1.000000;;
                            }
                          } // End of Armature_index_03_r
                        } // End of Armature_index_02_r
                      } // End of Armature_index_01_r
                      Frame Armature_middle_01_r {
                        FrameTransformMatrix {
                           0.441931, 0.896671,-0.026035, 0.000000,
                          -0.895749, 0.439542,-0.066611, 0.000000,
                          -0.048285, 0.052758, 0.997439, 0.000000,
                          -1.293745,12.244125,-0.571121, 1.000000;;
                        }
                        Frame Armature_middle_02_r {
                          FrameTransformMatrix {
                             0.178864, 0.979905, 0.088286, 0.000000,
                            -0.981563, 0.171578, 0.084232, 0.000000,
                             0.067391,-0.101724, 0.992527, 0.000000,
                            -0.000144, 4.640574, 0.000014, 1.000000;;
                          }
                          Frame Armature_middle_03_r {
                            FrameTransformMatrix {
                               0.131028, 0.991379, 0.000429, 0.000000,
                              -0.991373, 0.131028,-0.003244, 0.000000,
                              -0.003273,-0.000001, 0.999995, 0.000000,
                               0.000035, 3.648912, 0.000004, 1.000000;;
                            }
                          } // End of Armature_middle_03_r
                        } // End of Armature_middle_02_r
                      } // End of Armature_middle_01_r
                      Frame Armature_pinky_01_r {
                        FrameTransformMatrix {
                           0.827082, 0.473667,-0.302614, 0.000000,
                          -0.535493, 0.827640,-0.168105, 0.000000,
                           0.170830, 0.301084, 0.938172, 0.000000,
                          -2.263381,10.140600,-4.643087, 1.000000;;
                        }
                        Frame Armature_pinky_02_r {
                          FrameTransformMatrix {
                             0.135759, 0.989591, 0.047733, 0.000000,
                            -0.990283, 0.137004,-0.023853, 0.000000,
                            -0.030144,-0.044030, 0.998575, 0.000000,
                            -0.000078, 3.571056,-0.000010, 1.000000;;
                          }
                          Frame Armature_pinky_03_r {
                            FrameTransformMatrix {
                              -0.138523, 0.990359,-0.000993, 0.000000,
                              -0.990333,-0.138526,-0.007093, 0.000000,
                              -0.007162, 0.000001, 0.999974, 0.000000,
                               0.000323, 2.985425,-0.000032, 1.000000;;
                            }
                          } // End of Armature_pinky_03_r
                        } // End of Armature_pinky_02_r
                      } // End of Armature_pinky_01_r
                      Frame Armature_ring_01_r {
                        FrameTransformMatrix {
                           0.488693, 0.835028,-0.252801, 0.000000,
                          -0.863051, 0.505117, 0.000076, 0.000000,
                           0.127757, 0.218143, 0.967518, 0.000000,
                          -1.753791,11.497984,-2.846910, 1.000000;;
                        }
                        Frame Armature_ring_02_r {
                          FrameTransformMatrix {
                            -0.098076, 0.994968, 0.020464, 0.000000,
                            -0.995158,-0.097921,-0.008487, 0.000000,
                            -0.006441,-0.021197, 0.999755, 0.000000,
                             0.000077, 4.429867,-0.000021, 1.000000;;
                          }
                          Frame Armature_ring_03_r {
                            FrameTransformMatrix {
                               0.264059, 0.964507,-0.000106, 0.000000,
                              -0.964506, 0.264059, 0.000387, 0.000000,
                               0.000401,-0.000000, 1.000000, 0.000000,
                               0.000069, 3.476659, 0.000000, 1.000000;;
                            }
                          } // End of Armature_ring_03_r
                        } // End of Armature_ring_02_r
                      } // End of Armature_ring_01_r
                      Frame Armature_thumb_01_r {
                        FrameTransformMatrix {
                           0.166765,-0.399675, 0.901360, 0.000000,
                          -0.684860, 0.610703, 0.397503, 0.000000,
                          -0.709335,-0.683595,-0.171877, 0.000000,
                          -2.375128, 4.762134, 2.537814, 1.000000;;
                        }
                        Frame Armature_thumb_02_r {
                          FrameTransformMatrix {
                             0.809496, 0.587037, 0.010213, 0.000000,
                            -0.587123, 0.809317, 0.017122, 0.000000,
                             0.001786,-0.019856, 0.999801, 0.000000,
                             0.000111, 3.869569, 0.000051, 1.000000;;
                          }
                          Frame Armature_thumb_03_r {
                            FrameTransformMatrix {
                               0.696233, 0.717189, 0.029993, 0.000000,
                              -0.716525, 0.696878,-0.030868, 0.000000,
                              -0.043040, 0.000001, 0.999073, 0.000000,
                               0.000005, 4.062174, 0.000004, 1.000000;;
                            }
                          } // End of Armature_thumb_03_r
                        } // End of Armature_thumb_02_r
                      } // End of Armature_thumb_01_r
                      Frame Armature_weapon_r {
                        FrameTransformMatrix {
                          -0.005470,-0.000003,-0.999985, 0.000000,
                          -0.000002,-1.000000, 0.000003, 0.000000,
                          -0.999985, 0.000002, 0.005470, 0.000000,
                          -4.667005,11.309014,-1.092994, 1.000000;;
                        }
                      } // End of Armature_weapon_r
                    } // End of Armature_hand_r
                    Frame Armature_lowerarm_twist_01_r {
                      FrameTransformMatrix {
                         0.999801,-0.000000,-0.019963, 0.000000,
                         0.000000, 1.000000, 0.000000, 0.000000,
                         0.019963,-0.000000, 0.999801, 0.000000,
                         0.000023,14.000000,-0.000000, 1.000000;;
                      }
                    } // End of Armature_lowerarm_twist_01_r
                  } // End of Armature_lowerarm_r
                  Frame Armature_upperarm_twist_01_r {
                    FrameTransformMatrix {
                       0.997539, 0.000000, 0.070118, 0.000000,
                      -0.000000, 1.000000,-0.000000, 0.000000,
                      -0.070118, 0.000000, 0.997539, 0.000000,
                       0.000000, 0.500016, 0.000005, 1.000000;;
                    }
                  } // End of Armature_upperarm_twist_01_r
                } // End of Armature_upperarm_r
              } // End of Armature_clavicle_r
              Frame Armature_neck_01 {
                FrameTransformMatrix {
                   0.696539, 0.395336,-0.598784, 0.000000,
                  -0.389145, 0.909266, 0.147650, 0.000000,
                   0.602826, 0.130170, 0.787183, 0.000000,
                  -0.355317,16.558796,-0.000000, 1.000000;;
                }
                Frame Armature_head {
                  FrameTransformMatrix {
                     0.990576,-0.136019,-0.016075, 0.000000,
                     0.135706, 0.958805, 0.249555, 0.000000,
                    -0.018531,-0.249385, 0.968227, 0.000000,
                     0.359660, 9.285621,-0.000017, 1.000000;;
                  }
                } // End of Armature_head
              } // End of Armature_neck_01
            } // End of Armature_spine_03
          } // End of Armature_spine_02
        } // End of Armature_spine_01
        Frame Armature_sword_holder {
          FrameTransformMatrix {
            -0.909316, 0.370364, 0.189678, 0.000000,
            -0.355306,-0.928335, 0.109325, 0.000000,
             0.216575, 0.032017, 0.975741, 0.000000,
            13.979988,19.493004,16.301003, 1.000000;;
          }
        } // End of Armature_sword_holder
        Frame Armature_thigh_l {
          FrameTransformMatrix {
            -0.145445,-0.519548,-0.841971, 0.000000,
            -0.864152,-0.347677, 0.363815, 0.000000,
            -0.481754, 0.780506,-0.398401, 0.000000,
            -1.448829, 0.531426, 9.005811, 1.000000;;
          }
          Frame Armature_calf_l {
            FrameTransformMatrix {
               0.959413,-0.266036,-0.093553, 0.000000,
               0.267941, 0.963400, 0.008198, 0.000000,
               0.087948,-0.032932, 0.995580, 0.000000,
               0.001647,42.539066, 0.000118, 1.000000;;
            }
            Frame Armature_calf_twist_01_l {
              FrameTransformMatrix {
                 0.999853,-0.015265,-0.007780, 0.000000,
                 0.015236, 0.999877,-0.003824, 0.000000,
                 0.007837, 0.003705, 0.999962, 0.000000,
                -0.000001,20.476770, 0.000000, 1.000000;;
              }
            } // End of Armature_calf_twist_01_l
            Frame Armature_foot_l {
              FrameTransformMatrix {
                 0.037583,-0.969434,-0.242456, 0.000000,
                -0.994507,-0.060006, 0.085766, 0.000000,
                -0.097693, 0.237901,-0.966364, 0.000000,
                 0.000132,40.196678, 0.000190, 1.000000;;
              }
              Frame Armature_ball_l {
                FrameTransformMatrix {
                   0.010841, 0.999941, 0.000148, 0.000000,
                  -0.999941, 0.010841, 0.000075, 0.000000,
                   0.000073,-0.000149, 1.000000, 0.000000,
                  -10.453843,16.577852,-0.080155, 1.000000;;
                }
              } // End of Armature_ball_l
            } // End of Armature_foot_l
          } // End of Armature_calf_l
          Frame Armature_thigh_twist_01_l {
            FrameTransformMatrix {
               0.513048,-0.000508,-0.858360, 0.000000,
               0.000983, 1.000000,-0.000004, 0.000000,
               0.858359,-0.000842, 0.513048, 0.000000,
               0.000002,22.094255, 0.000003, 1.000000;;
            }
          } // End of Armature_thigh_twist_01_l
        } // End of Armature_thigh_l
        Frame Armature_thigh_r {
          FrameTransformMatrix {
            -0.086477, 0.952328,-0.292564, 0.000000,
            -0.934670,-0.179202,-0.307047, 0.000000,
            -0.344838, 0.246899, 0.905609, 0.000000,
            -1.448646, 0.531429,-9.005804, 1.000000;;
          }
          Frame Armature_calf_r {
            FrameTransformMatrix {
               0.942600, 0.321520, 0.090169, 0.000000,
              -0.322746, 0.946485,-0.001035, 0.000000,
              -0.085676,-0.028126, 0.995926, 0.000000,
              -0.000800,42.525642, 0.000387, 1.000000;;
            }
            Frame Armature_calf_twist_01_r {
              FrameTransformMatrix {
                 0.998106, 0.014980,-0.059661, 0.000000,
                -0.015235, 0.999877,-0.003825, 0.000000,
                 0.059597, 0.004727, 0.998211, 0.000000,
                 0.000000,20.476925, 0.000000, 1.000000;;
              }
            } // End of Armature_calf_twist_01_r
            Frame Armature_foot_r {
              FrameTransformMatrix {
                 0.136863, 0.956370, 0.258117, 0.000000,
                 0.990439,-0.127564,-0.052518, 0.000000,
                -0.017300, 0.262837,-0.964685, 0.000000,
                -0.000022,40.196823, 0.000234, 1.000000;;
              }
              Frame Armature_ball_r {
                FrameTransformMatrix {
                   0.009971,-0.999950, 0.000578, 0.000000,
                   0.999950, 0.009971, 0.000065, 0.000000,
                  -0.000071, 0.000577, 1.000000, 0.000000,
                  10.453820,16.577797,-0.080157, 1.000000;;
                }
              } // End of Armature_ball_r
            } // End of Armature_foot_r
          } // End of Armature_calf_r
          Frame Armature_thigh_twist_01_r {
            FrameTransformMatrix {
               0.972242, 0.000957, 0.233977, 0.000000,
              -0.000983, 1.000000,-0.000003, 0.000000,
              -0.233977,-0.000227, 0.972242, 0.000000,
              -0.000001,22.094248, 0.000005, 1.000000;;
            }
          } // End of Armature_thigh_twist_01_r
        } // End of Armature_thigh_r
      } // End of Armature_pelvis
    } // End of Armature_root
  } // End of Armature
} // End of Root
AnimationSet Global {
  Animation {
    {Armature}
    AnimationKey { // Rotation
      0;
      27;
      0;4;-0.707107, 0.707107, 0.000000, 0.000000;;,
      1;4;-0.707107, 0.707107, 0.000000, 0.000000;;,
      2;4;-0.707107, 0.707107, 0.000000, 0.000000;;,
      3;4;-0.707107, 0.707107, 0.000000, 0.000000;;,
      4;4;-0.707107, 0.707107, 0.000000, 0.000000;;,
      5;4;-0.707107, 0.707107, 0.000000, 0.000000;;,
      6;4;-0.707107, 0.707107, 0.000000, 0.000000;;,
      7;4;-0.707107, 0.707107, 0.000000, 0.000000;;,
      8;4;-0.707107, 0.707107, 0.000000, 0.000000;;,
      9;4;-0.707107, 0.707107, 0.000000, 0.000000;;,
      10;4;-0.707107, 0.707107, 0.000000, 0.000000;;,
      11;4;-0.707107, 0.707107, 0.000000, 0.000000;;,
      12;4;-0.707107, 0.707107, 0.000000, 0.000000;;,
      13;4;-0.707107, 0.707107, 0.000000, 0.000000;;,
      14;4;-0.707107, 0.707107, 0.000000, 0.000000;;,
      15;4;-0.707107, 0.707107, 0.000000, 0.000000;;,
      16;4;-0.707107, 0.707107, 0.000000, 0.000000;;,
      17;4;-0.707107, 0.707107, 0.000000, 0.000000;;,
      18;4;-0.707107, 0.707107, 0.000000, 0.000000;;,
      19;4;-0.707107, 0.707107, 0.000000, 0.000000;;,
      20;4;-0.707107, 0.707107, 0.000000, 0.000000;;,
      21;4;-0.707107, 0.707107, 0.000000, 0.000000;;,
      22;4;-0.707107, 0.707107, 0.000000, 0.000000;;,
      23;4;-0.707107, 0.707107, 0.000000, 0.000000;;,
      24;4;-0.707107, 0.707107, 0.000000, 0.000000;;,
      25;4;-0.707107, 0.707107, 0.000000, 0.000000;;,
      26;4;-0.707107, 0.707107, 0.000000, 0.000000;;;
    }
    AnimationKey { // Scale
      1;
      27;
      0;3; 0.010000, 0.010000, 0.010000;;,
      1;3; 0.010000, 0.010000, 0.010000;;,
      2;3; 0.010000, 0.010000, 0.010000;;,
      3;3; 0.010000, 0.010000, 0.010000;;,
      4;3; 0.010000, 0.010000, 0.010000;;,
      5;3; 0.010000, 0.010000, 0.010000;;,
      6;3; 0.010000, 0.010000, 0.010000;;,
      7;3; 0.010000, 0.010000, 0.010000;;,
      8;3; 0.010000, 0.010000, 0.010000;;,
      9;3; 0.010000, 0.010000, 0.010000;;,
      10;3; 0.010000, 0.010000, 0.010000;;,
      11;3; 0.010000, 0.010000, 0.010000;;,
      12;3; 0.010000, 0.010000, 0.010000;;,
      13;3; 0.010000, 0.010000, 0.010000;;,
      14;3; 0.010000, 0.010000, 0.010000;;,
      15;3; 0.010000, 0.010000, 0.010000;;,
      16;3; 0.010000, 0.010000, 0.010000;;,
      17;3; 0.010000, 0.010000, 0.010000;;,
      18;3; 0.010000, 0.010000, 0.010000;;,
      19;3; 0.010000, 0.010000, 0.010000;;,
      20;3; 0.010000, 0.010000, 0.010000;;,
      21;3; 0.010000, 0.010000, 0.010000;;,
      22;3; 0.010000, 0.010000, 0.010000;;,
      23;3; 0.010000, 0.010000, 0.010000;;,
      24;3; 0.010000, 0.010000, 0.010000;;,
      25;3; 0.010000, 0.010000, 0.010000;;,
      26;3; 0.010000, 0.010000, 0.010000;;;
    }
    AnimationKey { // Position
      2;
      27;
      0;3; 0.000000, 0.000000, 0.000000;;,
      1;3; 0.000000, 0.000000, 0.000000;;,
      2;3; 0.000000, 0.000000, 0.000000;;,
      3;3; 0.000000, 0.000000, 0.000000;;,
      4;3; 0.000000, 0.000000, 0.000000;;,
      5;3; 0.000000, 0.000000, 0.000000;;,
      6;3; 0.000000, 0.000000, 0.000000;;,
      7;3; 0.000000, 0.000000, 0.000000;;,
      8;3; 0.000000, 0.000000, 0.000000;;,
      9;3; 0.000000, 0.000000, 0.000000;;,
      10;3; 0.000000, 0.000000, 0.000000;;,
      11;3; 0.000000, 0.000000, 0.000000;;,
      12;3; 0.000000, 0.000000, 0.000000;;,
      13;3; 0.000000, 0.000000, 0.000000;;,
      14;3; 0.000000, 0.000000, 0.000000;;,
      15;3; 0.000000, 0.000000, 0.000000;;,
      16;3; 0.000000, 0.000000, 0.000000;;,
      17;3; 0.000000, 0.000000, 0.000000;;,
      18;3; 0.000000, 0.000000, 0.000000;;,
      19;3; 0.000000, 0.000000, 0.000000;;,
      20;3; 0.000000, 0.000000, 0.000000;;,
      21;3; 0.000000, 0.000000, 0.000000;;,
      22;3; 0.000000, 0.000000, 0.000000;;,
      23;3; 0.000000, 0.000000, 0.000000;;,
      24;3; 0.000000, 0.000000, 0.000000;;,
      25;3; 0.000000, 0.000000, 0.000000;;,
      26;3; 0.000000, 0.000000, 0.000000;;;
    }
  }
  Animation {
    {Armature_root}
    AnimationKey { // Rotation
      0;
      27;
      0;4;-1.000000,-0.000000, 0.000000, 0.000000;;,
      1;4;-1.000000,-0.000000, 0.000000, 0.000000;;,
      2;4;-1.000000,-0.000000, 0.000000, 0.000000;;,
      3;4;-1.000000,-0.000000, 0.000000, 0.000000;;,
      4;4;-1.000000,-0.000000, 0.000000, 0.000000;;,
      5;4;-1.000000,-0.000000, 0.000000, 0.000000;;,
      6;4;-1.000000,-0.000000, 0.000000, 0.000000;;,
      7;4;-1.000000,-0.000000, 0.000000, 0.000000;;,
      8;4;-1.000000,-0.000000, 0.000000, 0.000000;;,
      9;4;-1.000000,-0.000000, 0.000000, 0.000000;;,
      10;4;-1.000000,-0.000000, 0.000000, 0.000000;;,
      11;4;-1.000000,-0.000000, 0.000000, 0.000000;;,
      12;4;-1.000000,-0.000000, 0.000000, 0.000000;;,
      13;4;-1.000000,-0.000000, 0.000000, 0.000000;;,
      14;4;-1.000000,-0.000000, 0.000000, 0.000000;;,
      15;4;-1.000000,-0.000000, 0.000000, 0.000000;;,
      16;4;-1.000000,-0.000000, 0.000000, 0.000000;;,
      17;4;-1.000000,-0.000000, 0.000000, 0.000000;;,
      18;4;-1.000000,-0.000000, 0.000000, 0.000000;;,
      19;4;-1.000000,-0.000000, 0.000000, 0.000000;;,
      20;4;-1.000000,-0.000000, 0.000000, 0.000000;;,
      21;4;-1.000000,-0.000000, 0.000000, 0.000000;;,
      22;4;-1.000000,-0.000000, 0.000000, 0.000000;;,
      23;4;-1.000000,-0.000000, 0.000000, 0.000000;;,
      24;4;-1.000000,-0.000000, 0.000000, 0.000000;;,
      25;4;-1.000000,-0.000000, 0.000000, 0.000000;;,
      26;4;-1.000000,-0.000000, 0.000000, 0.000000;;;
    }
    AnimationKey { // Scale
      1;
      27;
      0;3; 1.000000, 1.000000, 1.000000;;,
      1;3; 1.000000, 1.000000, 1.000000;;,
      2;3; 1.000000, 1.000000, 1.000000;;,
      3;3; 1.000000, 1.000000, 1.000000;;,
      4;3; 1.000000, 1.000000, 1.000000;;,
      5;3; 1.000000, 1.000000, 1.000000;;,
      6;3; 1.000000, 1.000000, 1.000000;;,
      7;3; 1.000000, 1.000000, 1.000000;;,
      8;3; 1.000000, 1.000000, 1.000000;;,
      9;3; 1.000000, 1.000000, 1.000000;;,
      10;3; 1.000000, 1.000000, 1.000000;;,
      11;3; 1.000000, 1.000000, 1.000000;;,
      12;3; 1.000000, 1.000000, 1.000000;;,
      13;3; 1.000000, 1.000000, 1.000000;;,
      14;3; 1.000000, 1.000000, 1.000000;;,
      15;3; 1.000000, 1.000000, 1.000000;;,
      16;3; 1.000000, 1.000000, 1.000000;;,
      17;3; 1.000000, 1.000000, 1.000000;;,
      18;3; 1.000000, 1.000000, 1.000000;;,
      19;3; 1.000000, 1.000000, 1.000000;;,
      20;3; 1.000000, 1.000000, 1.000000;;,
      21;3; 1.000000, 1.000000, 1.000000;;,
      22;3; 1.000000, 1.000000, 1.000000;;,
      23;3; 1.000000, 1.000000, 1.000000;;,
      24;3; 1.000000, 1.000000, 1.000000;;,
      25;3; 1.000000, 1.000000, 1.000000;;,
      26;3; 1.000000, 1.000000, 1.000000;;;
    }
    AnimationKey { // Position
      2;
      27;
      0;3; 0.000000, 0.000000, 0.000000;;,
      1;3; 0.000000, 0.000000, 0.000000;;,
      2;3; 0.000000, 0.000000, 0.000000;;,
      3;3; 0.000000, 0.000000, 0.000000;;,
      4;3; 0.000000, 0.000000, 0.000000;;,
      5;3; 0.000000, 0.000000, 0.000000;;,
      6;3; 0.000000, 0.000000, 0.000000;;,
      7;3; 0.000000, 0.000000, 0.000000;;,
      8;3; 0.000000, 0.000000, 0.000000;;,
      9;3; 0.000000, 0.000000, 0.000000;;,
      10;3; 0.000000, 0.000000, 0.000000;;,
      11;3; 0.000000, 0.000000, 0.000000;;,
      12;3; 0.000000, 0.000000, 0.000000;;,
      13;3; 0.000000, 0.000000, 0.000000;;,
      14;3; 0.000000, 0.000000, 0.000000;;,
      15;3; 0.000000, 0.000000, 0.000000;;,
      16;3; 0.000000, 0.000000, 0.000000;;,
      17;3; 0.000000, 0.000000, 0.000000;;,
      18;3; 0.000000, 0.000000, 0.000000;;,
      19;3; 0.000000, 0.000000, 0.000000;;,
      20;3; 0.000000, 0.000000, 0.000000;;,
      21;3; 0.000000, 0.000000, 0.000000;;,
      22;3; 0.000000, 0.000000, 0.000000;;,
      23;3; 0.000000, 0.000000, 0.000000;;,
      24;3; 0.000000, 0.000000, 0.000000;;,
      25;3; 0.000000, 0.000000, 0.000000;;,
      26;3; 0.000000, 0.000000, 0.000000;;;
    }
  }
  Animation {
    {Armature_pelvis}
    AnimationKey { // Rotation
      0;
      27;
      0;4;-0.558485, 0.475624, 0.295494, 0.612013;;,
      1;4;-0.513997, 0.519150, 0.268377, 0.627905;;,
      2;4;-0.462637, 0.562180, 0.230609, 0.645555;;,
      3;4;-0.391730, 0.609459, 0.173460, 0.667097;;,
      4;4;-0.308986, 0.653291, 0.101713, 0.683661;;,
      5;4;-0.226205, 0.684511, 0.027146, 0.692488;;,
      6;4;-0.161135, 0.701188,-0.030544, 0.693857;;,
      7;4;-0.104456, 0.703947,-0.077904, 0.698197;;,
      8;4;-0.051301, 0.698706,-0.109751, 0.705076;;,
      9;4;-0.005086, 0.692823,-0.137254, 0.707907;;,
      10;4; 0.032564, 0.685749,-0.170406, 0.706859;;,
      11;4; 0.069308, 0.678172,-0.206218, 0.701964;;,
      12;4; 0.100149, 0.667434,-0.258843, 0.691015;;,
      13;4; 0.118835, 0.651680,-0.322794, 0.676015;;,
      14;4; 0.126872, 0.630240,-0.387266, 0.660853;;,
      15;4; 0.128078, 0.606516,-0.452617, 0.640993;;,
      16;4; 0.121265, 0.583728,-0.518875, 0.612638;;,
      17;4; 0.117124, 0.563105,-0.580466, 0.576415;;,
      18;4; 0.121335, 0.544129,-0.640425, 0.528259;;,
      19;4; 0.119217, 0.516329,-0.701372, 0.476728;;,
      20;4; 0.120569, 0.490116,-0.758736, 0.411787;;,
      21;4; 0.137640, 0.455532,-0.816700, 0.326414;;,
      22;4; 0.171294, 0.392790,-0.876948, 0.217571;;,
      23;4; 0.207713, 0.316616,-0.920100, 0.100124;;,
      24;4; 0.239662, 0.253593,-0.937144,-0.003646;;,
      25;4; 0.270670, 0.212536,-0.933028,-0.105001;;,
      26;4; 0.317870, 0.221215,-0.899090,-0.204107;;;
    }
    AnimationKey { // Scale
      1;
      27;
      0;3; 1.000000, 1.000000, 1.000000;;,
      1;3; 1.000000, 1.000000, 1.000000;;,
      2;3; 1.000000, 1.000000, 1.000000;;,
      3;3; 1.000000, 1.000000, 1.000000;;,
      4;3; 1.000000, 1.000000, 1.000000;;,
      5;3; 1.000000, 1.000000, 1.000000;;,
      6;3; 1.000000, 1.000000, 1.000000;;,
      7;3; 1.000000, 1.000000, 1.000000;;,
      8;3; 1.000000, 1.000000, 1.000000;;,
      9;3; 1.000000, 1.000000, 1.000000;;,
      10;3; 1.000000, 1.000000, 1.000000;;,
      11;3; 1.000000, 1.000000, 1.000000;;,
      12;3; 1.000000, 1.000000, 1.000000;;,
      13;3; 1.000000, 1.000000, 1.000000;;,
      14;3; 1.000000, 1.000000, 1.000000;;,
      15;3; 1.000000, 1.000000, 1.000000;;,
      16;3; 1.000000, 1.000000, 1.000000;;,
      17;3; 1.000000, 1.000000, 1.000000;;,
      18;3; 1.000000, 1.000000, 1.000000;;,
