xof 0303txt 0032

template XSkinMeshHeader {
  <3cf169ce-ff7c-44ab-93c0-f78f62d172e2>
  WORD nMaxSkinWeightsPerVertex;
  WORD nMaxSkinWeightsPerFace;
  WORD nBones;
}

template SkinWeights {
  <6f0d123b-bad2-4167-a0d0-80224f25fabb>
  STRING transformNodeName;
  DWORD nWeights;
  array DWORD vertexIndices[nWeights];
  array float weights[nWeights];
  Matrix4x4 matrixOffset;
}

Frame Root {
  FrameTransformMatrix {
     1.000000, 0.000000, 0.000000, 0.000000,
     0.000000,-0.000000, 1.000000, 0.000000,
     0.000000, 1.000000, 0.000000, 0.000000,
     0.000000, 0.000000, 0.000000, 1.000000;;
  }
  Frame Armature {
    FrameTransformMatrix {
       0.010000, 0.000000, 0.000000, 0.000000,
       0.000000,-0.000000, 0.010000, 0.000000,
       0.000000,-0.010000,-0.000000, 0.000000,
       0.000000, 0.000000, 0.000000, 1.000000;;
    }
    Frame Armature_root {
      FrameTransformMatrix {
         1.000000, 0.000000, 0.000000, 0.000000,
         0.000000, 1.000000, 0.000000, 0.000000,
         0.000000, 0.000000, 1.000000, 0.000000,
         0.000000, 0.000013, 0.000000, 1.000000;;
      }
      Frame Armature_ik_foot_root {
        FrameTransformMatrix {
           1.000000, 0.000000, 0.000000, 0.000000,
           0.000000, 1.000000, 0.000000, 0.000000,
           0.000000, 0.000000, 1.000000, 0.000000,
           0.000000, 0.000000, 0.000000, 1.000000;;
        }
        Frame Armature_ik_foot_l {
          FrameTransformMatrix {
             0.192232, 0.063187, 0.979313, 0.000000,
            -0.968278,-0.150122, 0.199752, 0.000000,
             0.159638,-0.986646, 0.032324, 0.000000,
             8.213382,48.150425,-12.666871, 1.000000;;
          }
        } // End of Armature_ik_foot_l
        Frame Armature_ik_foot_r {
          FrameTransformMatrix {
             0.062038,-0.936262,-0.345781, 0.000000,
            -0.983023, 0.002622,-0.183467, 0.000000,
             0.172680, 0.351292,-0.920204, 0.000000,
            -4.145745,18.288471,-34.032391, 1.000000;;
          }
        } // End of Armature_ik_foot_r
      } // End of Armature_ik_foot_root
      Frame Armature_ik_hand_root {
        FrameTransformMatrix {
           1.000000, 0.000000, 0.000000, 0.000000,
           0.000000, 1.000000, 0.000000, 0.000000,
           0.000000, 0.000000, 1.000000, 0.000000,
           0.000000, 0.000000, 0.000000, 1.000000;;
        }
        Frame Armature_ik_hand_gun {
          FrameTransformMatrix {
            -0.202215,-0.318148,-0.926224, 0.000000,
             0.859362,-0.511226,-0.012017, 0.000000,
            -0.469687,-0.798392, 0.376782, 0.000000,
            -23.610798,105.991440,61.580509, 1.000000;;
          }
          Frame Armature_ik_hand_l {
            FrameTransformMatrix {
               0.173738, 0.724280, 0.667258, 0.000000,
              -0.676937, 0.579938,-0.453241, 0.000000,
              -0.715242,-0.372947, 0.591049, 0.000000,
              40.210533,51.524208,-48.418537, 1.000000;;
            }
          } // End of Armature_ik_hand_l
          Frame Armature_ik_hand_r {
            FrameTransformMatrix {
               1.000000,-0.000001, 0.000000, 0.000000,
               0.000001, 1.000000,-0.000000, 0.000000,
               0.000000, 0.000000, 1.000000, 0.000000,
              -0.000045,-0.000012, 0.000010, 1.000000;;
            }
          } // End of Armature_ik_hand_r
        } // End of Armature_ik_hand_gun
      } // End of Armature_ik_hand_root
      Frame Armature_pelvis {
        FrameTransformMatrix {
           0.158243, 0.900925, 0.404095, 0.000000,
           0.019103,-0.411968, 0.910998, 0.000000,
           0.987215,-0.136440,-0.082401, 0.000000,
          -0.169807,87.306923, 2.767121, 1.000000;;
        }
        Frame Armature_spine_01 {
          FrameTransformMatrix {
             0.288513,-0.956418,-0.044997, 0.000000,
             0.935226, 0.291570,-0.200847, 0.000000,
             0.205213, 0.015864, 0.978589, 0.000000,
            10.808885, 0.851424,-0.000000, 1.000000;;
          }
          Frame Armature_spine_02 {
            FrameTransformMatrix {
               0.995219,-0.047370,-0.085411, 0.000000,
               0.044921, 0.998529,-0.030378, 0.000000,
               0.086725, 0.026396, 0.995883, 0.000000,
               3.785612,18.846472, 0.328284, 1.000000;;
            }
            Frame Armature_spine_03 {
              FrameTransformMatrix {
                 0.991248, 0.096084,-0.090533, 0.000000,
                -0.096651, 0.995317,-0.001887, 0.000000,
                 0.089928, 0.010620, 0.995892, 0.000000,
                 0.415051,13.412327, 0.068849, 1.000000;;
              }
              Frame Armature_clavicle_l {
                FrameTransformMatrix {
                   0.938314, 0.138753,-0.316723, 0.000000,
                   0.323238,-0.026645, 0.945942, 0.000000,
                   0.122813,-0.989968,-0.069852, 0.000000,
                  -2.732075,11.883681, 3.781981, 1.000000;;
                }
                Frame Armature_upperarm_l {
                  FrameTransformMatrix {
                     0.805408, 0.388910,-0.447289, 0.000000,
                     0.115352, 0.637361, 0.761882, 0.000000,
                     0.581388,-0.665222, 0.468474, 0.000000,
                     0.000012,15.784872,-0.000006, 1.000000;;
                  }
                  Frame Armature_lowerarm_l {
                    FrameTransformMatrix {
                       0.182821, 0.983146,-0.000002, 0.000000,
                      -0.983146, 0.182821,-0.000000, 0.000000,
                       0.000000, 0.000002, 1.000000, 0.000000,
                      -0.000022,30.339869, 0.000028, 1.000000;;
                    }
                    Frame Armature_hand_l {
                      FrameTransformMatrix {
                         0.011332, 0.128797, 0.991606, 0.000000,
                         0.039593, 0.990834,-0.129149, 0.000000,
                        -0.999152, 0.040724, 0.006129, 0.000000,
                        -0.000011,26.975145,-0.000002, 1.000000;;
                      }
                      Frame Armature_index_01_l {
                        FrameTransformMatrix {
                           0.743790,-0.626016,-0.234266, 0.000000,
                           0.616256, 0.777983,-0.122359, 0.000000,
                           0.258854,-0.053358, 0.964441, 0.000000,
                           1.763458,12.068109, 2.109402, 1.000000;;
                        }
                        Frame Armature_index_02_l {
                          FrameTransformMatrix {
                             0.904649,-0.425648,-0.020840, 0.000000,
                             0.425449, 0.904883,-0.013410, 0.000000,
                             0.024566, 0.003265, 0.999693, 0.000000,
                            -0.000001, 4.287485,-0.000002, 1.000000;;
                          }
                          Frame Armature_index_03_l {
                            FrameTransformMatrix {
                               0.997664,-0.064222,-0.023292, 0.000000,
                               0.064523, 0.997839, 0.012416, 0.000000,
                               0.022445,-0.013889, 0.999652, 0.000000,
                               0.000012, 3.393798, 0.000001, 1.000000;;
                            }
                          } // End of Armature_index_03_l
                        } // End of Armature_index_02_l
                      } // End of Armature_index_01_l
                      Frame Armature_middle_01_l {
                        FrameTransformMatrix {
                           0.699029,-0.714896, 0.016796, 0.000000,
                           0.710787, 0.692053,-0.125874, 0.000000,
                           0.078363, 0.099928, 0.991904, 0.000000,
                           1.293644,12.244269,-0.571153, 1.000000;;
                        }
                        Frame Armature_middle_02_l {
                          FrameTransformMatrix {
                             0.818062,-0.574591, 0.024901, 0.000000,
                             0.573824, 0.818355, 0.031961, 0.000000,
                            -0.038742,-0.011857, 0.999179, 0.000000,
                             0.000001, 4.640370, 0.000000, 1.000000;;
                          }
                          Frame Armature_middle_03_l {
                            FrameTransformMatrix {
                               0.991632,-0.127964, 0.017075, 0.000000,
                               0.128898, 0.988753,-0.075844, 0.000000,
                              -0.007178, 0.077410, 0.996973, 0.000000,
                              -0.000009, 3.648845,-0.000000, 1.000000;;
                            }
                          } // End of Armature_middle_03_l
                        } // End of Armature_middle_02_l
                      } // End of Armature_middle_01_l
                      Frame Armature_pinky_01_l {
                        FrameTransformMatrix {
                           0.582280,-0.687821, 0.433421, 0.000000,
                           0.789193, 0.606253,-0.098144, 0.000000,
                          -0.195257, 0.399200, 0.895832, 0.000000,
                           2.263158,10.140659,-4.643135, 1.000000;;
                        }
                        Frame Armature_pinky_02_l {
                          FrameTransformMatrix {
                             0.702613,-0.711568,-0.002476, 0.000000,
                             0.711211, 0.702363,-0.029417, 0.000000,
                             0.022671, 0.018908, 0.999564, 0.000000,
                             0.000003, 3.570988, 0.000003, 1.000000;;
                          }
                          Frame Armature_pinky_03_l {
                            FrameTransformMatrix {
                               0.817356,-0.574427,-0.044296, 0.000000,
                               0.576095, 0.815758, 0.051507, 0.000000,
                               0.006548,-0.067619, 0.997690, 0.000000,
                               0.000005, 2.985641, 0.000002, 1.000000;;
                            }
                          } // End of Armature_pinky_03_l
                        } // End of Armature_pinky_02_l
                      } // End of Armature_pinky_01_l
                      Frame Armature_ring_01_l {
                        FrameTransformMatrix {
                           0.627462,-0.722008, 0.291540, 0.000000,
                           0.765720, 0.640104,-0.062770, 0.000000,
                          -0.141295, 0.262624, 0.954497, 0.000000,
                           1.753531,11.497886,-2.846895, 1.000000;;
                        }
                        Frame Armature_ring_02_l {
                          FrameTransformMatrix {
                             0.755886,-0.654644, 0.008832, 0.000000,
                             0.654597, 0.755450,-0.028263, 0.000000,
                             0.011830, 0.027145, 0.999561, 0.000000,
                            -0.000001, 4.430176, 0.000001, 1.000000;;
                          }
                          Frame Armature_ring_03_l {
                            FrameTransformMatrix {
                               0.967253,-0.253133,-0.018564, 0.000000,
                               0.253753, 0.966022, 0.049104, 0.000000,
                               0.005504,-0.052206, 0.998621, 0.000000,
                              -0.000000, 3.476648,-0.000001, 1.000000;;
                            }
                          } // End of Armature_ring_03_l
                        } // End of Armature_ring_02_l
                      } // End of Armature_ring_01_l
                      Frame Armature_thumb_01_l {
                        FrameTransformMatrix {
                           0.139149, 0.453054,-0.880557, 0.000000,
                           0.347229, 0.810430, 0.471843, 0.000000,
                           0.927400,-0.371411,-0.044543, 0.000000,
                           2.374978, 4.762032, 2.537823, 1.000000;;
                        }
                        Frame Armature_thumb_02_l {
                          FrameTransformMatrix {
                             0.963380,-0.266513,-0.029507, 0.000000,
                             0.267573, 0.948336, 0.170482, 0.000000,
                            -0.017453,-0.172135, 0.984919, 0.000000,
                            -0.000001, 3.869677,-0.000001, 1.000000;;
                          }
                          Frame Armature_thumb_03_l {
                            FrameTransformMatrix {
                               0.988867,-0.142636,-0.042388, 0.000000,
                               0.142467, 0.989775,-0.006992, 0.000000,
                               0.042952, 0.000875, 0.999077, 0.000000,
                               0.000001, 4.062180, 0.000000, 1.000000;;
                            }
                          } // End of Armature_thumb_03_l
                        } // End of Armature_thumb_02_l
                      } // End of Armature_thumb_01_l
                    } // End of Armature_hand_l
                    Frame Armature_lowerarm_twist_01_l {
                      FrameTransformMatrix {
                         0.999996, 0.000001,-0.002934, 0.000000,
                        -0.000000, 1.000000,-0.000000, 0.000000,
                         0.002934, 0.000000, 0.999996, 0.000000,
                         0.000007,13.999996, 0.000009, 1.000000;;
                      }
                    } // End of Armature_lowerarm_twist_01_l
                  } // End of Armature_lowerarm_l
                  Frame Armature_upperarm_twist_01_l {
                    FrameTransformMatrix {
                       0.928114,-0.000000, 0.372296, 0.000000,
                      -0.000001, 1.000000, 0.000002, 0.000000,
                      -0.372296,-0.000003, 0.928114, 0.000000,
                       0.000015, 0.499940,-0.000042, 1.000000;;
                    }
                  } // End of Armature_upperarm_twist_01_l
                } // End of Armature_upperarm_l
              } // End of Armature_clavicle_l
              Frame Armature_clavicle_r {
                FrameTransformMatrix {
                  -0.921231,-0.142092,-0.362137, 0.000000,
                   0.368252,-0.018464,-0.929542, 0.000000,
                   0.125394,-0.989681, 0.069335, 0.000000,
                  -2.732101,11.883809,-3.782005, 1.000000;;
                }
                Frame Armature_upperarm_r {
                  FrameTransformMatrix {
                     0.551661,-0.554639,-0.622933, 0.000000,
                     0.829166, 0.445543, 0.337602, 0.000000,
                     0.090295,-0.702757, 0.705677, 0.000000,
                    -0.000003,15.784744,-0.000003, 1.000000;;
                  }
                  Frame Armature_lowerarm_r {
                    FrameTransformMatrix {
                      -0.123487,-0.992346, 0.000001, 0.000000,
                       0.992346,-0.123487, 0.000021, 0.000000,
                      -0.000021, 0.000004, 1.000000, 0.000000,
                       0.000131,30.340055,-0.000090, 1.000000;;
                    }
                    Frame Armature_hand_r {
                      FrameTransformMatrix {
                        -0.130367,-0.922082, 0.364375, 0.000000,
                        -0.009610, 0.368669, 0.929511, 0.000000,
                        -0.991419, 0.117676,-0.056924, 0.000000,
                         0.000006,26.975250, 0.000004, 1.000000;;
                      }
                      Frame Armature_index_01_r {
                        FrameTransformMatrix {
                          -0.623694,-0.745623,-0.234634, 0.000000,
                          -0.779846, 0.614035, 0.121663, 0.000000,
                           0.053359, 0.258859,-0.964440, 0.000000,
                          -12.067954, 1.763742,-2.109432, 1.000000;;
                        }
                        Frame Armature_index_02_r {
                          FrameTransformMatrix {
                             0.905914, 0.422946, 0.020879, 0.000000,
                            -0.422748, 0.906149,-0.013344, 0.000000,
                            -0.024563, 0.003262, 0.999693, 0.000000,
                             0.000084, 4.287691,-0.000070, 1.000000;;
                          }
                          Frame Armature_index_03_r {
                            FrameTransformMatrix {
                               0.997852, 0.061241, 0.023252, 0.000000,
                              -0.061542, 0.998026, 0.012482, 0.000000,
                              -0.022442,-0.013886, 0.999652, 0.000000,
                               0.000116, 3.393791,-0.000004, 1.000000;;
                            }
                          } // End of Armature_index_03_r
                        } // End of Armature_index_02_r
                      } // End of Armature_index_01_r
                      Frame Armature_middle_01_r {
                        FrameTransformMatrix {
                          -0.778364,-0.627149, 0.028864, 0.000000,
                          -0.619809, 0.774946, 0.123667, 0.000000,
                          -0.099926, 0.078368,-0.991904, 0.000000,
                          -12.244118, 1.293745, 0.571126, 1.000000;;
                        }
                        Frame Armature_middle_02_r {
                          FrameTransformMatrix {
                             0.758852, 0.650901,-0.021704, 0.000000,
                            -0.650109, 0.759070, 0.034218, 0.000000,
                             0.038747,-0.011856, 0.999179, 0.000000,
                            -0.000130, 4.640566, 0.000014, 1.000000;;
                          }
                          Frame Armature_middle_03_r {
                            FrameTransformMatrix {
                               0.974561, 0.222799,-0.024335, 0.000000,
                              -0.224008, 0.971786,-0.073844, 0.000000,
                               0.007196, 0.077417, 0.996973, 0.000000,
                               0.000006, 3.648923, 0.000011, 1.000000;;
                            }
                          } // End of Armature_middle_03_r
                        } // End of Armature_middle_02_r
                      } // End of Armature_middle_01_r
                      Frame Armature_pinky_01_r {
                        FrameTransformMatrix {
                          -0.868700,-0.231947, 0.437676, 0.000000,
                          -0.293247, 0.952928,-0.077031, 0.000000,
                          -0.399207,-0.195264,-0.895827, 0.000000,
                          -10.140598, 2.263382, 4.643094, 1.000000;;
                        }
                        Frame Armature_pinky_02_r {
                          FrameTransformMatrix {
                             0.373056, 0.927764,-0.009074, 0.000000,
                            -0.927531, 0.372687,-0.028099, 0.000000,
                            -0.022688, 0.018899, 0.999564, 0.000000,
                            -0.000007, 3.571070, 0.000001, 1.000000;;
                          }
                          Frame Armature_pinky_03_r {
                            FrameTransformMatrix {
                               0.531138, 0.845104, 0.060757, 0.000000,
                              -0.847260, 0.530308, 0.030387, 0.000000,
                              -0.006540,-0.067617, 0.997690, 0.000000,
                               0.000310, 2.985501,-0.000034, 1.000000;;
                            }
                          } // End of Armature_pinky_03_r
                        } // End of Armature_pinky_02_r
                      } // End of Armature_pinky_01_r
                      Frame Armature_ring_01_r {
                        FrameTransformMatrix {
                          -0.861566,-0.411046, 0.297902, 0.000000,
                          -0.434434, 0.900599,-0.013781, 0.000000,
                          -0.262626,-0.141291,-0.954497, 0.000000,
                          -11.497999, 1.753788, 2.846910, 1.000000;;
                        }
                        Frame Armature_ring_02_r {
                          FrameTransformMatrix {
                             0.563589, 0.825905,-0.015753, 0.000000,
                            -0.825970, 0.563156,-0.025071, 0.000000,
                            -0.011835, 0.027141, 0.999562, 0.000000,
                             0.000067, 4.429866,-0.000017, 1.000000;;
                          }
                          Frame Armature_ring_03_r {
                            FrameTransformMatrix {
                               0.870343, 0.491501, 0.030486, 0.000000,
                              -0.492415, 0.869311, 0.042740, 0.000000,
                              -0.005495,-0.052210, 0.998621, 0.000000,
                               0.000070, 3.476661, 0.000004, 1.000000;;
                            }
                          } // End of Armature_ring_03_r
                        } // End of Armature_ring_02_r
                      } // End of Armature_ring_01_r
                      Frame Armature_thumb_01_r {
                        FrameTransformMatrix {
                           0.473477,-0.143499,-0.869038, 0.000000,
                          -0.781748, 0.386120,-0.489676, 0.000000,
                           0.405821, 0.911219, 0.070639, 0.000000,
                          -4.762136, 2.375122,-2.537810, 1.000000;;
                        }
                        Frame Armature_thumb_02_r {
                          FrameTransformMatrix {
                             0.923387, 0.380580, 0.050159, 0.000000,
                            -0.383474, 0.908586, 0.165588, 0.000000,
                             0.017446,-0.172136, 0.984919, 0.000000,
                             0.000132, 3.869565, 0.000058, 1.000000;;
                          }
                          Frame Armature_thumb_03_r {
                            FrameTransformMatrix {
                               0.995617,-0.083116, 0.042871, 0.000000,
                               0.083077, 0.996540, 0.002701, 0.000000,
                              -0.042947, 0.000873, 0.999077, 0.000000,
                               0.000004, 4.062188, 0.000008, 1.000000;;
                            }
                          } // End of Armature_thumb_03_r
                        } // End of Armature_thumb_02_r
                      } // End of Armature_thumb_01_r
                      Frame Armature_weapon_r {
                        FrameTransformMatrix {
                          -0.005192, 0.815226, 0.579120, 0.000000,
                           0.978448, 0.123692,-0.165348, 0.000000,
                          -0.206429, 0.565780,-0.798298, 0.000000,
                          30.310783,46.078384,-20.929819, 1.000000;;
                        }
                      } // End of Armature_weapon_r
                    } // End of Armature_hand_r
                    Frame Armature_lowerarm_twist_01_r {
                      FrameTransformMatrix {
                         0.972819,-0.000000,-0.231566, 0.000000,
                         0.000000, 1.000000, 0.000000, 0.000000,
                         0.231566,-0.000000, 0.972819, 0.000000,
                         0.000029,14.000011,-0.000004, 1.000000;;
                      }
                    } // End of Armature_lowerarm_twist_01_r
                  } // End of Armature_lowerarm_r
                  Frame Armature_upperarm_twist_01_r {
                    FrameTransformMatrix {
                       0.952143,-0.000006, 0.305654, 0.000000,
                       0.000007, 1.000000,-0.000005, 0.000000,
                      -0.305654, 0.000007, 0.952143, 0.000000,
                      -0.000101, 0.499991, 0.000046, 1.000000;;
                    }
                  } // End of Armature_upperarm_twist_01_r
                } // End of Armature_upperarm_r
              } // End of Armature_clavicle_r
              Frame Armature_neck_01 {
                FrameTransformMatrix {
                   0.882293, 0.467978, 0.050555, 0.000000,
                  -0.469601, 0.882477, 0.026631, 0.000000,
                  -0.032151,-0.047237, 0.998366, 0.000000,
                  -0.355318,16.558798,-0.000003, 1.000000;;
                }
                Frame Armature_head {
                  FrameTransformMatrix {
                     0.616246,-0.781219, 0.099689, 0.000000,
                     0.779539, 0.623080, 0.063945, 0.000000,
                    -0.112069, 0.038305, 0.992962, 0.000000,
                     0.364158, 9.283614, 0.000003, 1.000000;;
                  }
                } // End of Armature_head
              } // End of Armature_neck_01
            } // End of Armature_spine_03
          } // End of Armature_spine_02
        } // End of Armature_spine_01
        Frame Armature_sword_holder {
          FrameTransformMatrix {
            -0.636399, 0.563938, 0.526279, 0.000000,
            -0.615232,-0.782641, 0.094678, 0.000000,
             0.465280,-0.263530, 0.845025, 0.000000,
            14.130816,19.789566,17.467283, 1.000000;;
          }
        } // End of Armature_sword_holder
        Frame Armature_thigh_l {
          FrameTransformMatrix {
            -0.887534,-0.453031,-0.083944, 0.000000,
            -0.460163, 0.862447, 0.210795, 0.000000,
            -0.023100, 0.225716,-0.973919, 0.000000,
            -1.448831, 0.531419, 9.005813, 1.000000;;
          }
          Frame Armature_calf_l {
            FrameTransformMatrix {
              -0.530554,-0.838032, 0.127339, 0.000000,
               0.831826,-0.543633,-0.111936, 0.000000,
               0.163031, 0.046535, 0.985523, 0.000000,
              -0.318758,42.384693, 0.046948, 1.000000;;
            }
            Frame Armature_calf_twist_01_l {
              FrameTransformMatrix {
                 0.998346,-0.015000, 0.055505, 0.000000,
                 0.015236, 0.999877,-0.003824, 0.000000,
                -0.055441, 0.004663, 0.998451, 0.000000,
                -0.000004,20.476784, 0.000002, 1.000000;;
              }
            } // End of Armature_calf_twist_01_l
            Frame Armature_foot_l {
              FrameTransformMatrix {
                -0.007972,-0.999682,-0.023904, 0.000000,
                -0.999329, 0.008819,-0.035544, 0.000000,
                 0.035744, 0.023604,-0.999082, 0.000000,
                 0.000201,40.196712,-0.000058, 1.000000;;
              }
              Frame Armature_ball_l {
                FrameTransformMatrix {
                  -0.032878, 0.999459, 0.000155, 0.000000,
                  -0.999459,-0.032878, 0.000071, 0.000000,
                   0.000076,-0.000153, 1.000000, 0.000000,
                  -10.453835,16.577854,-0.080126, 1.000000;;
                }
              } // End of Armature_ball_l
            } // End of Armature_foot_l
          } // End of Armature_calf_l
          Frame Armature_thigh_twist_01_l {
            FrameTransformMatrix {
               0.975324,-0.000961,-0.220776, 0.000000,
               0.000984, 1.000000,-0.000004, 0.000000,
               0.220776,-0.000213, 0.975325, 0.000000,
               0.000002,22.094244,-0.000001, 1.000000;;
            }
          } // End of Armature_thigh_twist_01_l
        } // End of Armature_thigh_l
        Frame Armature_thigh_r {
          FrameTransformMatrix {
             0.189698, 0.953877,-0.232665, 0.000000,
            -0.954457, 0.234731, 0.184153, 0.000000,
             0.230273, 0.187135, 0.954963, 0.000000,
            -1.448642, 0.531436,-9.005802, 1.000000;;
          }
          Frame Armature_calf_r {
            FrameTransformMatrix {
               0.798312, 0.598754, 0.064734, 0.000000,
              -0.596918, 0.800932,-0.046868, 0.000000,
              -0.079910,-0.001226, 0.996801, 0.000000,
               0.018901,42.455284, 0.003978, 1.000000;;
            }
            Frame Armature_calf_twist_01_r {
              FrameTransformMatrix {
                 0.998261, 0.014992,-0.057014, 0.000000,
                -0.015235, 0.999877,-0.003825, 0.000000,
                 0.056950, 0.004686, 0.998366, 0.000000,
                -0.000004,20.476933,-0.000001, 1.000000;;
              }
            } // End of Armature_calf_twist_01_r
            Frame Armature_foot_r {
              FrameTransformMatrix {
                 0.457118, 0.889359, 0.009109, 0.000000,
                 0.886970,-0.455084,-0.078635, 0.000000,
                -0.065790, 0.044025,-0.996862, 0.000000,
                 0.000379,40.196751,-0.000053, 1.000000;;
              }
              Frame Armature_ball_r {
                FrameTransformMatrix {
                   0.470870,-0.882203,-0.000098, 0.000000,
                   0.882203, 0.470870, 0.000136, 0.000000,
                  -0.000074,-0.000151, 1.000000, 0.000000,
                  10.453826,16.577789,-0.080156, 1.000000;;
                }
              } // End of Armature_ball_r
            } // End of Armature_foot_r
          } // End of Armature_calf_r
          Frame Armature_thigh_twist_01_r {
            FrameTransformMatrix {
               0.976927, 0.000962, 0.213572, 0.000000,
              -0.000984, 1.000000,-0.000003, 0.000000,
              -0.213572,-0.000207, 0.976928, 0.000000,
               0.000011,22.094238, 0.000001, 1.000000;;
            }
          } // End of Armature_thigh_twist_01_r
        } // End of Armature_thigh_r
      } // End of Armature_pelvis
    } // End of Armature_root
  } // End of Armature
} // End of Root
AnimationSet Global {
  Animation {
    {Armature}
    AnimationKey { // Rotation
      0;
      41;
      0;4;-0.707107, 0.707107, 0.000000, 0.000000;;,
      1;4;-0.707107, 0.707107, 0.000000, 0.000000;;,
      2;4;-0.707107, 0.707107, 0.000000, 0.000000;;,
      3;4;-0.707107, 0.707107, 0.000000, 0.000000;;,
      4;4;-0.707107, 0.707107, 0.000000, 0.000000;;,
      5;4;-0.707107, 0.707107, 0.000000, 0.000000;;,
      6;4;-0.707107, 0.707107, 0.000000, 0.000000;;,
      7;4;-0.707107, 0.707107, 0.000000, 0.000000;;,
      8;4;-0.707107, 0.707107, 0.000000, 0.000000;;,
      9;4;-0.707107, 0.707107, 0.000000, 0.000000;;,
      10;4;-0.707107, 0.707107, 0.000000, 0.000000;;,
      11;4;-0.707107, 0.707107, 0.000000, 0.000000;;,
      12;4;-0.707107, 0.707107, 0.000000, 0.000000;;,
      13;4;-0.707107, 0.707107, 0.000000, 0.000000;;,
      14;4;-0.707107, 0.707107, 0.000000, 0.000000;;,
      15;4;-0.707107, 0.707107, 0.000000, 0.000000;;,
      16;4;-0.707107, 0.707107, 0.000000, 0.000000;;,
      17;4;-0.707107, 0.707107, 0.000000, 0.000000;;,
      18;4;-0.707107, 0.707107, 0.000000, 0.000000;;,
      19;4;-0.707107, 0.707107, 0.000000, 0.000000;;,
      20;4;-0.707107, 0.707107, 0.000000, 0.000000;;,
      21;4;-0.707107, 0.707107, 0.000000, 0.000000;;,
      22;4;-0.707107, 0.707107, 0.000000, 0.000000;;,
      23;4;-0.707107, 0.707107, 0.000000, 0.000000;;,
      24;4;-0.707107, 0.707107, 0.000000, 0.000000;;,
      25;4;-0.707107, 0.707107, 0.000000, 0.000000;;,
      26;4;-0.707107, 0.707107, 0.000000, 0.000000;;,
      27;4;-0.707107, 0.707107, 0.000000, 0.000000;;,
      28;4;-0.707107, 0.707107, 0.000000, 0.000000;;,
      29;4;-0.707107, 0.707107, 0.000000, 0.000000;;,
      30;4;-0.707107, 0.707107, 0.000000, 0.000000;;,
      31;4;-0.707107, 0.707107, 0.000000, 0.000000;;,
      32;4;-0.707107, 0.707107, 0.000000, 0.000000;;,
      33;4;-0.707107, 0.707107, 0.000000, 0.000000;;,
      34;4;-0.707107, 0.707107, 0.000000, 0.000000;;,
      35;4;-0.707107, 0.707107, 0.000000, 0.000000;;,
      36;4;-0.707107, 0.707107, 0.000000, 0.000000;;,
      37;4;-0.707107, 0.707107, 0.000000, 0.000000;;,
      38;4;-0.707107, 0.707107, 0.000000, 0.000000;;,
      39;4;-0.707107, 0.707107, 0.000000, 0.000000;;,
      40;4;-0.707107, 0.707107, 0.000000, 0.000000;;;
    }
    AnimationKey { // Scale
      1;
      41;
      0;3; 0.010000, 0.010000, 0.010000;;,
      1;3; 0.010000, 0.010000, 0.010000;;,
      2;3; 0.010000, 0.010000, 0.010000;;,
      3;3; 0.010000, 0.010000, 0.010000;;,
      4;3; 0.010000, 0.010000, 0.010000;;,
      5;3; 0.010000, 0.010000, 0.010000;;,
      6;3; 0.010000, 0.010000, 0.010000;;,
      7;3; 0.010000, 0.010000, 0.010000;;,
      8;3; 0.010000, 0.010000, 0.010000;;,
      9;3; 0.010000, 0.010000, 0.010000;;,
      10;3; 0.010000, 0.010000, 0.010000;;,
      11;3; 0.010000, 0.010000, 0.010000;;,
      12;3; 0.010000, 0.010000, 0.010000;;,
      13;3; 0.010000, 0.010000, 0.010000;;,
      14;3; 0.010000, 0.010000, 0.010000;;,
      15;3; 0.010000, 0.010000, 0.010000;;,
      16;3; 0.010000, 0.010000, 0.010000;;,
      17;3; 0.010000, 0.010000, 0.010000;;,
      18;3; 0.010000, 0.010000, 0.010000;;,
      19;3; 0.010000, 0.010000, 0.010000;;,
      20;3; 0.010000, 0.010000, 0.010000;;,
      21;3; 0.010000, 0.010000, 0.010000;;,
      22;3; 0.010000, 0.010000, 0.010000;;,
      23;3; 0.010000, 0.010000, 0.010000;;,
      24;3; 0.010000, 0.010000, 0.010000;;,
      25;3; 0.010000, 0.010000, 0.010000;;,
      26;3; 0.010000, 0.010000, 0.010000;;,
      27;3; 0.010000, 0.010000, 0.010000;;,
      28;3; 0.010000, 0.010000, 0.010000;;,
      29;3; 0.010000, 0.010000, 0.010000;;,
      30;3; 0.010000, 0.010000, 0.010000;;,
      31;3; 0.010000, 0.010000, 0.010000;;,
      32;3; 0.010000, 0.010000, 0.010000;;,
      33;3; 0.010000, 0.010000, 0.010000;;,
      34;3; 0.010000, 0.010000, 0.010000;;,
      35;3; 0.010000, 0.010000, 0.010000;;,
      36;3; 0.010000, 0.010000, 0.010000;;,
      37;3; 0.010000, 0.010000, 0.010000;;,
      38;3; 0.010000, 0.010000, 0.010000;;,
      39;3; 0.010000, 0.010000, 0.010000;;,
      40;3; 0.010000, 0.010000, 0.010000;;;
    }
    AnimationKey { // Position
      2;
      41;
      0;3; 0.000000, 0.000000, 0.000000;;,
      1;3; 0.000000, 0.000000, 0.000000;;,
      2;3; 0.000000, 0.000000, 0.000000;;,
      3;3; 0.000000, 0.000000, 0.000000;;,
      4;3; 0.000000, 0.000000, 0.000000;;,
      5;3; 0.000000, 0.000000, 0.000000;;,
      6;3; 0.000000, 0.000000, 0.000000;;,
      7;3; 0.000000, 0.000000, 0.000000;;,
      8;3; 0.000000, 0.000000, 0.000000;;,
      9;3; 0.000000, 0.000000, 0.000000;;,
      10;3; 0.000000, 0.000000, 0.000000;;,
      11;3; 0.000000, 0.000000, 0.000000;;,
      12;3; 0.000000, 0.000000, 0.000000;;,
      13;3; 0.000000, 0.000000, 0.000000;;,
      14;3; 0.000000, 0.000000, 0.000000;;,
      15;3; 0.000000, 0.000000, 0.000000;;,
      16;3; 0.000000, 0.000000, 0.000000;;,
      17;3; 0.000000, 0.000000, 0.000000;;,
      18;3; 0.000000, 0.000000, 0.000000;;,
      19;3; 0.000000, 0.000000, 0.000000;;,
      20;3; 0.000000, 0.000000, 0.000000;;,
      21;3; 0.000000, 0.000000, 0.000000;;,
      22;3; 0.000000, 0.000000, 0.000000;;,
      23;3; 0.000000, 0.000000, 0.000000;;,
      24;3; 0.000000, 0.000000, 0.000000;;,
      25;3; 0.000000, 0.000000, 0.000000;;,
      26;3; 0.000000, 0.000000, 0.000000;;,
      27;3; 0.000000, 0.000000, 0.000000;;,
      28;3; 0.000000, 0.000000, 0.000000;;,
      29;3; 0.000000, 0.000000, 0.000000;;,
      30;3; 0.000000, 0.000000, 0.000000;;,
      31;3; 0.000000, 0.000000, 0.000000;;,
      32;3; 0.000000, 0.000000, 0.000000;;,
      33;3; 0.000000, 0.000000, 0.000000;;,
      34;3; 0.000000, 0.000000, 0.000000;;,
      35;3; 0.000000, 0.000000, 0.000000;;,
      36;3; 0.000000, 0.000000, 0.000000;;,
      37;3; 0.000000, 0.000000, 0.000000;;,
      38;3; 0.000000, 0.000000, 0.000000;;,
      39;3; 0.000000, 0.000000, 0.000000;;,
      40;3; 0.000000, 0.000000, 0.000000;;;
    }
  }
  Animation {
    {Armature_root}
    AnimationKey { // Rotation
      0;
      41;
      0;4;-1.000000, 0.000000, 0.000000, 0.000000;;,
      1;4;-1.000000, 0.000000, 0.000000, 0.000000;;,
      2;4;-1.000000, 0.000000, 0.000000, 0.000000;;,
      3;4;-1.000000, 0.000000, 0.000000, 0.000000;;,
      4;4;-1.000000, 0.000000, 0.000000, 0.000000;;,
      5;4;-1.000000, 0.000000, 0.000000, 0.000000;;,
      6;4;-1.000000, 0.000000, 0.000000, 0.000000;;,
      7;4;-1.000000, 0.000000, 0.000000, 0.000000;;,
      8;4;-1.000000, 0.000000, 0.000000, 0.000000;;,
      9;4;-1.000000, 0.000000, 0.000000, 0.000000;;,
      10;4;-1.000000, 0.000000, 0.000000, 0.000000;;,
      11;4;-1.000000, 0.000000, 0.000000, 0.000000;;,
      12;4;-1.000000, 0.000000, 0.000000, 0.000000;;,
      13;4;-1.000000, 0.000000, 0.000000, 0.000000;;,
      14;4;-1.000000, 0.000000, 0.000000, 0.000000;;,
      15;4;-1.000000, 0.000000, 0.000000, 0.000000;;,
      16;4;-1.000000, 0.000000, 0.000000, 0.000000;;,
      17;4;-1.000000, 0.000000, 0.000000, 0.000000;;,
      18;4;-1.000000, 0.000000, 0.000000, 0.000000;;,
      19;4;-1.000000, 0.000000, 0.000000, 0.000000;;,
      20;4;-1.000000, 0.000000, 0.000000, 0.000000;;,
      21;4;-1.000000, 0.000000, 0.000000, 0.000000;;,
      22;4;-1.000000, 0.000000, 0.000000, 0.000000;;,
      23;4;-1.000000, 0.000000, 0.000000, 0.000000;;,
      24;4;-1.000000, 0.000000, 0.000000, 0.000000;;,
      25;4;-1.000000, 0.000000, 0.000000, 0.000000;;,
      26;4;-1.000000, 0.000000, 0.000000, 0.000000;;,
      27;4;-1.000000, 0.000000, 0.000000, 0.000000;;,
      28;4;-1.000000, 0.000000, 0.000000, 0.000000;;,
      29;4;-1.000000, 0.000000, 0.000000, 0.000000;;,
      30;4;-1.000000, 0.000000, 0.000000, 0.000000;;,
      31;4;-1.000000, 0.000000, 0.000000, 0.000000;;,
      32;4;-1.000000, 0.000000, 0.000000, 0.000000;;,
      33;4;-1.000000, 0.000000, 0.000000, 0.000000;;,
      34;4;-1.000000, 0.000000, 0.000000, 0.000000;;,
      35;4;-1.000000, 0.000000, 0.000000, 0.000000;;,
      36;4;-1.000000, 0.000000, 0.000000, 0.000000;;,
      37;4;-1.000000, 0.000000, 0.000000, 0.000000;;,
      38;4;-1.000000, 0.000000, 0.000000, 0.000000;;,
      39;4;-1.000000, 0.000000, 0.000000, 0.000000;;,
      40;4;-1.000000, 0.000000, 0.000000, 0.000000;;;
    }
    AnimationKey { // Scale
      1;
      41;
      0;3; 1.000000, 1.000000, 1.000000;;,
      1;3; 1.000000, 1.000000, 1.000000;;,
      2;3; 1.000000, 1.000000, 1.000000;;,
      3;3; 1.000000, 1.000000, 1.000000;;,
      4;3; 1.000000, 1.000000, 1.000000;;,
      5;3; 1.000000, 1.000000, 1.000000;;,
      6;3; 1.000000, 1.000000, 1.000000;;,
      7;3; 1.000000, 1.000000, 1.000000;;,
      8;3; 1.000000, 1.000000, 1.000000;;,
      9;3; 1.000000, 1.000000, 1.000000;;,
      10;3; 1.000000, 1.000000, 1.000000;;,
      11;3; 1.000000, 1.000000, 1.000000;;,
      12;3; 1.000000, 1.000000, 1.000000;;,
      13;3; 1.000000, 1.000000, 1.000000;;,
      14;3; 1.000000, 1.000000, 1.000000;;,
      15;3; 1.000000, 1.000000, 1.000000;;,
      16;3; 1.000000, 1.000000, 1.000000;;,
      17;3; 1.000000, 1.000000, 1.000000;;,
      18;3; 1.000000, 1.000000, 1.000000;;,
      19;3; 1.000000, 1.000000, 1.000000;;,
      20;3; 1.000000, 1.000000, 1.000000;;,
      21;3; 1.000000, 1.000000, 1.000000;;,
      22;3; 1.000000, 1.000000, 1.000000;;,
      23;3; 1.000000, 1.000000, 1.000000;;,
      24;3; 1.000000, 1.000000, 1.000000;;,
      25;3; 1.000000, 1.000000, 1.000000;;,
      26;3; 1.000000, 1.000000, 1.000000;;,
      27;3; 1.000000, 1.000000, 1.000000;;,
      28;3; 1.000000, 1.000000, 1.000000;;,
      29;3; 1.000000, 1.000000, 1.000000;;,
      30;3; 1.000000, 1.000000, 1.000000;;,
      31;3; 1.000000, 1.000000, 1.000000;;,
      32;3; 1.000000, 1.000000, 1.000000;;,
      33;3; 1.000000, 1.000000, 1.000000;;,
      34;3; 1.000000, 1.000000, 1.000000;;,
      35;3; 1.000000, 1.000000, 1.000000;;,
      36;3; 1.000000, 1.000000, 1.000000;;,
      37;3; 1.000000, 1.000000, 1.000000;;,
      38;3; 1.000000, 1.000000, 1.000000;;,
      39;3; 1.000000, 1.000000, 1.000000;;,
      40;3; 1.000000, 1.000000, 1.000000;;;
    }
    AnimationKey { // Position
      2;
      41;
      0;3; 0.000000, 0.000013, 0.000000;;,
      1;3; 0.000000, 0.000013, 0.000000;;,
      2;3; 0.000000, 0.000013, 0.000000;;,
      3;3; 0.000000, 0.000013, 0.000000;;,
      4;3; 0.000000, 0.000013, 0.000000;;,
