xof 0303txt 0032

template XSkinMeshHeader {
  <3cf169ce-ff7c-44ab-93c0-f78f62d172e2>
  WORD nMaxSkinWeightsPerVertex;
  WORD nMaxSkinWeightsPerFace;
  WORD nBones;
}

template SkinWeights {
  <6f0d123b-bad2-4167-a0d0-80224f25fabb>
  STRING transformNodeName;
  DWORD nWeights;
  array DWORD vertexIndices[nWeights];
  array float weights[nWeights];
  Matrix4x4 matrixOffset;
}

Frame Root {
  FrameTransformMatrix {
     1.000000, 0.000000, 0.000000, 0.000000,
     0.000000,-0.000000, 1.000000, 0.000000,
     0.000000, 1.000000, 0.000000, 0.000000,
     0.000000, 0.000000, 0.000000, 1.000000;;
  }
  Frame Armature {
    FrameTransformMatrix {
       0.010000, 0.000000, 0.000000, 0.000000,
       0.000000,-0.000000, 0.010000, 0.000000,
       0.000000,-0.010000,-0.000000, 0.000000,
       0.000000, 0.000000, 0.000000, 1.000000;;
    }
    Frame Armature_root {
      FrameTransformMatrix {
         1.000000, 0.000000, 0.000000, 0.000000,
         0.000000, 1.000000,-0.000000, 0.000000,
         0.000000, 0.000000, 1.000000, 0.000000,
         0.000000, 0.000000, 0.000000, 1.000000;;
      }
      Frame Armature_ik_foot_root {
        FrameTransformMatrix {
           1.000000, 0.000000, 0.000000, 0.000000,
           0.000000, 1.000000, 0.000000, 0.000000,
           0.000000,-0.000000, 1.000000, 0.000000,
           0.000000, 0.000000,-0.000000, 1.000000;;
        }
        Frame Armature_ik_foot_l {
          FrameTransformMatrix {
             0.192232, 0.063187, 0.979313, 0.000000,
            -0.968278,-0.150122, 0.199752, 0.000000,
             0.159638,-0.986646, 0.032324, 0.000000,
             8.213383,48.150425,-12.666864, 1.000000;;
          }
        } // End of Armature_ik_foot_l
        Frame Armature_ik_foot_r {
          FrameTransformMatrix {
             0.062038,-0.936262,-0.345781, 0.000000,
            -0.983023, 0.002622,-0.183467, 0.000000,
             0.172680, 0.351292,-0.920204, 0.000000,
            -4.145745,18.288475,-34.032383, 1.000000;;
          }
        } // End of Armature_ik_foot_r
      } // End of Armature_ik_foot_root
      Frame Armature_ik_hand_root {
        FrameTransformMatrix {
           1.000000, 0.000000, 0.000000, 0.000000,
           0.000000, 1.000000, 0.000000, 0.000000,
           0.000000, 0.000000, 1.000000, 0.000000,
           0.000000, 0.000000,-0.000000, 1.000000;;
        }
        Frame Armature_ik_hand_gun {
          FrameTransformMatrix {
             0.025879,-0.060173, 0.997852, 0.000000,
             0.874638, 0.484732, 0.006547, 0.000000,
            -0.484085, 0.872590, 0.065174, 0.000000,
            -46.253639,100.306885,-10.444116, 1.000000;;
          }
          Frame Armature_ik_hand_l {
            FrameTransformMatrix {
               0.146363,-0.224423,-0.963438, 0.000000,
               0.879236,-0.416819, 0.230664, 0.000000,
              -0.453345,-0.880850, 0.136314, 0.000000,
              22.915821,71.216125,-34.965504, 1.000000;;
            }
          } // End of Armature_ik_hand_l
          Frame Armature_ik_hand_r {
            FrameTransformMatrix {
               1.000000,-0.000000,-0.000000, 0.000000,
               0.000000, 1.000000, 0.000000, 0.000000,
               0.000000,-0.000000, 1.000000, 0.000000,
               0.000000,-0.000006,-0.000005, 1.000000;;
            }
          } // End of Armature_ik_hand_r
        } // End of Armature_ik_hand_gun
      } // End of Armature_ik_hand_root
      Frame Armature_pelvis {
        FrameTransformMatrix {
           0.142865, 0.868337, 0.474953, 0.000000,
          -0.143370,-0.456658, 0.878014, 0.000000,
           0.979303,-0.193532, 0.059253, 0.000000,
          -0.169810,87.306908, 2.767119, 1.000000;;
        }
        Frame Armature_spine_01 {
          FrameTransformMatrix {
             0.288512,-0.956418,-0.044997, 0.000000,
             0.935226, 0.291569,-0.200847, 0.000000,
             0.205213, 0.015864, 0.978589, 0.000000,
            10.808872, 0.851417, 0.000002, 1.000000;;
          }
          Frame Armature_spine_02 {
            FrameTransformMatrix {
               0.995219,-0.047370,-0.085411, 0.000000,
               0.044921, 0.998528,-0.030378, 0.000000,
               0.086725, 0.026396, 0.995883, 0.000000,
               3.785591,18.846472, 0.328284, 1.000000;;
            }
            Frame Armature_spine_03 {
              FrameTransformMatrix {
                 0.991247, 0.096086,-0.090533, 0.000000,
                -0.096652, 0.995316,-0.001887, 0.000000,
                 0.089928, 0.010620, 0.995892, 0.000000,
                 0.415046,13.412320, 0.068849, 1.000000;;
              }
              Frame Armature_clavicle_l {
                FrameTransformMatrix {
                   0.938316, 0.138752,-0.316720, 0.000000,
                   0.323235,-0.026648, 0.945943, 0.000000,
                   0.122812,-0.989968,-0.069854, 0.000000,
                  -2.732098,11.883668, 3.781981, 1.000000;;
                }
                Frame Armature_upperarm_l {
                  FrameTransformMatrix {
                     0.858932, 0.313415,-0.404978, 0.000000,
                     0.191123, 0.537491, 0.821326, 0.000000,
                     0.475087,-0.782864, 0.401767, 0.000000,
                     0.000014,15.784855,-0.000005, 1.000000;;
                  }
                  Frame Armature_lowerarm_l {
                    FrameTransformMatrix {
                       0.182821, 0.983146,-0.000005, 0.000000,
                      -0.983146, 0.182821,-0.000000, 0.000000,
                       0.000001, 0.000005, 1.000000, 0.000000,
                      -0.000017,30.339949, 0.000008, 1.000000;;
                    }
                    Frame Armature_hand_l {
                      FrameTransformMatrix {
                         0.011328, 0.128797, 0.991606, 0.000000,
                         0.039594, 0.990834,-0.129149, 0.000000,
                        -0.999152, 0.040725, 0.006125, 0.000000,
                         0.000000,26.975151, 0.000003, 1.000000;;
                      }
                      Frame Armature_index_01_l {
                        FrameTransformMatrix {
                           0.743788,-0.626016,-0.234272, 0.000000,
                           0.616256, 0.777982,-0.122362, 0.000000,
                           0.258860,-0.053360, 0.964440, 0.000000,
                           1.763465,12.068117, 2.109400, 1.000000;;
                        }
                        Frame Armature_index_02_l {
                          FrameTransformMatrix {
                             0.904650,-0.425646,-0.020836, 0.000000,
                             0.425447, 0.904884,-0.013407, 0.000000,
                             0.024560, 0.003264, 0.999693, 0.000000,
                            -0.000002, 4.287490,-0.000001, 1.000000;;
                          }
                          Frame Armature_index_03_l {
                            FrameTransformMatrix {
                               0.997664,-0.064222,-0.023298, 0.000000,
                               0.064523, 0.997839, 0.012413, 0.000000,
                               0.022450,-0.013887, 0.999652, 0.000000,
                              -0.000001, 3.393797, 0.000000, 1.000000;;
                            }
                          } // End of Armature_index_03_l
                        } // End of Armature_index_02_l
                      } // End of Armature_index_01_l
                      Frame Armature_middle_01_l {
                        FrameTransformMatrix {
                           0.699029,-0.714896, 0.016792, 0.000000,
                           0.710786, 0.692053,-0.125877, 0.000000,
                           0.078368, 0.099928, 0.991904, 0.000000,
                           1.293645,12.244280,-0.571161, 1.000000;;
                        }
                        Frame Armature_middle_02_l {
                          FrameTransformMatrix {
                             0.818062,-0.574591, 0.024900, 0.000000,
                             0.573824, 0.818355, 0.031962, 0.000000,
                            -0.038742,-0.011858, 0.999179, 0.000000,
                            -0.000003, 4.640369,-0.000000, 1.000000;;
                          }
                          Frame Armature_middle_03_l {
                            FrameTransformMatrix {
                               0.991632,-0.127963, 0.017073, 0.000000,
                               0.128897, 0.988753,-0.075845, 0.000000,
                              -0.007176, 0.077411, 0.996974, 0.000000,
                              -0.000001, 3.648848,-0.000002, 1.000000;;
                            }
                          } // End of Armature_middle_03_l
                        } // End of Armature_middle_02_l
                      } // End of Armature_middle_01_l
                      Frame Armature_pinky_01_l {
                        FrameTransformMatrix {
                           0.582280,-0.687818, 0.433424, 0.000000,
                           0.789191, 0.606255,-0.098144, 0.000000,
                          -0.195261, 0.399202, 0.895830, 0.000000,
                           2.263156,10.140669,-4.643147, 1.000000;;
                        }
                        Frame Armature_pinky_02_l {
                          FrameTransformMatrix {
                             0.702610,-0.711571,-0.002475, 0.000000,
                             0.711214, 0.702360,-0.029421, 0.000000,
                             0.022674, 0.018912, 0.999564, 0.000000,
                            -0.000003, 3.570982,-0.000003, 1.000000;;
                          }
                          Frame Armature_pinky_03_l {
                            FrameTransformMatrix {
                               0.817359,-0.574424,-0.044300, 0.000000,
                               0.576092, 0.815761, 0.051501, 0.000000,
                               0.006555,-0.067616, 0.997690, 0.000000,
                              -0.000005, 2.985631, 0.000002, 1.000000;;
                            }
                          } // End of Armature_pinky_03_l
                        } // End of Armature_pinky_02_l
                      } // End of Armature_pinky_01_l
                      Frame Armature_ring_01_l {
                        FrameTransformMatrix {
                           0.627465,-0.722009, 0.291533, 0.000000,
                           0.765719, 0.640104,-0.062775, 0.000000,
                          -0.141287, 0.262621, 0.954499, 0.000000,
                           1.753528,11.497888,-2.846913, 1.000000;;
                        }
                        Frame Armature_ring_02_l {
                          FrameTransformMatrix {
                             0.755887,-0.654643, 0.008833, 0.000000,
                             0.654595, 0.755451,-0.028259, 0.000000,
                             0.011827, 0.027143, 0.999562, 0.000000,
                            -0.000004, 4.430180,-0.000003, 1.000000;;
                          }
                          Frame Armature_ring_03_l {
                            FrameTransformMatrix {
                               0.967253,-0.253135,-0.018560, 0.000000,
                               0.253755, 0.966021, 0.049108, 0.000000,
                               0.005498,-0.052209, 0.998621, 0.000000,
                              -0.000004, 3.476663, 0.000000, 1.000000;;
                            }
                          } // End of Armature_ring_03_l
                        } // End of Armature_ring_02_l
                      } // End of Armature_ring_01_l
                      Frame Armature_thumb_01_l {
                        FrameTransformMatrix {
                           0.139141, 0.453055,-0.880557, 0.000000,
                           0.347231, 0.810430, 0.471842, 0.000000,
                           0.927400,-0.371409,-0.044551, 0.000000,
                           2.374984, 4.762033, 2.537821, 1.000000;;
                        }
                        Frame Armature_thumb_02_l {
                          FrameTransformMatrix {
                             0.963380,-0.266512,-0.029516, 0.000000,
                             0.267573, 0.948336, 0.170483, 0.000000,
                            -0.017445,-0.172138, 0.984919, 0.000000,
                             0.000001, 3.869677, 0.000002, 1.000000;;
                          }
                          Frame Armature_thumb_03_l {
                            FrameTransformMatrix {
                               0.988867,-0.142635,-0.042380, 0.000000,
                               0.142466, 0.989775,-0.006991, 0.000000,
                               0.042943, 0.000875, 0.999077, 0.000000,
                               0.000002, 4.062180, 0.000002, 1.000000;;
                            }
                          } // End of Armature_thumb_03_l
                        } // End of Armature_thumb_02_l
                      } // End of Armature_thumb_01_l
                    } // End of Armature_hand_l
                    Frame Armature_lowerarm_twist_01_l {
                      FrameTransformMatrix {
                         0.999996,-0.000000,-0.002935, 0.000000,
                         0.000000, 1.000000, 0.000000, 0.000000,
                         0.002935,-0.000000, 0.999996, 0.000000,
                        -0.000001,13.999995, 0.000002, 1.000000;;
                      }
                    } // End of Armature_lowerarm_twist_01_l
                  } // End of Armature_lowerarm_l
                  Frame Armature_upperarm_twist_01_l {
                    FrameTransformMatrix {
                       0.957755,-0.000000, 0.287584, 0.000000,
                       0.000000, 1.000000, 0.000000, 0.000000,
                      -0.287584,-0.000000, 0.957755, 0.000000,
                      -0.000009, 0.500007,-0.000003, 1.000000;;
                    }
                  } // End of Armature_upperarm_twist_01_l
                } // End of Armature_upperarm_l
              } // End of Armature_clavicle_l
              Frame Armature_clavicle_r {
                FrameTransformMatrix {
                  -0.945832,-0.129491,-0.297712, 0.000000,
                   0.313348,-0.124213,-0.941480, 0.000000,
                   0.084934,-0.983770, 0.158060, 0.000000,
                  -2.732081,11.883801,-3.782001, 1.000000;;
                }
                Frame Armature_upperarm_r {
                  FrameTransformMatrix {
                     0.811628, 0.467555,-0.350217, 0.000000,
                    -0.007514, 0.607814, 0.794044, 0.000000,
                     0.584126,-0.641836, 0.496832, 0.000000,
                    -0.000039,15.784756, 0.000091, 1.000000;;
                  }
                  Frame Armature_lowerarm_r {
                    FrameTransformMatrix {
                       0.946075,-0.292865,-0.138468, 0.000000,
                       0.294209, 0.955676,-0.011125, 0.000000,
                       0.135589,-0.030213, 0.990304, 0.000000,
                      -0.000000,30.340057,-0.000012, 1.000000;;
                    }
                    Frame Armature_hand_r {
                      FrameTransformMatrix {
                         0.216129,-0.258986,-0.941390, 0.000000,
                        -0.713941, 0.615781,-0.333318, 0.000000,
                         0.666015, 0.744137,-0.051812, 0.000000,
                        -0.000005,26.975245,-0.000003, 1.000000;;
                      }
                      Frame Armature_index_01_r {
                        FrameTransformMatrix {
                           0.680580, 0.711086, 0.176542, 0.000000,
                          -0.685835, 0.703072,-0.187937, 0.000000,
                          -0.257761, 0.006828, 0.966185, 0.000000,
                          -1.763745,12.067944, 2.109440, 1.000000;;
                        }
                        Frame Armature_index_02_r {
                          FrameTransformMatrix {
                            -0.096419, 0.990319, 0.099860, 0.000000,
                            -0.995295,-0.094970,-0.019176, 0.000000,
                            -0.009506,-0.101239, 0.994817, 0.000000,
                             0.000101, 4.287687,-0.000081, 1.000000;;
                          }
                          Frame Armature_index_03_r {
                            FrameTransformMatrix {
                               0.666917, 0.744996, 0.014205, 0.000000,
                              -0.744828, 0.667068,-0.015866, 0.000000,
                              -0.021296, 0.000001, 0.999773, 0.000000,
                               0.000118, 3.393803,-0.000014, 1.000000;;
                            }
                          } // End of Armature_index_03_r
                        } // End of Armature_index_02_r
                      } // End of Armature_index_01_r
                      Frame Armature_middle_01_r {
                        FrameTransformMatrix {
                           0.441930, 0.896672,-0.026035, 0.000000,
                          -0.895749, 0.439541,-0.066612, 0.000000,
                          -0.048286, 0.052758, 0.997439, 0.000000,
                          -1.293750,12.244117,-0.571125, 1.000000;;
                        }
                        Frame Armature_middle_02_r {
                          FrameTransformMatrix {
                             0.178865, 0.979904, 0.088288, 0.000000,
                            -0.981563, 0.171579, 0.084232, 0.000000,
                             0.067391,-0.101726, 0.992527, 0.000000,
                            -0.000149, 4.640573, 0.000012, 1.000000;;
                          }
                          Frame Armature_middle_03_r {
                            FrameTransformMatrix {
                               0.131027, 0.991379, 0.000430, 0.000000,
                              -0.991373, 0.131028,-0.003245, 0.000000,
                              -0.003273,-0.000001, 0.999995, 0.000000,
                               0.000011, 3.648911, 0.000004, 1.000000;;
                            }
                          } // End of Armature_middle_03_r
                        } // End of Armature_middle_02_r
                      } // End of Armature_middle_01_r
                      Frame Armature_pinky_01_r {
                        FrameTransformMatrix {
                           0.827082, 0.473666,-0.302615, 0.000000,
                          -0.535493, 0.827640,-0.168105, 0.000000,
                           0.170831, 0.301085, 0.938171, 0.000000,
                          -2.263393,10.140592,-4.643093, 1.000000;;
                        }
                        Frame Armature_pinky_02_r {
                          FrameTransformMatrix {
                             0.135757, 0.989592, 0.047731, 0.000000,
                            -0.990284, 0.137002,-0.023853, 0.000000,
                            -0.030144,-0.044029, 0.998575, 0.000000,
                            -0.000080, 3.571063,-0.000008, 1.000000;;
                          }
                          Frame Armature_pinky_03_r {
                            FrameTransformMatrix {
                              -0.138520, 0.990359,-0.000993, 0.000000,
                              -0.990334,-0.138524,-0.007095, 0.000000,
                              -0.007164, 0.000000, 0.999974, 0.000000,
                               0.000317, 2.985417,-0.000037, 1.000000;;
                            }
                          } // End of Armature_pinky_03_r
                        } // End of Armature_pinky_02_r
                      } // End of Armature_pinky_01_r
                      Frame Armature_ring_01_r {
                        FrameTransformMatrix {
                           0.488692, 0.835027,-0.252803, 0.000000,
                          -0.863052, 0.505116, 0.000075, 0.000000,
                           0.127757, 0.218145, 0.967518, 0.000000,
                          -1.753800,11.497975,-2.846909, 1.000000;;
                        }
                        Frame Armature_ring_02_r {
                          FrameTransformMatrix {
                            -0.098075, 0.994969, 0.020464, 0.000000,
                            -0.995158,-0.097920,-0.008489, 0.000000,
                            -0.006443,-0.021198, 0.999755, 0.000000,
                             0.000083, 4.429871,-0.000012, 1.000000;;
                          }
                          Frame Armature_ring_03_r {
                            FrameTransformMatrix {
                               0.264059, 0.964507,-0.000106, 0.000000,
                              -0.964506, 0.264059, 0.000387, 0.000000,
                               0.000401,-0.000000, 1.000000, 0.000000,
                               0.000061, 3.476664,-0.000005, 1.000000;;
                            }
                          } // End of Armature_ring_03_r
                        } // End of Armature_ring_02_r
                      } // End of Armature_ring_01_r
                      Frame Armature_thumb_01_r {
                        FrameTransformMatrix {
                           0.166767,-0.399675, 0.901360, 0.000000,
                          -0.684860, 0.610703, 0.397504, 0.000000,
                          -0.709335,-0.683595,-0.171876, 0.000000,
                          -2.375127, 4.762120, 2.537813, 1.000000;;
                        }
                        Frame Armature_thumb_02_r {
                          FrameTransformMatrix {
                             0.809496, 0.587037, 0.010215, 0.000000,
                            -0.587123, 0.809316, 0.017122, 0.000000,
                             0.001784,-0.019857, 0.999801, 0.000000,
                             0.000117, 3.869568, 0.000055, 1.000000;;
                          }
                          Frame Armature_thumb_03_r {
                            FrameTransformMatrix {
                               0.696231, 0.717191, 0.029992, 0.000000,
                              -0.716526, 0.696877,-0.030867, 0.000000,
                              -0.043039, 0.000000, 0.999073, 0.000000,
                              -0.000005, 4.062180, 0.000006, 1.000000;;
                            }
                          } // End of Armature_thumb_03_r
                        } // End of Armature_thumb_02_r
                      } // End of Armature_thumb_01_r
                      Frame Armature_weapon_r {
                        FrameTransformMatrix {
                          -0.005470,-0.000003,-0.999985, 0.000000,
                          -0.000001,-1.000000, 0.000003, 0.000000,
                          -0.999985, 0.000001, 0.005470, 0.000000,
                          -4.667013,11.309003,-1.092999, 1.000000;;
                        }
                      } // End of Armature_weapon_r
                    } // End of Armature_hand_r
                    Frame Armature_lowerarm_twist_01_r {
                      FrameTransformMatrix {
                         0.996669, 0.000000,-0.081549, 0.000000,
                        -0.000000, 1.000000, 0.000000, 0.000000,
                         0.081549,-0.000000, 0.996669, 0.000000,
                         0.000029,14.000007,-0.000002, 1.000000;;
                      }
                    } // End of Armature_lowerarm_twist_01_r
                  } // End of Armature_lowerarm_r
                  Frame Armature_upperarm_twist_01_r {
                    FrameTransformMatrix {
                       0.896325,-0.000000, 0.443397, 0.000000,
                       0.000000, 1.000000, 0.000000, 0.000000,
                      -0.443397,-0.000000, 0.896325, 0.000000,
                      -0.000011, 0.499988,-0.000021, 1.000000;;
                    }
                  } // End of Armature_upperarm_twist_01_r
                } // End of Armature_upperarm_r
              } // End of Armature_clavicle_r
              Frame Armature_neck_01 {
                FrameTransformMatrix {
                   0.882293, 0.467977, 0.050555, 0.000000,
                  -0.469601, 0.882477, 0.026631, 0.000000,
                  -0.032151,-0.047237, 0.998366, 0.000000,
                  -0.355306,16.558781,-0.000000, 1.000000;;
                }
                Frame Armature_head {
                  FrameTransformMatrix {
                     0.586389,-0.807193,-0.067730, 0.000000,
                     0.809929, 0.582946, 0.064720, 0.000000,
                    -0.012758,-0.092808, 0.995602, 0.000000,
                     0.364152, 9.283612,-0.000001, 1.000000;;
                  }
                } // End of Armature_head
              } // End of Armature_neck_01
            } // End of Armature_spine_03
          } // End of Armature_spine_02
        } // End of Armature_spine_01
        Frame Armature_sword_holder {
          FrameTransformMatrix {
            -0.636399, 0.563938, 0.526279, 0.000000,
            -0.615232,-0.782640, 0.094679, 0.000000,
             0.465280,-0.263530, 0.845025, 0.000000,
            14.130801,19.789568,17.467278, 1.000000;;
          }
        } // End of Armature_sword_holder
        Frame Armature_thigh_l {
          FrameTransformMatrix {
            -0.907300,-0.385622,-0.167640, 0.000000,
            -0.420479, 0.834131, 0.356963, 0.000000,
             0.002181, 0.394361,-0.918953, 0.000000,
            -1.448838, 0.531427, 9.005810, 1.000000;;
          }
          Frame Armature_calf_l {
            FrameTransformMatrix {
              -0.530697,-0.837938, 0.127357, 0.000000,
               0.831731,-0.543778,-0.111928, 0.000000,
               0.163043, 0.046527, 0.985521, 0.000000,
              -0.318815,42.384727, 0.046958, 1.000000;;
            }
            Frame Armature_calf_twist_01_l {
              FrameTransformMatrix {
                 0.998836,-0.015045, 0.045825, 0.000000,
                 0.015236, 0.999877,-0.003824, 0.000000,
                -0.045762, 0.004518, 0.998942, 0.000000,
                -0.000001,20.476784,-0.000002, 1.000000;;
              }
            } // End of Armature_calf_twist_01_l
            Frame Armature_foot_l {
              FrameTransformMatrix {
                 0.023278,-0.999656,-0.012076, 0.000000,
                -0.999565,-0.023054,-0.018374, 0.000000,
                 0.018090, 0.012498,-0.999758, 0.000000,
                 0.000161,40.196701,-0.000074, 1.000000;;
              }
              Frame Armature_ball_l {
                FrameTransformMatrix {
                  -0.032878, 0.999459, 0.000155, 0.000000,
                  -0.999459,-0.032878, 0.000070, 0.000000,
                   0.000075,-0.000152, 1.000000, 0.000000,
                  -10.453841,16.577850,-0.080143, 1.000000;;
                }
              } // End of Armature_ball_l
            } // End of Armature_foot_l
          } // End of Armature_calf_l
          Frame Armature_thigh_twist_01_l {
            FrameTransformMatrix {
               0.948561,-0.000934,-0.316592, 0.000000,
               0.000983, 1.000000,-0.000004, 0.000000,
               0.316591,-0.000308, 0.948562, 0.000000,
              -0.000004,22.094231,-0.000003, 1.000000;;
            }
          } // End of Armature_thigh_twist_01_l
        } // End of Armature_thigh_l
        Frame Armature_thigh_r {
          FrameTransformMatrix {
             0.294027, 0.953032,-0.072655, 0.000000,
            -0.927090, 0.302861, 0.220859, 0.000000,
             0.232490, 0.002419, 0.972596, 0.000000,
            -1.448648, 0.531432,-9.005800, 1.000000;;
          }
          Frame Armature_calf_r {
            FrameTransformMatrix {
               0.790201, 0.609561, 0.063390, 0.000000,
              -0.607616, 0.792739,-0.048650, 0.000000,
              -0.079907,-0.000074, 0.996803, 0.000000,
               0.020308,42.452435, 0.004212, 1.000000;;
            }
            Frame Armature_calf_twist_01_r {
              FrameTransformMatrix {
                 0.997679, 0.014948,-0.066429, 0.000000,
                -0.015235, 0.999876,-0.003825, 0.000000,
                 0.066363, 0.004828, 0.997784, 0.000000,
                -0.000003,20.476904, 0.000000, 1.000000;;
              }
            } // End of Armature_calf_twist_01_r
            Frame Armature_foot_r {
              FrameTransformMatrix {
                 0.446636, 0.894697, 0.005771, 0.000000,
                 0.890798,-0.444069,-0.096339, 0.000000,
                -0.083632, 0.048170,-0.995332, 0.000000,
                 0.000343,40.196747,-0.000057, 1.000000;;
              }
              Frame Armature_ball_r {
                FrameTransformMatrix {
                   0.470870,-0.882203,-0.000101, 0.000000,
                   0.882203, 0.470870, 0.000136, 0.000000,
                  -0.000073,-0.000153, 1.000000, 0.000000,
                  10.453816,16.577793,-0.080158, 1.000000;;
                }
              } // End of Armature_ball_r
            } // End of Armature_foot_r
          } // End of Armature_calf_r
          Frame Armature_thigh_twist_01_r {
            FrameTransformMatrix {
               0.998096, 0.000982, 0.061671, 0.000000,
              -0.000983, 1.000000,-0.000003, 0.000000,
              -0.061671,-0.000058, 0.998096, 0.000000,
               0.000001,22.094248,-0.000001, 1.000000;;
            }
          } // End of Armature_thigh_twist_01_r
        } // End of Armature_thigh_r
      } // End of Armature_pelvis
    } // End of Armature_root
  } // End of Armature
} // End of Root
AnimationSet Global {
  Animation {
    {Armature}
    AnimationKey { // Rotation
      0;
      41;
      0;4;-0.707107, 0.707107, 0.000000, 0.000000;;,
      1;4;-0.707107, 0.707107, 0.000000, 0.000000;;,
      2;4;-0.707107, 0.707107, 0.000000, 0.000000;;,
      3;4;-0.707107, 0.707107, 0.000000, 0.000000;;,
      4;4;-0.707107, 0.707107, 0.000000, 0.000000;;,
      5;4;-0.707107, 0.707107, 0.000000, 0.000000;;,
      6;4;-0.707107, 0.707107, 0.000000, 0.000000;;,
      7;4;-0.707107, 0.707107, 0.000000, 0.000000;;,
      8;4;-0.707107, 0.707107, 0.000000, 0.000000;;,
      9;4;-0.707107, 0.707107, 0.000000, 0.000000;;,
      10;4;-0.707107, 0.707107, 0.000000, 0.000000;;,
      11;4;-0.707107, 0.707107, 0.000000, 0.000000;;,
      12;4;-0.707107, 0.707107, 0.000000, 0.000000;;,
      13;4;-0.707107, 0.707107, 0.000000, 0.000000;;,
      14;4;-0.707107, 0.707107, 0.000000, 0.000000;;,
      15;4;-0.707107, 0.707107, 0.000000, 0.000000;;,
      16;4;-0.707107, 0.707107, 0.000000, 0.000000;;,
      17;4;-0.707107, 0.707107, 0.000000, 0.000000;;,
      18;4;-0.707107, 0.707107, 0.000000, 0.000000;;,
      19;4;-0.707107, 0.707107, 0.000000, 0.000000;;,
      20;4;-0.707107, 0.707107, 0.000000, 0.000000;;,
      21;4;-0.707107, 0.707107, 0.000000, 0.000000;;,
      22;4;-0.707107, 0.707107, 0.000000, 0.000000;;,
      23;4;-0.707107, 0.707107, 0.000000, 0.000000;;,
      24;4;-0.707107, 0.707107, 0.000000, 0.000000;;,
      25;4;-0.707107, 0.707107, 0.000000, 0.000000;;,
      26;4;-0.707107, 0.707107, 0.000000, 0.000000;;,
      27;4;-0.707107, 0.707107, 0.000000, 0.000000;;,
      28;4;-0.707107, 0.707107, 0.000000, 0.000000;;,
      29;4;-0.707107, 0.707107, 0.000000, 0.000000;;,
      30;4;-0.707107, 0.707107, 0.000000, 0.000000;;,
      31;4;-0.707107, 0.707107, 0.000000, 0.000000;;,
      32;4;-0.707107, 0.707107, 0.000000, 0.000000;;,
      33;4;-0.707107, 0.707107, 0.000000, 0.000000;;,
      34;4;-0.707107, 0.707107, 0.000000, 0.000000;;,
      35;4;-0.707107, 0.707107, 0.000000, 0.000000;;,
      36;4;-0.707107, 0.707107, 0.000000, 0.000000;;,
      37;4;-0.707107, 0.707107, 0.000000, 0.000000;;,
      38;4;-0.707107, 0.707107, 0.000000, 0.000000;;,
      39;4;-0.707107, 0.707107, 0.000000, 0.000000;;,
      40;4;-0.707107, 0.707107, 0.000000, 0.000000;;;
    }
    AnimationKey { // Scale
      1;
      41;
      0;3; 0.010000, 0.010000, 0.010000;;,
      1;3; 0.010000, 0.010000, 0.010000;;,
      2;3; 0.010000, 0.010000, 0.010000;;,
      3;3; 0.010000, 0.010000, 0.010000;;,
      4;3; 0.010000, 0.010000, 0.010000;;,
      5;3; 0.010000, 0.010000, 0.010000;;,
      6;3; 0.010000, 0.010000, 0.010000;;,
      7;3; 0.010000, 0.010000, 0.010000;;,
      8;3; 0.010000, 0.010000, 0.010000;;,
      9;3; 0.010000, 0.010000, 0.010000;;,
      10;3; 0.010000, 0.010000, 0.010000;;,
      11;3; 0.010000, 0.010000, 0.010000;;,
      12;3; 0.010000, 0.010000, 0.010000;;,
      13;3; 0.010000, 0.010000, 0.010000;;,
      14;3; 0.010000, 0.010000, 0.010000;;,
      15;3; 0.010000, 0.010000, 0.010000;;,
      16;3; 0.010000, 0.010000, 0.010000;;,
      17;3; 0.010000, 0.010000, 0.010000;;,
      18;3; 0.010000, 0.010000, 0.010000;;,
      19;3; 0.010000, 0.010000, 0.010000;;,
      20;3; 0.010000, 0.010000, 0.010000;;,
      21;3; 0.010000, 0.010000, 0.010000;;,
      22;3; 0.010000, 0.010000, 0.010000;;,
      23;3; 0.010000, 0.010000, 0.010000;;,
      24;3; 0.010000, 0.010000, 0.010000;;,
      25;3; 0.010000, 0.010000, 0.010000;;,
      26;3; 0.010000, 0.010000, 0.010000;;,
      27;3; 0.010000, 0.010000, 0.010000;;,
      28;3; 0.010000, 0.010000, 0.010000;;,
      29;3; 0.010000, 0.010000, 0.010000;;,
      30;3; 0.010000, 0.010000, 0.010000;;,
      31;3; 0.010000, 0.010000, 0.010000;;,
      32;3; 0.010000, 0.010000, 0.010000;;,
      33;3; 0.010000, 0.010000, 0.010000;;,
      34;3; 0.010000, 0.010000, 0.010000;;,
      35;3; 0.010000, 0.010000, 0.010000;;,
      36;3; 0.010000, 0.010000, 0.010000;;,
      37;3; 0.010000, 0.010000, 0.010000;;,
      38;3; 0.010000, 0.010000, 0.010000;;,
      39;3; 0.010000, 0.010000, 0.010000;;,
      40;3; 0.010000, 0.010000, 0.010000;;;
    }
    AnimationKey { // Position
      2;
      41;
      0;3; 0.000000, 0.000000, 0.000000;;,
      1;3; 0.000000, 0.000000, 0.000000;;,
      2;3; 0.000000, 0.000000, 0.000000;;,
      3;3; 0.000000, 0.000000, 0.000000;;,
      4;3; 0.000000, 0.000000, 0.000000;;,
      5;3; 0.000000, 0.000000, 0.000000;;,
      6;3; 0.000000, 0.000000, 0.000000;;,
      7;3; 0.000000, 0.000000, 0.000000;;,
      8;3; 0.000000, 0.000000, 0.000000;;,
      9;3; 0.000000, 0.000000, 0.000000;;,
      10;3; 0.000000, 0.000000, 0.000000;;,
      11;3; 0.000000, 0.000000, 0.000000;;,
      12;3; 0.000000, 0.000000, 0.000000;;,
      13;3; 0.000000, 0.000000, 0.000000;;,
      14;3; 0.000000, 0.000000, 0.000000;;,
      15;3; 0.000000, 0.000000, 0.000000;;,
      16;3; 0.000000, 0.000000, 0.000000;;,
      17;3; 0.000000, 0.000000, 0.000000;;,
      18;3; 0.000000, 0.000000, 0.000000;;,
      19;3; 0.000000, 0.000000, 0.000000;;,
      20;3; 0.000000, 0.000000, 0.000000;;,
      21;3; 0.000000, 0.000000, 0.000000;;,
      22;3; 0.000000, 0.000000, 0.000000;;,
      23;3; 0.000000, 0.000000, 0.000000;;,
      24;3; 0.000000, 0.000000, 0.000000;;,
      25;3; 0.000000, 0.000000, 0.000000;;,
      26;3; 0.000000, 0.000000, 0.000000;;,
      27;3; 0.000000, 0.000000, 0.000000;;,
      28;3; 0.000000, 0.000000, 0.000000;;,
      29;3; 0.000000, 0.000000, 0.000000;;,
      30;3; 0.000000, 0.000000, 0.000000;;,
      31;3; 0.000000, 0.000000, 0.000000;;,
      32;3; 0.000000, 0.000000, 0.000000;;,
      33;3; 0.000000, 0.000000, 0.000000;;,
      34;3; 0.000000, 0.000000, 0.000000;;,
      35;3; 0.000000, 0.000000, 0.000000;;,
      36;3; 0.000000, 0.000000, 0.000000;;,
      37;3; 0.000000, 0.000000, 0.000000;;,
      38;3; 0.000000, 0.000000, 0.000000;;,
      39;3; 0.000000, 0.000000, 0.000000;;,
      40;3; 0.000000, 0.000000, 0.000000;;;
    }
  }
  Animation {
    {Armature_root}
    AnimationKey { // Rotation
      0;
      41;
      0;4;-1.000000,-0.000000, 0.000000, 0.000000;;,
      1;4;-1.000000,-0.000000, 0.000000, 0.000000;;,
      2;4;-1.000000,-0.000000, 0.000000, 0.000000;;,
      3;4;-1.000000,-0.000000, 0.000000, 0.000000;;,
      4;4;-1.000000,-0.000000, 0.000000, 0.000000;;,
      5;4;-1.000000,-0.000000, 0.000000, 0.000000;;,
      6;4;-1.000000,-0.000000, 0.000000, 0.000000;;,
      7;4;-1.000000,-0.000000, 0.000000, 0.000000;;,
      8;4;-1.000000,-0.000000, 0.000000, 0.000000;;,
      9;4;-1.000000,-0.000000, 0.000000, 0.000000;;,
      10;4;-1.000000,-0.000000, 0.000000, 0.000000;;,
      11;4;-1.000000,-0.000000, 0.000000, 0.000000;;,
      12;4;-1.000000,-0.000000, 0.000000, 0.000000;;,
      13;4;-1.000000,-0.000000, 0.000000, 0.000000;;,
      14;4;-1.000000,-0.000000, 0.000000, 0.000000;;,
      15;4;-1.000000,-0.000000, 0.000000, 0.000000;;,
      16;4;-1.000000,-0.000000, 0.000000, 0.000000;;,
      17;4;-1.000000,-0.000000, 0.000000, 0.000000;;,
      18;4;-1.000000,-0.000000, 0.000000, 0.000000;;,
      19;4;-1.000000,-0.000000, 0.000000, 0.000000;;,
      20;4;-1.000000,-0.000000, 0.000000, 0.000000;;,
      21;4;-1.000000,-0.000000, 0.000000, 0.000000;;,
      22;4;-1.000000,-0.000000, 0.000000, 0.000000;;,
      23;4;-1.000000,-0.000000, 0.000000, 0.000000;;,
      24;4;-1.000000,-0.000000, 0.000000, 0.000000;;,
      25;4;-1.000000,-0.000000, 0.000000, 0.000000;;,
      26;4;-1.000000,-0.000000, 0.000000, 0.000000;;,
      27;4;-1.000000,-0.000000, 0.000000, 0.000000;;,
      28;4;-1.000000,-0.000000, 0.000000, 0.000000;;,
      29;4;-1.000000,-0.000000, 0.000000, 0.000000;;,
      30;4;-1.000000,-0.000000, 0.000000, 0.000000;;,
      31;4;-1.000000,-0.000000, 0.000000, 0.000000;;,
      32;4;-1.000000,-0.000000, 0.000000, 0.000000;;,
      33;4;-1.000000,-0.000000, 0.000000, 0.000000;;,
      34;4;-1.000000,-0.000000, 0.000000, 0.000000;;,
      35;4;-1.000000,-0.000000, 0.000000, 0.000000;;,
      36;4;-1.000000,-0.000000, 0.000000, 0.000000;;,
      37;4;-1.000000,-0.000000, 0.000000, 0.000000;;,
      38;4;-1.000000,-0.000000, 0.000000, 0.000000;;,
      39;4;-1.000000,-0.000000, 0.000000, 0.000000;;,
      40;4;-1.000000,-0.000000, 0.000000, 0.000000;;;
    }
    AnimationKey { // Scale
      1;
      41;
      0;3; 1.000000, 1.000000, 1.000000;;,
      1;3; 1.000000, 1.000000, 1.000000;;,
      2;3; 1.000000, 1.000000, 1.000000;;,
      3;3; 1.000000, 1.000000, 1.000000;;,
      4;3; 1.000000, 1.000000, 1.000000;;,
      5;3; 1.000000, 1.000000, 1.000000;;,
      6;3; 1.000000, 1.000000, 1.000000;;,
      7;3; 1.000000, 1.000000, 1.000000;;,
      8;3; 1.000000, 1.000000, 1.000000;;,
      9;3; 1.000000, 1.000000, 1.000000;;,
      10;3; 1.000000, 1.000000, 1.000000;;,
      11;3; 1.000000, 1.000000, 1.000000;;,
      12;3; 1.000000, 1.000000, 1.000000;;,
      13;3; 1.000000, 1.000000, 1.000000;;,
      14;3; 1.000000, 1.000000, 1.000000;;,
      15;3; 1.000000, 1.000000, 1.000000;;,
      16;3; 1.000000, 1.000000, 1.000000;;,
      17;3; 1.000000, 1.000000, 1.000000;;,
      18;3; 1.000000, 1.000000, 1.000000;;,
      19;3; 1.000000, 1.000000, 1.000000;;,
      20;3; 1.000000, 1.000000, 1.000000;;,
      21;3; 1.000000, 1.000000, 1.000000;;,
      22;3; 1.000000, 1.000000, 1.000000;;,
      23;3; 1.000000, 1.000000, 1.000000;;,
      24;3; 1.000000, 1.000000, 1.000000;;,
      25;3; 1.000000, 1.000000, 1.000000;;,
      26;3; 1.000000, 1.000000, 1.000000;;,
      27;3; 1.000000, 1.000000, 1.000000;;,
      28;3; 1.000000, 1.000000, 1.000000;;,
      29;3; 1.000000, 1.000000, 1.000000;;,
      30;3; 1.000000, 1.000000, 1.000000;;,
      31;3; 1.000000, 1.000000, 1.000000;;,
      32;3; 1.000000, 1.000000, 1.000000;;,
      33;3; 1.000000, 1.000000, 1.000000;;,
      34;3; 1.000000, 1.000000, 1.000000;;,
      35;3; 1.000000, 1.000000, 1.000000;;,
      36;3; 1.000000, 1.000000, 1.000000;;,
      37;3; 1.000000, 1.000000, 1.000000;;,
      38;3; 1.000000, 1.000000, 1.000000;;,
      39;3; 1.000000, 1.000000, 1.000000;;,
      40;3; 1.000000, 1.000000, 1.000000;;;
    }
    AnimationKey { // Position
      2;
      41;
      0;3; 0.000000, 0.000000, 0.000000;;,
      1;3; 0.000000, 0.000000, 0.000000;;,
      2;3; 0.000000, 0.000000, 0.000000;;,
      3;3; 0.000000, 0.000000, 0.000000;;,
      4;3; 0.000000, 0.000000, 0.000000;;,
