xof 0303txt 0032

template XSkinMeshHeader {
  <3cf169ce-ff7c-44ab-93c0-f78f62d172e2>
  WORD nMaxSkinWeightsPerVertex;
  WORD nMaxSkinWeightsPerFace;
  WORD nBones;
}

template SkinWeights {
  <6f0d123b-bad2-4167-a0d0-80224f25fabb>
  STRING transformNodeName;
  DWORD nWeights;
  array DWORD vertexIndices[nWeights];
  array float weights[nWeights];
  Matrix4x4 matrixOffset;
}

Frame Root {
  FrameTransformMatrix {
     1.000000, 0.000000, 0.000000, 0.000000,
     0.000000,-0.000000, 1.000000, 0.000000,
     0.000000, 1.000000, 0.000000, 0.000000,
     0.000000, 0.000000, 0.000000, 1.000000;;
  }
  Frame Armature {
    FrameTransformMatrix {
       0.010000, 0.000000, 0.000000, 0.000000,
       0.000000,-0.000000, 0.010000, 0.000000,
       0.000000,-0.010000,-0.000000, 0.000000,
       0.000000, 0.000000, 0.000000, 1.000000;;
    }
    Frame Armature_root {
      FrameTransformMatrix {
         1.000000, 0.000000, 0.000000, 0.000000,
         0.000000, 1.000000, 0.000000, 0.000000,
         0.000000, 0.000000, 1.000000, 0.000000,
         0.000000, 0.000003, 0.000000, 1.000000;;
      }
      Frame Armature_ik_foot_root {
        FrameTransformMatrix {
           0.000000,-0.000000,-1.000000, 0.000000,
           1.000000, 0.000000, 0.000000, 0.000000,
           0.000000,-1.000000, 0.000000, 0.000000,
           0.000000, 0.000000, 0.000000, 1.000000;;
        }
        Frame Armature_ik_foot_l {
          FrameTransformMatrix {
             0.032324,-0.159638,-0.986646, 0.000000,
            -0.979313, 0.192232,-0.063187, 0.000000,
             0.199752, 0.968278,-0.150122, 0.000000,
            12.666857, 8.213385,-48.150425, 1.000000;;
          }
        } // End of Armature_ik_foot_l
        Frame Armature_ik_foot_r {
          FrameTransformMatrix {
            -0.920114,-0.173155, 0.351294, 0.000000,
             0.345752, 0.062209, 0.936262, 0.000000,
            -0.183972, 0.982928, 0.002629, 0.000000,
            34.028816,-4.144084,-18.288429, 1.000000;;
          }
        } // End of Armature_ik_foot_r
      } // End of Armature_ik_foot_root
      Frame Armature_ik_hand_root {
        FrameTransformMatrix {
           1.000000, 0.000000, 0.000000, 0.000000,
           0.000000, 1.000000,-0.000000, 0.000000,
           0.000000, 0.000000, 1.000000, 0.000000,
           0.000000, 0.000000, 0.000000, 1.000000;;
        }
        Frame Armature_ik_hand_gun {
          FrameTransformMatrix {
            -0.201508,-0.316722,-0.926867, 0.000000,
             0.856412,-0.516200,-0.009798, 0.000000,
            -0.475345,-0.795754, 0.375263, 0.000000,
            -23.648422,105.926491,61.600060, 1.000000;;
          }
          Frame Armature_ik_hand_l {
            FrameTransformMatrix {
               0.173160, 0.728725, 0.662553, 0.000000,
              -0.679747, 0.575233,-0.455029, 0.000000,
              -0.712713,-0.371575, 0.594956, 0.000000,
              40.255264,51.215290,-48.727539, 1.000000;;
            }
          } // End of Armature_ik_hand_l
          Frame Armature_ik_hand_r {
            FrameTransformMatrix {
               1.000000, 0.000000, 0.000000, 0.000000,
              -0.000000, 1.000000, 0.000000, 0.000000,
              -0.000000, 0.000000, 1.000000, 0.000000,
               0.000006,-0.000016, 0.000002, 1.000000;;
            }
          } // End of Armature_ik_hand_r
        } // End of Armature_ik_hand_gun
      } // End of Armature_ik_hand_root
      Frame Armature_pelvis {
        FrameTransformMatrix {
           0.158244, 0.900925, 0.404095, 0.000000,
           0.019103,-0.411969, 0.910998, 0.000000,
           0.987215,-0.136441,-0.082402, 0.000000,
          -0.169934,87.306915, 2.767113, 1.000000;;
        }
        Frame Armature_spine_01 {
          FrameTransformMatrix {
             0.288513,-0.956418,-0.044998, 0.000000,
             0.935226, 0.291569,-0.200847, 0.000000,
             0.205213, 0.015864, 0.978589, 0.000000,
            10.808873, 0.851419,-0.000002, 1.000000;;
          }
          Frame Armature_spine_02 {
            FrameTransformMatrix {
               0.995219,-0.047370,-0.085411, 0.000000,
               0.044921, 0.998529,-0.030378, 0.000000,
               0.086724, 0.026396, 0.995883, 0.000000,
               3.785583,18.846481, 0.328290, 1.000000;;
            }
            Frame Armature_spine_03 {
              FrameTransformMatrix {
                 0.991247, 0.096086,-0.090533, 0.000000,
                -0.096652, 0.995317,-0.001886, 0.000000,
                 0.089928, 0.010620, 0.995892, 0.000000,
                 0.415046,13.412317, 0.068849, 1.000000;;
              }
              Frame Armature_clavicle_l {
                FrameTransformMatrix {
                   0.938315, 0.138752,-0.316723, 0.000000,
                   0.323238,-0.026648, 0.945942, 0.000000,
                   0.122812,-0.989969,-0.069854, 0.000000,
                  -2.732086,11.883704, 3.781983, 1.000000;;
                }
                Frame Armature_upperarm_l {
                  FrameTransformMatrix {
                     0.805410, 0.388909,-0.447287, 0.000000,
                     0.115351, 0.637360, 0.761883, 0.000000,
                     0.581386,-0.665223, 0.468475, 0.000000,
                    -0.000001,15.784866, 0.000004, 1.000000;;
                  }
                  Frame Armature_lowerarm_l {
                    FrameTransformMatrix {
                       0.181716, 0.983351, 0.000000, 0.000000,
                      -0.983351, 0.181716, 0.000000, 0.000000,
                       0.000000,-0.000000, 1.000000, 0.000000,
                       0.000003,30.339958, 0.000006, 1.000000;;
                    }
                    Frame Armature_hand_l {
                      FrameTransformMatrix {
                         0.016407, 0.128541, 0.991568, 0.000000,
                         0.041582, 0.990756,-0.129124, 0.000000,
                        -0.999000, 0.043350, 0.010911, 0.000000,
                        -0.000008,26.975168,-0.000004, 1.000000;;
                      }
                      Frame Armature_index_01_l {
                        FrameTransformMatrix {
                           0.743789,-0.626016,-0.234270, 0.000000,
                           0.616256, 0.777982,-0.122362, 0.000000,
                           0.258858,-0.053359, 0.964440, 0.000000,
                           1.763455,12.068119, 2.109405, 1.000000;;
                        }
                        Frame Armature_index_02_l {
                          FrameTransformMatrix {
                             0.904650,-0.425645,-0.020839, 0.000000,
                             0.425447, 0.904884,-0.013409, 0.000000,
                             0.024564, 0.003264, 0.999693, 0.000000,
                            -0.000006, 4.287518, 0.000000, 1.000000;;
                          }
                          Frame Armature_index_03_l {
                            FrameTransformMatrix {
                               0.997664,-0.064223,-0.023297, 0.000000,
                               0.064524, 0.997839, 0.012414, 0.000000,
                               0.022449,-0.013889, 0.999651, 0.000000,
                               0.000005, 3.393795, 0.000005, 1.000000;;
                            }
                          } // End of Armature_index_03_l
                        } // End of Armature_index_02_l
                      } // End of Armature_index_01_l
                      Frame Armature_middle_01_l {
                        FrameTransformMatrix {
                           0.699028,-0.714897, 0.016790, 0.000000,
                           0.710786, 0.692053,-0.125877, 0.000000,
                           0.078370, 0.099925, 0.991904, 0.000000,
                           1.293640,12.244294,-0.571158, 1.000000;;
                        }
                        Frame Armature_middle_02_l {
                          FrameTransformMatrix {
                             0.818063,-0.574589, 0.024903, 0.000000,
                             0.573821, 0.818357, 0.031963, 0.000000,
                            -0.038745,-0.011858, 0.999179, 0.000000,
                            -0.000001, 4.640361, 0.000000, 1.000000;;
                          }
                          Frame Armature_middle_03_l {
                            FrameTransformMatrix {
                               0.991632,-0.127965, 0.017073, 0.000000,
                               0.128899, 0.988753,-0.075844, 0.000000,
                              -0.007176, 0.077410, 0.996974, 0.000000,
                               0.000010, 3.648842,-0.000000, 1.000000;;
                            }
                          } // End of Armature_middle_03_l
                        } // End of Armature_middle_02_l
                      } // End of Armature_middle_01_l
                      Frame Armature_pinky_01_l {
                        FrameTransformMatrix {
                           0.582279,-0.687818, 0.433425, 0.000000,
                           0.789192, 0.606254,-0.098143, 0.000000,
                          -0.195261, 0.399202, 0.895830, 0.000000,
                           2.263152,10.140671,-4.643147, 1.000000;;
                        }
                        Frame Armature_pinky_02_l {
                          FrameTransformMatrix {
                             0.702610,-0.711570,-0.002477, 0.000000,
                             0.711213, 0.702360,-0.029421, 0.000000,
                             0.022675, 0.018910, 0.999564, 0.000000,
                             0.000001, 3.570992, 0.000000, 1.000000;;
                          }
                          Frame Armature_pinky_03_l {
                            FrameTransformMatrix {
                               0.817359,-0.574423,-0.044298, 0.000000,
                               0.576091, 0.815762, 0.051502, 0.000000,
                               0.006553,-0.067616, 0.997690, 0.000000,
                              -0.000011, 2.985636,-0.000002, 1.000000;;
                            }
                          } // End of Armature_pinky_03_l
                        } // End of Armature_pinky_02_l
                      } // End of Armature_pinky_01_l
                      Frame Armature_ring_01_l {
                        FrameTransformMatrix {
                           0.627464,-0.722009, 0.291532, 0.000000,
                           0.765720, 0.640104,-0.062774, 0.000000,
                          -0.141288, 0.262620, 0.954499, 0.000000,
                           1.753524,11.497890,-2.846908, 1.000000;;
                        }
                        Frame Armature_ring_02_l {
                          FrameTransformMatrix {
                             0.755885,-0.654644, 0.008833, 0.000000,
                             0.654597, 0.755449,-0.028260, 0.000000,
                             0.011827, 0.027143, 0.999561, 0.000000,
                            -0.000002, 4.430184, 0.000001, 1.000000;;
                          }
                          Frame Armature_ring_03_l {
                            FrameTransformMatrix {
                               0.967254,-0.253131,-0.018560, 0.000000,
                               0.253751, 0.966022, 0.049108, 0.000000,
                               0.005499,-0.052210, 0.998621, 0.000000,
                               0.000002, 3.476658,-0.000001, 1.000000;;
                            }
                          } // End of Armature_ring_03_l
                        } // End of Armature_ring_02_l
                      } // End of Armature_ring_01_l
                      Frame Armature_thumb_01_l {
                        FrameTransformMatrix {
                           0.139142, 0.453055,-0.880557, 0.000000,
                           0.347231, 0.810429, 0.471842, 0.000000,
                           0.927400,-0.371409,-0.044550, 0.000000,
                           2.374974, 4.762043, 2.537827, 1.000000;;
                        }
                        Frame Armature_thumb_02_l {
                          FrameTransformMatrix {
                             0.963379,-0.266513,-0.029513, 0.000000,
                             0.267573, 0.948336, 0.170483, 0.000000,
                            -0.017448,-0.172137, 0.984919, 0.000000,
                            -0.000004, 3.869662,-0.000001, 1.000000;;
                          }
                          Frame Armature_thumb_03_l {
                            FrameTransformMatrix {
                               0.988868,-0.142636,-0.042379, 0.000000,
                               0.142467, 0.989775,-0.006992, 0.000000,
                               0.042943, 0.000876, 0.999077, 0.000000,
                               0.000000, 4.062178, 0.000001, 1.000000;;
                            }
                          } // End of Armature_thumb_03_l
                        } // End of Armature_thumb_02_l
                      } // End of Armature_thumb_01_l
                    } // End of Armature_hand_l
                    Frame Armature_lowerarm_twist_01_l {
                      FrameTransformMatrix {
                         0.999985, 0.000000,-0.005475, 0.000000,
                        -0.000000, 1.000000,-0.000000, 0.000000,
                         0.005475, 0.000000, 0.999985, 0.000000,
                        -0.000003,14.000007,-0.000001, 1.000000;;
                      }
                    } // End of Armature_lowerarm_twist_01_l
                  } // End of Armature_lowerarm_l
                  Frame Armature_upperarm_twist_01_l {
                    FrameTransformMatrix {
                       0.928115,-0.000000, 0.372293, 0.000000,
                       0.000000, 1.000000,-0.000000, 0.000000,
                      -0.372293, 0.000000, 0.928115, 0.000000,
                       0.000016, 0.500017, 0.000007, 1.000000;;
                    }
                  } // End of Armature_upperarm_twist_01_l
                } // End of Armature_upperarm_l
              } // End of Armature_clavicle_l
              Frame Armature_clavicle_r {
                FrameTransformMatrix {
                  -0.921232,-0.142091,-0.362136, 0.000000,
                   0.368251,-0.018465,-0.929543, 0.000000,
                   0.125393,-0.989681, 0.069335, 0.000000,
                  -2.732113,11.883797,-3.782002, 1.000000;;
                }
                Frame Armature_upperarm_r {
                  FrameTransformMatrix {
                     0.551656,-0.554658,-0.622921, 0.000000,
                     0.829170, 0.445541, 0.337594, 0.000000,
                     0.090288,-0.702743, 0.705691, 0.000000,
                    -0.000048,15.784748, 0.000070, 1.000000;;
                  }
                  Frame Armature_lowerarm_r {
                    FrameTransformMatrix {
                      -0.120630,-0.992697, 0.000000, 0.000000,
                       0.992698,-0.120630,-0.000002, 0.000000,
                       0.000002, 0.000000, 1.000000, 0.000000,
                       0.000005,30.340061, 0.000020, 1.000000;;
                    }
                    Frame Armature_hand_r {
                      FrameTransformMatrix {
                         0.014705,-0.369323,-0.929185, 0.000000,
                         0.131315, 0.921950,-0.364369, 0.000000,
                         0.991232,-0.116658, 0.062055, 0.000000,
                         0.000003,26.975214,-0.000008, 1.000000;;
                      }
                      Frame Armature_index_01_r {
                        FrameTransformMatrix {
                           0.745620, 0.623695, 0.234636, 0.000000,
                          -0.614037, 0.779844,-0.121662, 0.000000,
                          -0.258860,-0.053362, 0.964440, 0.000000,
                          -1.763727,12.067859, 2.109435, 1.000000;;
                        }
                        Frame Armature_index_02_r {
                          FrameTransformMatrix {
                             0.905915, 0.422945, 0.020874, 0.000000,
                            -0.422747, 0.906150,-0.013344, 0.000000,
                            -0.024559, 0.003264, 0.999693, 0.000000,
                             0.000088, 4.287693,-0.000076, 1.000000;;
                          }
                          Frame Armature_index_03_r {
                            FrameTransformMatrix {
                               0.997852, 0.061245, 0.023259, 0.000000,
                              -0.061546, 0.998026, 0.012483, 0.000000,
                              -0.022449,-0.013888, 0.999651, 0.000000,
                               0.000132, 3.393806,-0.000012, 1.000000;;
                            }
                          } // End of Armature_index_03_r
                        } // End of Armature_index_02_r
                      } // End of Armature_index_01_r
                      Frame Armature_middle_01_r {
                        FrameTransformMatrix {
                           0.627148, 0.778365,-0.028865, 0.000000,
                          -0.774947, 0.619809,-0.123667, 0.000000,
                          -0.078367, 0.099926, 0.991904, 0.000000,
                          -1.293731,12.244040,-0.571133, 1.000000;;
                        }
                        Frame Armature_middle_02_r {
                          FrameTransformMatrix {
                             0.758849, 0.650904,-0.021700, 0.000000,
                            -0.650112, 0.759067, 0.034217, 0.000000,
                             0.038744,-0.011858, 0.999179, 0.000000,
                            -0.000134, 4.640574, 0.000003, 1.000000;;
                          }
                          Frame Armature_middle_03_r {
                            FrameTransformMatrix {
                               0.974559, 0.222809,-0.024314, 0.000000,
                              -0.224017, 0.971784,-0.073843, 0.000000,
                               0.007175, 0.077412, 0.996973, 0.000000,
                               0.000037, 3.648918,-0.000009, 1.000000;;
                            }
                          } // End of Armature_middle_03_r
                        } // End of Armature_middle_02_r
                      } // End of Armature_middle_01_r
                      Frame Armature_pinky_01_r {
                        FrameTransformMatrix {
                           0.231941, 0.868703,-0.437673, 0.000000,
                          -0.952930, 0.293242, 0.077034, 0.000000,
                           0.195264, 0.399204, 0.895828, 0.000000,
                          -2.263355,10.140520,-4.643092, 1.000000;;
                        }
                        Frame Armature_pinky_02_r {
                          FrameTransformMatrix {
                             0.373069, 0.927759,-0.009088, 0.000000,
                            -0.927526, 0.372700,-0.028094, 0.000000,
                            -0.022677, 0.018911, 0.999564, 0.000000,
                            -0.000074, 3.571060,-0.000024, 1.000000;;
                          }
                          Frame Armature_pinky_03_r {
                            FrameTransformMatrix {
                               0.531126, 0.845111, 0.060763, 0.000000,
                              -0.847267, 0.530298, 0.030373, 0.000000,
                              -0.006554,-0.067614, 0.997690, 0.000000,
                               0.000326, 2.985418,-0.000042, 1.000000;;
                            }
                          } // End of Armature_pinky_03_r
                        } // End of Armature_pinky_02_r
                      } // End of Armature_pinky_01_r
                      Frame Armature_ring_01_r {
                        FrameTransformMatrix {
                           0.411042, 0.861569,-0.297898, 0.000000,
                          -0.900600, 0.434429, 0.013782, 0.000000,
                           0.141290, 0.262622, 0.954498, 0.000000,
                          -1.753776,11.497893,-2.846910, 1.000000;;
                        }
                        Frame Armature_ring_02_r {
                          FrameTransformMatrix {
                             0.563592, 0.825903,-0.015758, 0.000000,
                            -0.825968, 0.563159,-0.025068, 0.000000,
                            -0.011829, 0.027143, 0.999561, 0.000000,
                             0.000089, 4.429866,-0.000014, 1.000000;;
                          }
                          Frame Armature_ring_03_r {
                            FrameTransformMatrix {
                               0.870343, 0.491501, 0.030489, 0.000000,
                              -0.492415, 0.869311, 0.042738, 0.000000,
                              -0.005498,-0.052210, 0.998621, 0.000000,
                               0.000073, 3.476658, 0.000003, 1.000000;;
                            }
                          } // End of Armature_ring_03_r
                        } // End of Armature_ring_02_r
                      } // End of Armature_ring_01_r
                      Frame Armature_thumb_01_r {
                        FrameTransformMatrix {
                           0.143499,-0.473479, 0.869037, 0.000000,
                          -0.386121, 0.781746, 0.489678, 0.000000,
                          -0.911218,-0.405822,-0.070640, 0.000000,
                          -2.375087, 4.762040, 2.537801, 1.000000;;
                        }
                        Frame Armature_thumb_02_r {
                          FrameTransformMatrix {
                             0.923386, 0.380582, 0.050158, 0.000000,
                            -0.383476, 0.908585, 0.165589, 0.000000,
                             0.017448,-0.172137, 0.984918, 0.000000,
                             0.000103, 3.869577, 0.000056, 1.000000;;
                          }
                          Frame Armature_thumb_03_r {
                            FrameTransformMatrix {
                               0.995618,-0.083117, 0.042861, 0.000000,
                               0.083078, 0.996539, 0.002694, 0.000000,
                              -0.042937, 0.000878, 0.999077, 0.000000,
                              -0.000006, 4.062185,-0.000003, 1.000000;;
                            }
                          } // End of Armature_thumb_03_r
                        } // End of Armature_thumb_02_r
                      } // End of Armature_thumb_01_r
                      Frame Armature_weapon_r {
                        FrameTransformMatrix {
                           0.122783, 0.978716,-0.164436, 0.000000,
                           0.818796,-0.006273, 0.574051, 0.000000,
                           0.560801,-0.205123,-0.802139, 0.000000,
                          -45.950283,-30.331558,21.239603, 1.000000;;
                        }
                      } // End of Armature_weapon_r
                    } // End of Armature_hand_r
                    Frame Armature_lowerarm_twist_01_r {
                      FrameTransformMatrix {
                         0.973411,-0.000000,-0.229064, 0.000000,
                        -0.000000, 1.000000,-0.000001, 0.000000,
                         0.229064, 0.000001, 0.973411, 0.000000,
                         0.000031,13.999999, 0.000006, 1.000000;;
                      }
                    } // End of Armature_lowerarm_twist_01_r
                  } // End of Armature_lowerarm_r
                  Frame Armature_upperarm_twist_01_r {
                    FrameTransformMatrix {
                       0.952148,-0.000000, 0.305637, 0.000000,
                       0.000000, 1.000000,-0.000000, 0.000000,
                      -0.305637, 0.000000, 0.952148, 0.000000,
                      -0.000006, 0.499987, 0.000009, 1.000000;;
                    }
                  } // End of Armature_upperarm_twist_01_r
                } // End of Armature_upperarm_r
              } // End of Armature_clavicle_r
              Frame Armature_neck_01 {
                FrameTransformMatrix {
                   0.882293, 0.467977, 0.050554, 0.000000,
                  -0.469600, 0.882477, 0.026631, 0.000000,
                  -0.032150,-0.047237, 0.998366, 0.000000,
                  -0.355324,16.558794,-0.000000, 1.000000;;
                }
                Frame Armature_head {
                  FrameTransformMatrix {
                     0.616245,-0.781220, 0.099689, 0.000000,
                     0.779540, 0.623079, 0.063945, 0.000000,
                    -0.112070, 0.038306, 0.992962, 0.000000,
                     0.364157, 9.283625,-0.000002, 1.000000;;
                  }
                } // End of Armature_head
              } // End of Armature_neck_01
            } // End of Armature_spine_03
          } // End of Armature_spine_02
        } // End of Armature_spine_01
        Frame Armature_sword_holder {
          FrameTransformMatrix {
            -0.636400, 0.563937, 0.526279, 0.000000,
            -0.615232,-0.782641, 0.094678, 0.000000,
             0.465280,-0.263530, 0.845024, 0.000000,
            14.130789,19.789564,17.467283, 1.000000;;
          }
        } // End of Armature_sword_holder
        Frame Armature_thigh_l {
          FrameTransformMatrix {
            -0.887534,-0.453031,-0.083941, 0.000000,
            -0.460162, 0.862447, 0.210798, 0.000000,
            -0.023104, 0.225717,-0.973919, 0.000000,
            -1.448831, 0.531424, 9.005806, 1.000000;;
          }
          Frame Armature_calf_l {
            FrameTransformMatrix {
              -0.530554,-0.838032, 0.127339, 0.000000,
               0.831825,-0.543633,-0.111937, 0.000000,
               0.163032, 0.046535, 0.985523, 0.000000,
              -0.318798,42.384697, 0.046957, 1.000000;;
            }
            Frame Armature_calf_twist_01_l {
              FrameTransformMatrix {
                 0.998346,-0.015001, 0.055504, 0.000000,
                 0.015236, 0.999877,-0.003824, 0.000000,
                -0.055440, 0.004663, 0.998451, 0.000000,
                -0.000002,20.476774,-0.000002, 1.000000;;
              }
            } // End of Armature_calf_twist_01_l
            Frame Armature_foot_l {
              FrameTransformMatrix {
                -0.007974,-0.999682,-0.023902, 0.000000,
                -0.999329, 0.008821,-0.035542, 0.000000,
                 0.035741, 0.023602,-0.999082, 0.000000,
                 0.000210,40.196690,-0.000058, 1.000000;;
              }
              Frame Armature_ball_l {
                FrameTransformMatrix {
                  -0.032877, 0.999459, 0.000151, 0.000000,
                  -0.999459,-0.032877, 0.000068, 0.000000,
                   0.000073,-0.000149, 1.000000, 0.000000,
                  -10.453842,16.577858,-0.080153, 1.000000;;
                }
              } // End of Armature_ball_l
            } // End of Armature_foot_l
          } // End of Armature_calf_l
          Frame Armature_thigh_twist_01_l {
            FrameTransformMatrix {
               0.975325,-0.000959,-0.220774, 0.000000,
               0.000983, 0.999999,-0.000004, 0.000000,
               0.220774,-0.000213, 0.975325, 0.000000,
              -0.000003,22.094234,-0.000001, 1.000000;;
            }
          } // End of Armature_thigh_twist_01_l
        } // End of Armature_thigh_l
        Frame Armature_thigh_r {
          FrameTransformMatrix {
             0.189697, 0.953878,-0.232663, 0.000000,
            -0.954457, 0.234730, 0.184156, 0.000000,
             0.230275, 0.187133, 0.954963, 0.000000,
            -1.448650, 0.531432,-9.005805, 1.000000;;
          }
          Frame Armature_calf_r {
            FrameTransformMatrix {
               0.798315, 0.598752, 0.064734, 0.000000,
              -0.596916, 0.800934,-0.046867, 0.000000,
              -0.079909,-0.001226, 0.996801, 0.000000,
               0.018911,42.455265, 0.003977, 1.000000;;
            }
            Frame Armature_calf_twist_01_r {
              FrameTransformMatrix {
                 0.998261, 0.014993,-0.057014, 0.000000,
                -0.015235, 0.999877,-0.003825, 0.000000,
                 0.056949, 0.004687, 0.998366, 0.000000,
                 0.000003,20.476929, 0.000001, 1.000000;;
              }
            } // End of Armature_calf_twist_01_r
            Frame Armature_foot_r {
              FrameTransformMatrix {
                 0.457118, 0.889360, 0.009107, 0.000000,
                 0.886970,-0.455084,-0.078636, 0.000000,
                -0.065791, 0.044023,-0.996862, 0.000000,
                 0.000362,40.196766,-0.000056, 1.000000;;
              }
              Frame Armature_ball_r {
                FrameTransformMatrix {
                   0.470868,-0.882203, 0.000557, 0.000000,
                   0.882204, 0.470868,-0.000216, 0.000000,
                  -0.000071, 0.000593, 1.000000, 0.000000,
                  10.453817,16.577801,-0.080162, 1.000000;;
                }
              } // End of Armature_ball_r
            } // End of Armature_foot_r
          } // End of Armature_calf_r
          Frame Armature_thigh_twist_01_r {
            FrameTransformMatrix {
               0.976928, 0.000961, 0.213567, 0.000000,
              -0.000983, 1.000000,-0.000003, 0.000000,
              -0.213567,-0.000207, 0.976929, 0.000000,
              -0.000000,22.094236,-0.000002, 1.000000;;
            }
          } // End of Armature_thigh_twist_01_r
        } // End of Armature_thigh_r
      } // End of Armature_pelvis
    } // End of Armature_root
  } // End of Armature
} // End of Root
AnimationSet Global {
  Animation {
    {Armature}
    AnimationKey { // Rotation
      0;
      51;
      0;4;-0.707107, 0.707107, 0.000000, 0.000000;;,
      1;4;-0.707107, 0.707107, 0.000000, 0.000000;;,
      2;4;-0.707107, 0.707107, 0.000000, 0.000000;;,
      3;4;-0.707107, 0.707107, 0.000000, 0.000000;;,
      4;4;-0.707107, 0.707107, 0.000000, 0.000000;;,
      5;4;-0.707107, 0.707107, 0.000000, 0.000000;;,
      6;4;-0.707107, 0.707107, 0.000000, 0.000000;;,
      7;4;-0.707107, 0.707107, 0.000000, 0.000000;;,
      8;4;-0.707107, 0.707107, 0.000000, 0.000000;;,
      9;4;-0.707107, 0.707107, 0.000000, 0.000000;;,
      10;4;-0.707107, 0.707107, 0.000000, 0.000000;;,
      11;4;-0.707107, 0.707107, 0.000000, 0.000000;;,
      12;4;-0.707107, 0.707107, 0.000000, 0.000000;;,
      13;4;-0.707107, 0.707107, 0.000000, 0.000000;;,
      14;4;-0.707107, 0.707107, 0.000000, 0.000000;;,
      15;4;-0.707107, 0.707107, 0.000000, 0.000000;;,
      16;4;-0.707107, 0.707107, 0.000000, 0.000000;;,
      17;4;-0.707107, 0.707107, 0.000000, 0.000000;;,
      18;4;-0.707107, 0.707107, 0.000000, 0.000000;;,
      19;4;-0.707107, 0.707107, 0.000000, 0.000000;;,
      20;4;-0.707107, 0.707107, 0.000000, 0.000000;;,
      21;4;-0.707107, 0.707107, 0.000000, 0.000000;;,
      22;4;-0.707107, 0.707107, 0.000000, 0.000000;;,
      23;4;-0.707107, 0.707107, 0.000000, 0.000000;;,
      24;4;-0.707107, 0.707107, 0.000000, 0.000000;;,
      25;4;-0.707107, 0.707107, 0.000000, 0.000000;;,
      26;4;-0.707107, 0.707107, 0.000000, 0.000000;;,
      27;4;-0.707107, 0.707107, 0.000000, 0.000000;;,
      28;4;-0.707107, 0.707107, 0.000000, 0.000000;;,
      29;4;-0.707107, 0.707107, 0.000000, 0.000000;;,
      30;4;-0.707107, 0.707107, 0.000000, 0.000000;;,
      31;4;-0.707107, 0.707107, 0.000000, 0.000000;;,
      32;4;-0.707107, 0.707107, 0.000000, 0.000000;;,
      33;4;-0.707107, 0.707107, 0.000000, 0.000000;;,
      34;4;-0.707107, 0.707107, 0.000000, 0.000000;;,
      35;4;-0.707107, 0.707107, 0.000000, 0.000000;;,
      36;4;-0.707107, 0.707107, 0.000000, 0.000000;;,
      37;4;-0.707107, 0.707107, 0.000000, 0.000000;;,
      38;4;-0.707107, 0.707107, 0.000000, 0.000000;;,
      39;4;-0.707107, 0.707107, 0.000000, 0.000000;;,
      40;4;-0.707107, 0.707107, 0.000000, 0.000000;;,
      41;4;-0.707107, 0.707107, 0.000000, 0.000000;;,
      42;4;-0.707107, 0.707107, 0.000000, 0.000000;;,
      43;4;-0.707107, 0.707107, 0.000000, 0.000000;;,
      44;4;-0.707107, 0.707107, 0.000000, 0.000000;;,
      45;4;-0.707107, 0.707107, 0.000000, 0.000000;;,
      46;4;-0.707107, 0.707107, 0.000000, 0.000000;;,
      47;4;-0.707107, 0.707107, 0.000000, 0.000000;;,
      48;4;-0.707107, 0.707107, 0.000000, 0.000000;;,
      49;4;-0.707107, 0.707107, 0.000000, 0.000000;;,
      50;4;-0.707107, 0.707107, 0.000000, 0.000000;;;
    }
    AnimationKey { // Scale
      1;
      51;
      0;3; 0.010000, 0.010000, 0.010000;;,
      1;3; 0.010000, 0.010000, 0.010000;;,
      2;3; 0.010000, 0.010000, 0.010000;;,
      3;3; 0.010000, 0.010000, 0.010000;;,
      4;3; 0.010000, 0.010000, 0.010000;;,
      5;3; 0.010000, 0.010000, 0.010000;;,
      6;3; 0.010000, 0.010000, 0.010000;;,
      7;3; 0.010000, 0.010000, 0.010000;;,
      8;3; 0.010000, 0.010000, 0.010000;;,
      9;3; 0.010000, 0.010000, 0.010000;;,
      10;3; 0.010000, 0.010000, 0.010000;;,
      11;3; 0.010000, 0.010000, 0.010000;;,
      12;3; 0.010000, 0.010000, 0.010000;;,
      13;3; 0.010000, 0.010000, 0.010000;;,
      14;3; 0.010000, 0.010000, 0.010000;;,
      15;3; 0.010000, 0.010000, 0.010000;;,
      16;3; 0.010000, 0.010000, 0.010000;;,
      17;3; 0.010000, 0.010000, 0.010000;;,
      18;3; 0.010000, 0.010000, 0.010000;;,
      19;3; 0.010000, 0.010000, 0.010000;;,
      20;3; 0.010000, 0.010000, 0.010000;;,
      21;3; 0.010000, 0.010000, 0.010000;;,
      22;3; 0.010000, 0.010000, 0.010000;;,
      23;3; 0.010000, 0.010000, 0.010000;;,
      24;3; 0.010000, 0.010000, 0.010000;;,
      25;3; 0.010000, 0.010000, 0.010000;;,
      26;3; 0.010000, 0.010000, 0.010000;;,
      27;3; 0.010000, 0.010000, 0.010000;;,
      28;3; 0.010000, 0.010000, 0.010000;;,
      29;3; 0.010000, 0.010000, 0.010000;;,
      30;3; 0.010000, 0.010000, 0.010000;;,
      31;3; 0.010000, 0.010000, 0.010000;;,
      32;3; 0.010000, 0.010000, 0.010000;;,
      33;3; 0.010000, 0.010000, 0.010000;;,
      34;3; 0.010000, 0.010000, 0.010000;;,
      35;3; 0.010000, 0.010000, 0.010000;;,
      36;3; 0.010000, 0.010000, 0.010000;;,
      37;3; 0.010000, 0.010000, 0.010000;;,
      38;3; 0.010000, 0.010000, 0.010000;;,
      39;3; 0.010000, 0.010000, 0.010000;;,
      40;3; 0.010000, 0.010000, 0.010000;;,
      41;3; 0.010000, 0.010000, 0.010000;;,
      42;3; 0.010000, 0.010000, 0.010000;;,
      43;3; 0.010000, 0.010000, 0.010000;;,
      44;3; 0.010000, 0.010000, 0.010000;;,
      45;3; 0.010000, 0.010000, 0.010000;;,
      46;3; 0.010000, 0.010000, 0.010000;;,
      47;3; 0.010000, 0.010000, 0.010000;;,
      48;3; 0.010000, 0.010000, 0.010000;;,
      49;3; 0.010000, 0.010000, 0.010000;;,
      50;3; 0.010000, 0.010000, 0.010000;;;
    }
    AnimationKey { // Position
      2;
      51;
      0;3; 0.000000, 0.000000, 0.000000;;,
      1;3; 0.000000, 0.000000, 0.000000;;,
      2;3; 0.000000, 0.000000, 0.000000;;,
      3;3; 0.000000, 0.000000, 0.000000;;,
      4;3; 0.000000, 0.000000, 0.000000;;,
      5;3; 0.000000, 0.000000, 0.000000;;,
      6;3; 0.000000, 0.000000, 0.000000;;,
      7;3; 0.000000, 0.000000, 0.000000;;,
      8;3; 0.000000, 0.000000, 0.000000;;,
      9;3; 0.000000, 0.000000, 0.000000;;,
      10;3; 0.000000, 0.000000, 0.000000;;,
      11;3; 0.000000, 0.000000, 0.000000;;,
      12;3; 0.000000, 0.000000, 0.000000;;,
      13;3; 0.000000, 0.000000, 0.000000;;,
      14;3; 0.000000, 0.000000, 0.000000;;,
      15;3; 0.000000, 0.000000, 0.000000;;,
      16;3; 0.000000, 0.000000, 0.000000;;,
      17;3; 0.000000, 0.000000, 0.000000;;,
      18;3; 0.000000, 0.000000, 0.000000;;,
      19;3; 0.000000, 0.000000, 0.000000;;,
      20;3; 0.000000, 0.000000, 0.000000;;,
      21;3; 0.000000, 0.000000, 0.000000;;,
      22;3; 0.000000, 0.000000, 0.000000;;,
      23;3; 0.000000, 0.000000, 0.000000;;,
      24;3; 0.000000, 0.000000, 0.000000;;,
      25;3; 0.000000, 0.000000, 0.000000;;,
      26;3; 0.000000, 0.000000, 0.000000;;,
      27;3; 0.000000, 0.000000, 0.000000;;,
      28;3; 0.000000, 0.000000, 0.000000;;,
      29;3; 0.000000, 0.000000, 0.000000;;,
      30;3; 0.000000, 0.000000, 0.000000;;,
      31;3; 0.000000, 0.000000, 0.000000;;,
      32;3; 0.000000, 0.000000, 0.000000;;,
      33;3; 0.000000, 0.000000, 0.000000;;,
      34;3; 0.000000, 0.000000, 0.000000;;,
      35;3; 0.000000, 0.000000, 0.000000;;,
      36;3; 0.000000, 0.000000, 0.000000;;,
      37;3; 0.000000, 0.000000, 0.000000;;,
      38;3; 0.000000, 0.000000, 0.000000;;,
      39;3; 0.000000, 0.000000, 0.000000;;,
      40;3; 0.000000, 0.000000, 0.000000;;,
      41;3; 0.000000, 0.000000, 0.000000;;,
      42;3; 0.000000, 0.000000, 0.000000;;,
      43;3; 0.000000, 0.000000, 0.000000;;,
      44;3; 0.000000, 0.000000, 0.000000;;,
      45;3; 0.000000, 0.000000, 0.000000;;,
      46;3; 0.000000, 0.000000, 0.000000;;,
      47;3; 0.000000, 0.000000, 0.000000;;,
      48;3; 0.000000, 0.000000, 0.000000;;,
      49;3; 0.000000, 0.000000, 0.000000;;,
      50;3; 0.000000, 0.000000, 0.000000;;;
    }
  }
  Animation {
    {Armature_root}
    AnimationKey { // Rotation
      0;
      51;
      0;4;-1.000000, 0.000000, 0.000000, 0.000000;;,
      1;4;-1.000000, 0.000000, 0.000000, 0.000000;;,
      2;4;-1.000000, 0.000000, 0.000000, 0.000000;;,
      3;4;-1.000000, 0.000000, 0.000000, 0.000000;;,
      4;4;-1.000000, 0.000000, 0.000000, 0.000000;;,
      5;4;-1.000000, 0.000000, 0.000000, 0.000000;;,
      6;4;-1.000000, 0.000000, 0.000000, 0.000000;;,
      7;4;-1.000000, 0.000000, 0.000000, 0.000000;;,
      8;4;-1.000000, 0.000000, 0.000000, 0.000000;;,
      9;4;-1.000000, 0.000000, 0.000000, 0.000000;;,
      10;4;-1.000000, 0.000000, 0.000000, 0.000000;;,
      11;4;-1.000000, 0.000000, 0.000000, 0.000000;;,
      12;4;-1.000000, 0.000000, 0.000000, 0.000000;;,
      13;4;-1.000000, 0.000000, 0.000000, 0.000000;;,
      14;4;-1.000000, 0.000000, 0.000000, 0.000000;;,
      15;4;-1.000000, 0.000000, 0.000000, 0.000000;;,
      16;4;-1.000000, 0.000000, 0.000000, 0.000000;;,
      17;4;-1.000000, 0.000000, 0.000000, 0.000000;;,
      18;4;-1.000000, 0.000000, 0.000000, 0.000000;;,
      19;4;-1.000000, 0.000000, 0.000000, 0.000000;;,
      20;4;-1.000000, 0.000000, 0.000000, 0.000000;;,
      21;4;-1.000000, 0.000000, 0.000000, 0.000000;;,
      22;4;-1.000000, 0.000000, 0.000000, 0.000000;;,
      23;4;-1.000000, 0.000000, 0.000000, 0.000000;;,
      24;4;-1.000000, 0.000000, 0.000000, 0.000000;;,
      25;4;-1.000000, 0.000000, 0.000000, 0.000000;;,
      26;4;-1.000000, 0.000000, 0.000000, 0.000000;;,
      27;4;-1.000000, 0.000000, 0.000000, 0.000000;;,
      28;4;-1.000000, 0.000000, 0.000000, 0.000000;;,
      29;4;-1.000000, 0.000000, 0.000000, 0.000000;;,
      30;4;-1.000000, 0.000000, 0.000000, 0.000000;;,
      31;4;-1.000000, 0.000000, 0.000000, 0.000000;;,
      32;4;-1.000000, 0.000000, 0.000000, 0.000000;;,
      33;4;-1.000000, 0.000000, 0.000000, 0.000000;;,
      34;4;-1.000000, 0.000000, 0.000000, 0.000000;;,
      35;4;-1.000000, 0.000000, 0.000000, 0.000000;;,
      36;4;-1.000000, 0.000000, 0.000000, 0.000000;;,
      37;4;-1.000000, 0.000000, 0.000000, 0.000000;;,
      38;4;-1.000000, 0.000000, 0.000000, 0.000000;;,
      39;4;-1.000000, 0.000000, 0.000000, 0.000000;;,
      40;4;-1.000000, 0.000000, 0.000000, 0.000000;;,
      41;4;-1.000000, 0.000000, 0.000000, 0.000000;;,
      42;4;-1.000000, 0.000000, 0.000000, 0.000000;;,
      43;4;-1.000000, 0.000000, 0.000000, 0.000000;;,
      44;4;-1.000000, 0.000000, 0.000000, 0.000000;;,
      45;4;-1.000000, 0.000000, 0.000000, 0.000000;;,
      46;4;-1.000000, 0.000000, 0.000000, 0.000000;;,
      47;4;-1.000000, 0.000000, 0.000000, 0.000000;;,
      48;4;-1.000000, 0.000000, 0.000000, 0.000000;;,
      49;4;-1.000000, 0.000000, 0.000000, 0.000000;;,
      50;4;-1.000000, 0.000000, 0.000000, 0.000000;;;
    }
    AnimationKey { // Scale
      1;
      51;
      0;3; 1.000000, 1.000000, 1.000000;;,
      1;3; 1.000000, 1.000000, 1.000000;;,
      2;3; 1.000000, 1.000000, 1.000000;;,
