xof 0303txt 0032

template XSkinMeshHeader {
  <3cf169ce-ff7c-44ab-93c0-f78f62d172e2>
  WORD nMaxSkinWeightsPerVertex;
  WORD nMaxSkinWeightsPerFace;
  WORD nBones;
}

template SkinWeights {
  <6f0d123b-bad2-4167-a0d0-80224f25fabb>
  STRING transformNodeName;
  DWORD nWeights;
  array DWORD vertexIndices[nWeights];
  array float weights[nWeights];
  Matrix4x4 matrixOffset;
}

Frame Root {
  FrameTransformMatrix {
     1.000000, 0.000000, 0.000000, 0.000000,
     0.000000,-0.000000, 1.000000, 0.000000,
     0.000000, 1.000000, 0.000000, 0.000000,
     0.000000, 0.000000, 0.000000, 1.000000;;
  }
  Frame Armature {
    FrameTransformMatrix {
       0.010000, 0.000000, 0.000000, 0.000000,
       0.000000,-0.000000, 0.010000, 0.000000,
       0.000000,-0.010000,-0.000000, 0.000000,
       0.000000, 0.000000, 0.000000, 1.000000;;
    }
    Frame Armature_root {
      FrameTransformMatrix {
         1.000000, 0.000000, 0.000000, 0.000000,
         0.000000, 1.000000, 0.000000, 0.000000,
         0.000000, 0.000000, 1.000000, 0.000000,
         0.000000, 0.000013, 0.000000, 1.000000;;
      }
      Frame Armature_ik_foot_root {
        FrameTransformMatrix {
           1.000000, 0.000000, 0.000000, 0.000000,
           0.000000, 1.000000, 0.000000, 0.000000,
           0.000000, 0.000000, 1.000000, 0.000000,
           0.000000, 0.000000, 0.000000, 1.000000;;
        }
        Frame Armature_ik_foot_l {
          FrameTransformMatrix {
             0.192232, 0.063187, 0.979313, 0.000000,
            -0.968278,-0.150122, 0.199752, 0.000000,
             0.159638,-0.986646, 0.032324, 0.000000,
             8.213382,48.150425,-12.666871, 1.000000;;
          }
        } // End of Armature_ik_foot_l
        Frame Armature_ik_foot_r {
          FrameTransformMatrix {
             0.062038,-0.936262,-0.345781, 0.000000,
            -0.983023, 0.002622,-0.183467, 0.000000,
             0.172680, 0.351292,-0.920204, 0.000000,
            -4.145745,18.288471,-34.032391, 1.000000;;
          }
        } // End of Armature_ik_foot_r
      } // End of Armature_ik_foot_root
      Frame Armature_ik_hand_root {
        FrameTransformMatrix {
           1.000000, 0.000000, 0.000000, 0.000000,
           0.000000, 1.000000, 0.000000, 0.000000,
           0.000000, 0.000000, 1.000000, 0.000000,
           0.000000, 0.000000, 0.000000, 1.000000;;
        }
        Frame Armature_ik_hand_gun {
          FrameTransformMatrix {
             0.025879,-0.060174, 0.997852, 0.000000,
             0.874638, 0.484732, 0.006547, 0.000000,
            -0.484085, 0.872591, 0.065174, 0.000000,
            -46.253639,100.306885,-10.444132, 1.000000;;
          }
          Frame Armature_ik_hand_l {
            FrameTransformMatrix {
               0.146362,-0.224423,-0.963438, 0.000000,
               0.879236,-0.416818, 0.230664, 0.000000,
              -0.453345,-0.880850, 0.136314, 0.000000,
              22.915785,71.216118,-34.965500, 1.000000;;
            }
          } // End of Armature_ik_hand_l
          Frame Armature_ik_hand_r {
            FrameTransformMatrix {
               1.000000, 0.000001,-0.000000, 0.000000,
              -0.000001, 1.000000,-0.000000, 0.000000,
               0.000000, 0.000000, 1.000000, 0.000000,
               0.000030, 0.000004, 0.000010, 1.000000;;
            }
          } // End of Armature_ik_hand_r
        } // End of Armature_ik_hand_gun
      } // End of Armature_ik_hand_root
      Frame Armature_pelvis {
        FrameTransformMatrix {
           0.142866, 0.868337, 0.474953, 0.000000,
          -0.143370,-0.456658, 0.878014, 0.000000,
           0.979303,-0.193532, 0.059253, 0.000000,
          -0.169810,87.306908, 2.767118, 1.000000;;
        }
        Frame Armature_spine_01 {
          FrameTransformMatrix {
             0.288512,-0.956419,-0.044997, 0.000000,
             0.935227, 0.291568,-0.200847, 0.000000,
             0.205214, 0.015864, 0.978589, 0.000000,
            10.808878, 0.851409,-0.000001, 1.000000;;
          }
          Frame Armature_spine_02 {
            FrameTransformMatrix {
               0.995219,-0.047372,-0.085411, 0.000000,
               0.044922, 0.998528,-0.030378, 0.000000,
               0.086724, 0.026396, 0.995883, 0.000000,
               3.785565,18.846474, 0.328286, 1.000000;;
            }
            Frame Armature_spine_03 {
              FrameTransformMatrix {
                 0.991247, 0.096088,-0.090533, 0.000000,
                -0.096655, 0.995316,-0.001886, 0.000000,
                 0.089928, 0.010620, 0.995892, 0.000000,
                 0.415022,13.412287, 0.068852, 1.000000;;
              }
              Frame Armature_clavicle_l {
                FrameTransformMatrix {
                   0.938315, 0.138752,-0.316722, 0.000000,
                   0.323236,-0.026639, 0.945943, 0.000000,
                   0.122814,-0.989969,-0.069846, 0.000000,
                  -2.732090,11.883728, 3.781988, 1.000000;;
                }
                Frame Armature_upperarm_l {
                  FrameTransformMatrix {
                     0.858931, 0.313420,-0.404976, 0.000000,
                     0.191122, 0.537484, 0.821330, 0.000000,
                     0.475089,-0.782866, 0.401760, 0.000000,
                     0.000005,15.784869, 0.000003, 1.000000;;
                  }
                  Frame Armature_lowerarm_l {
                    FrameTransformMatrix {
                       0.182821, 0.983146,-0.000004, 0.000000,
                      -0.983146, 0.182822,-0.000000, 0.000000,
                       0.000000, 0.000004, 1.000000, 0.000000,
                      -0.000024,30.339930,-0.000002, 1.000000;;
                    }
                    Frame Armature_hand_l {
                      FrameTransformMatrix {
                         0.011332, 0.128797, 0.991606, 0.000000,
                         0.039594, 0.990834,-0.129149, 0.000000,
                        -0.999152, 0.040725, 0.006128, 0.000000,
                        -0.000003,26.975153, 0.000005, 1.000000;;
                      }
                      Frame Armature_index_01_l {
                        FrameTransformMatrix {
                           0.743790,-0.626015,-0.234267, 0.000000,
                           0.616255, 0.777983,-0.122360, 0.000000,
                           0.258855,-0.053359, 0.964441, 0.000000,
                           1.763462,12.068112, 2.109400, 1.000000;;
                        }
                        Frame Armature_index_02_l {
                          FrameTransformMatrix {
                             0.904649,-0.425648,-0.020840, 0.000000,
                             0.425449, 0.904883,-0.013410, 0.000000,
                             0.024565, 0.003265, 0.999693, 0.000000,
                            -0.000002, 4.287483,-0.000001, 1.000000;;
                          }
                          Frame Armature_index_03_l {
                            FrameTransformMatrix {
                               0.997664,-0.064222,-0.023294, 0.000000,
                               0.064523, 0.997839, 0.012415, 0.000000,
                               0.022446,-0.013889, 0.999652, 0.000000,
                               0.000004, 3.393786,-0.000003, 1.000000;;
                            }
                          } // End of Armature_index_03_l
                        } // End of Armature_index_02_l
                      } // End of Armature_index_01_l
                      Frame Armature_middle_01_l {
                        FrameTransformMatrix {
                           0.699030,-0.714895, 0.016793, 0.000000,
                           0.710786, 0.692054,-0.125875, 0.000000,
                           0.078366, 0.099927, 0.991904, 0.000000,
                           1.293646,12.244276,-0.571156, 1.000000;;
                        }
                        Frame Armature_middle_02_l {
                          FrameTransformMatrix {
                             0.818061,-0.574592, 0.024903, 0.000000,
                             0.573825, 0.818354, 0.031963, 0.000000,
                            -0.038745,-0.011857, 0.999179, 0.000000,
                            -0.000002, 4.640364, 0.000002, 1.000000;;
                          }
                          Frame Armature_middle_03_l {
                            FrameTransformMatrix {
                               0.991632,-0.127963, 0.017073, 0.000000,
                               0.128898, 0.988753,-0.075845, 0.000000,
                              -0.007176, 0.077411, 0.996973, 0.000000,
                              -0.000004, 3.648850, 0.000002, 1.000000;;
                            }
                          } // End of Armature_middle_03_l
                        } // End of Armature_middle_02_l
                      } // End of Armature_middle_01_l
                      Frame Armature_pinky_01_l {
                        FrameTransformMatrix {
                           0.582281,-0.687821, 0.433419, 0.000000,
                           0.789192, 0.606254,-0.098144, 0.000000,
                          -0.195257, 0.399199, 0.895832, 0.000000,
                           2.263157,10.140661,-4.643137, 1.000000;;
                        }
                        Frame Armature_pinky_02_l {
                          FrameTransformMatrix {
                             0.702612,-0.711568,-0.002476, 0.000000,
                             0.711211, 0.702362,-0.029416, 0.000000,
                             0.022671, 0.018907, 0.999564, 0.000000,
                             0.000002, 3.571004, 0.000003, 1.000000;;
                          }
                          Frame Armature_pinky_03_l {
                            FrameTransformMatrix {
                               0.817357,-0.574427,-0.044296, 0.000000,
                               0.576095, 0.815758, 0.051507, 0.000000,
                               0.006548,-0.067618, 0.997690, 0.000000,
                              -0.000003, 2.985635, 0.000001, 1.000000;;
                            }
                          } // End of Armature_pinky_03_l
                        } // End of Armature_pinky_02_l
                      } // End of Armature_pinky_01_l
                      Frame Armature_ring_01_l {
                        FrameTransformMatrix {
                           0.627463,-0.722007, 0.291539, 0.000000,
                           0.765719, 0.640105,-0.062771, 0.000000,
                          -0.141295, 0.262624, 0.954497, 0.000000,
                           1.753527,11.497878,-2.846897, 1.000000;;
                        }
                        Frame Armature_ring_02_l {
                          FrameTransformMatrix {
                             0.755887,-0.654642, 0.008832, 0.000000,
                             0.654595, 0.755451,-0.028263, 0.000000,
                             0.011830, 0.027145, 0.999561, 0.000000,
                            -0.000005, 4.430171, 0.000001, 1.000000;;
                          }
                          Frame Armature_ring_03_l {
                            FrameTransformMatrix {
                               0.967253,-0.253135,-0.018564, 0.000000,
                               0.253755, 0.966021, 0.049103, 0.000000,
                               0.005504,-0.052206, 0.998621, 0.000000,
                               0.000008, 3.476648,-0.000003, 1.000000;;
                            }
                          } // End of Armature_ring_03_l
                        } // End of Armature_ring_02_l
                      } // End of Armature_ring_01_l
                      Frame Armature_thumb_01_l {
                        FrameTransformMatrix {
                           0.139145, 0.453055,-0.880557, 0.000000,
                           0.347229, 0.810430, 0.471843, 0.000000,
                           0.927400,-0.371410,-0.044546, 0.000000,
                           2.374979, 4.762030, 2.537816, 1.000000;;
                        }
                        Frame Armature_thumb_02_l {
                          FrameTransformMatrix {
                             0.963380,-0.266513,-0.029506, 0.000000,
                             0.267572, 0.948336, 0.170482, 0.000000,
                            -0.017454,-0.172134, 0.984919, 0.000000,
                             0.000000, 3.869679, 0.000001, 1.000000;;
                          }
                          Frame Armature_thumb_03_l {
                            FrameTransformMatrix {
                               0.988867,-0.142637,-0.042390, 0.000000,
                               0.142468, 0.989775,-0.006992, 0.000000,
                               0.042953, 0.000875, 0.999077, 0.000000,
                               0.000001, 4.062185,-0.000001, 1.000000;;
                            }
                          } // End of Armature_thumb_03_l
                        } // End of Armature_thumb_02_l
                      } // End of Armature_thumb_01_l
                    } // End of Armature_hand_l
                    Frame Armature_lowerarm_twist_01_l {
                      FrameTransformMatrix {
                         0.999996,-0.000000,-0.002935, 0.000000,
                         0.000000, 1.000000, 0.000000, 0.000000,
                         0.002935,-0.000000, 0.999996, 0.000000,
                         0.000005,14.000010, 0.000009, 1.000000;;
                      }
                    } // End of Armature_lowerarm_twist_01_l
                  } // End of Armature_lowerarm_l
                  Frame Armature_upperarm_twist_01_l {
                    FrameTransformMatrix {
                       0.957755,-0.000000, 0.287584, 0.000000,
                      -0.000000, 1.000000, 0.000000, 0.000000,
                      -0.287584,-0.000000, 0.957755, 0.000000,
                      -0.000006, 0.500004,-0.000008, 1.000000;;
                    }
                  } // End of Armature_upperarm_twist_01_l
                } // End of Armature_upperarm_l
              } // End of Armature_clavicle_l
              Frame Armature_clavicle_r {
                FrameTransformMatrix {
                  -0.945833,-0.129492,-0.297710, 0.000000,
                   0.313347,-0.124221,-0.941479, 0.000000,
                   0.084932,-0.983769, 0.158069, 0.000000,
                  -2.732088,11.883772,-3.782006, 1.000000;;
                }
                Frame Armature_upperarm_r {
                  FrameTransformMatrix {
                     0.811627, 0.467552,-0.350223, 0.000000,
                    -0.007513, 0.607821, 0.794038, 0.000000,
                     0.584128,-0.641832, 0.496837, 0.000000,
                    -0.000049,15.784783, 0.000096, 1.000000;;
                  }
                  Frame Armature_lowerarm_r {
                    FrameTransformMatrix {
                       0.946075,-0.292863,-0.138469, 0.000000,
                       0.294207, 0.955677,-0.011126, 0.000000,
                       0.135590,-0.030212, 0.990304, 0.000000,
                      -0.000046,30.340017,-0.000015, 1.000000;;
                    }
                    Frame Armature_hand_r {
                      FrameTransformMatrix {
                         0.216129,-0.258986,-0.941390, 0.000000,
                        -0.713941, 0.615781,-0.333318, 0.000000,
                         0.666015, 0.744137,-0.051813, 0.000000,
                         0.000012,26.975225, 0.000008, 1.000000;;
                      }
                      Frame Armature_index_01_r {
                        FrameTransformMatrix {
                           0.680580, 0.711087, 0.176542, 0.000000,
                          -0.685836, 0.703071,-0.187937, 0.000000,
                          -0.257761, 0.006827, 0.966185, 0.000000,
                          -1.763743,12.067927, 2.109439, 1.000000;;
                        }
                        Frame Armature_index_02_r {
                          FrameTransformMatrix {
                            -0.096417, 0.990319, 0.099862, 0.000000,
                            -0.995296,-0.094968,-0.019176, 0.000000,
                            -0.009507,-0.101241, 0.994817, 0.000000,
                             0.000099, 4.287701,-0.000082, 1.000000;;
                          }
                          Frame Armature_index_03_r {
                            FrameTransformMatrix {
                               0.666916, 0.744998, 0.014204, 0.000000,
                              -0.744829, 0.667068,-0.015863, 0.000000,
                              -0.021293,-0.000000, 0.999773, 0.000000,
                               0.000128, 3.393785,-0.000013, 1.000000;;
                            }
                          } // End of Armature_index_03_r
                        } // End of Armature_index_02_r
                      } // End of Armature_index_01_r
                      Frame Armature_middle_01_r {
                        FrameTransformMatrix {
                           0.441929, 0.896672,-0.026035, 0.000000,
                          -0.895749, 0.439540,-0.066612, 0.000000,
                          -0.048286, 0.052759, 0.997439, 0.000000,
                          -1.293747,12.244112,-0.571115, 1.000000;;
                        }
                        Frame Armature_middle_02_r {
                          FrameTransformMatrix {
                             0.178861, 0.979906, 0.088283, 0.000000,
                            -0.981564, 0.171575, 0.084231, 0.000000,
                             0.067392,-0.101721, 0.992528, 0.000000,
                             0.000002, 4.640569,-0.000001, 1.000000;;
                          }
                          Frame Armature_middle_03_r {
                            FrameTransformMatrix {
                               0.131035, 0.991378, 0.000431, 0.000000,
                              -0.991372, 0.131035,-0.003252, 0.000000,
                              -0.003280,-0.000002, 0.999995, 0.000000,
                              -0.000001, 3.649038,-0.000000, 1.000000;;
                            }
                          } // End of Armature_middle_03_r
                        } // End of Armature_middle_02_r
                      } // End of Armature_middle_01_r
                      Frame Armature_pinky_01_r {
                        FrameTransformMatrix {
                           0.827083, 0.473666,-0.302612, 0.000000,
                          -0.535491, 0.827641,-0.168105, 0.000000,
                           0.170829, 0.301083, 0.938172, 0.000000,
                          -2.263381,10.140594,-4.643086, 1.000000;;
                        }
                        Frame Armature_pinky_02_r {
                          FrameTransformMatrix {
                             0.135746, 0.989595, 0.047700, 0.000000,
                            -0.990285, 0.136991,-0.023857, 0.000000,
                            -0.030143,-0.043999, 0.998577, 0.000000,
                            -0.000006, 3.571071,-0.000001, 1.000000;;
                          }
                          Frame Armature_pinky_03_r {
                            FrameTransformMatrix {
                              -0.138509, 0.990361,-0.000992, 0.000000,
                              -0.990335,-0.138513,-0.007125, 0.000000,
                              -0.007194,-0.000004, 0.999974, 0.000000,
                               0.000306, 2.985509,-0.000036, 1.000000;;
                            }
                          } // End of Armature_pinky_03_r
                        } // End of Armature_pinky_02_r
                      } // End of Armature_pinky_01_r
                      Frame Armature_ring_01_r {
                        FrameTransformMatrix {
                           0.488692, 0.835027,-0.252803, 0.000000,
                          -0.863052, 0.505116, 0.000074, 0.000000,
                           0.127757, 0.218146, 0.967518, 0.000000,
                          -1.753789,11.497969,-2.846906, 1.000000;;
                        }
                        Frame Armature_ring_02_r {
                          FrameTransformMatrix {
                            -0.098077, 0.994968, 0.020472, 0.000000,
                            -0.995158,-0.097920,-0.008494, 0.000000,
                            -0.006447,-0.021206, 0.999754, 0.000000,
                             0.000001, 4.429861,-0.000001, 1.000000;;
                          }
                          Frame Armature_ring_03_r {
                            FrameTransformMatrix {
                               0.264063, 0.964505,-0.000103, 0.000000,
                              -0.964505, 0.264063, 0.000395, 0.000000,
                               0.000408,-0.000005, 1.000000, 0.000000,
                              -0.000002, 3.476570, 0.000006, 1.000000;;
                            }
                          } // End of Armature_ring_03_r
                        } // End of Armature_ring_02_r
                      } // End of Armature_ring_01_r
                      Frame Armature_thumb_01_r {
                        FrameTransformMatrix {
                           0.166767,-0.399675, 0.901359, 0.000000,
                          -0.684861, 0.610701, 0.397504, 0.000000,
                          -0.709334,-0.683596,-0.171877, 0.000000,
                          -2.375120, 4.762119, 2.537813, 1.000000;;
                        }
                        Frame Armature_thumb_02_r {
                          FrameTransformMatrix {
                             0.809495, 0.587038, 0.010215, 0.000000,
                            -0.587124, 0.809316, 0.017119, 0.000000,
                             0.001782,-0.019855, 0.999801, 0.000000,
                             0.000105, 3.869573, 0.000047, 1.000000;;
                          }
                          Frame Armature_thumb_03_r {
                            FrameTransformMatrix {
                               0.696233, 0.717189, 0.029994, 0.000000,
                              -0.716525, 0.696878,-0.030866, 0.000000,
                              -0.043039,-0.000001, 0.999073, 0.000000,
                              -0.000005, 4.062192,-0.000006, 1.000000;;
                            }
                          } // End of Armature_thumb_03_r
                        } // End of Armature_thumb_02_r
                      } // End of Armature_thumb_01_r
                      Frame Armature_weapon_r {
                        FrameTransformMatrix {
                          -0.005470,-0.000003,-0.999985, 0.000000,
                          -0.000002,-1.000000, 0.000003, 0.000000,
                          -0.999985, 0.000002, 0.005470, 0.000000,
                          -4.666993,11.308997,-1.093000, 1.000000;;
                        }
                      } // End of Armature_weapon_r
                    } // End of Armature_hand_r
                    Frame Armature_lowerarm_twist_01_r {
                      FrameTransformMatrix {
                         0.996669, 0.000000,-0.081549, 0.000000,
                        -0.000000, 1.000000,-0.000000, 0.000000,
                         0.081549, 0.000000, 0.996669, 0.000000,
                         0.000040,13.999989, 0.000001, 1.000000;;
                      }
                    } // End of Armature_lowerarm_twist_01_r
                  } // End of Armature_lowerarm_r
                  Frame Armature_upperarm_twist_01_r {
                    FrameTransformMatrix {
                       0.896325, 0.000002, 0.443398, 0.000000,
                      -0.000001, 1.000000,-0.000001, 0.000000,
                      -0.443398,-0.000000, 0.896325, 0.000000,
                       0.000015, 0.499951, 0.000001, 1.000000;;
                    }
                  } // End of Armature_upperarm_twist_01_r
                } // End of Armature_upperarm_r
              } // End of Armature_clavicle_r
              Frame Armature_neck_01 {
                FrameTransformMatrix {
                   0.882293, 0.467977, 0.050555, 0.000000,
                  -0.469600, 0.882477, 0.026631, 0.000000,
                  -0.032151,-0.047236, 0.998366, 0.000000,
                  -0.355313,16.558792, 0.000000, 1.000000;;
                }
                Frame Armature_head {
                  FrameTransformMatrix {
                     0.586389,-0.807193,-0.067730, 0.000000,
                     0.809929, 0.582946, 0.064720, 0.000000,
                    -0.012758,-0.092808, 0.995602, 0.000000,
                     0.364146, 9.283602,-0.000001, 1.000000;;
                  }
                } // End of Armature_head
              } // End of Armature_neck_01
            } // End of Armature_spine_03
          } // End of Armature_spine_02
        } // End of Armature_spine_01
        Frame Armature_sword_holder {
          FrameTransformMatrix {
            -0.636399, 0.563938, 0.526279, 0.000000,
            -0.615231,-0.782641, 0.094679, 0.000000,
             0.465280,-0.263530, 0.845025, 0.000000,
            14.130822,19.789566,17.467278, 1.000000;;
          }
        } // End of Armature_sword_holder
        Frame Armature_thigh_l {
          FrameTransformMatrix {
            -0.907300,-0.385622,-0.167639, 0.000000,
            -0.420479, 0.834131, 0.356963, 0.000000,
             0.002180, 0.394361,-0.918953, 0.000000,
            -1.448812, 0.531436, 9.005812, 1.000000;;
          }
          Frame Armature_calf_l {
            FrameTransformMatrix {
              -0.530697,-0.837938, 0.127357, 0.000000,
               0.831732,-0.543778,-0.111928, 0.000000,
               0.163043, 0.046527, 0.985521, 0.000000,
              -0.318807,42.384724, 0.046958, 1.000000;;
            }
            Frame Armature_calf_twist_01_l {
              FrameTransformMatrix {
                 0.998836,-0.015045, 0.045825, 0.000000,
                 0.015236, 0.999877,-0.003824, 0.000000,
                -0.045762, 0.004517, 0.998942, 0.000000,
                -0.000003,20.476833,-0.000009, 1.000000;;
              }
            } // End of Armature_calf_twist_01_l
            Frame Armature_foot_l {
              FrameTransformMatrix {
                 0.023277,-0.999656,-0.012076, 0.000000,
                -0.999565,-0.023053,-0.018374, 0.000000,
                 0.018090, 0.012499,-0.999758, 0.000000,
                 0.000165,40.196739,-0.000078, 1.000000;;
              }
              Frame Armature_ball_l {
                FrameTransformMatrix {
                  -0.032877, 0.999459, 0.000155, 0.000000,
                  -0.999460,-0.032877, 0.000070, 0.000000,
                   0.000075,-0.000152, 1.000000, 0.000000,
                  -10.453836,16.577864,-0.080136, 1.000000;;
                }
              } // End of Armature_ball_l
            } // End of Armature_foot_l
          } // End of Armature_calf_l
          Frame Armature_thigh_twist_01_l {
            FrameTransformMatrix {
               0.948561,-0.000933,-0.316592, 0.000000,
               0.000982, 1.000000,-0.000004, 0.000000,
               0.316592,-0.000308, 0.948562, 0.000000,
               0.000022,22.094223,-0.000006, 1.000000;;
            }
          } // End of Armature_thigh_twist_01_l
        } // End of Armature_thigh_l
        Frame Armature_thigh_r {
          FrameTransformMatrix {
             0.294027, 0.953032,-0.072656, 0.000000,
            -0.927090, 0.302862, 0.220859, 0.000000,
             0.232490, 0.002420, 0.972596, 0.000000,
            -1.448644, 0.531421,-9.005802, 1.000000;;
          }
          Frame Armature_calf_r {
            FrameTransformMatrix {
               0.790201, 0.609561, 0.063391, 0.000000,
              -0.607616, 0.792739,-0.048651, 0.000000,
              -0.079908,-0.000074, 0.996802, 0.000000,
               0.020297,42.452438, 0.004210, 1.000000;;
            }
            Frame Armature_calf_twist_01_r {
              FrameTransformMatrix {
                 0.997679, 0.014948,-0.066428, 0.000000,
                -0.015235, 0.999877,-0.003825, 0.000000,
                 0.066363, 0.004828, 0.997784, 0.000000,
                -0.000013,20.476921,-0.000002, 1.000000;;
              }
            } // End of Armature_calf_twist_01_r
            Frame Armature_foot_r {
              FrameTransformMatrix {
                 0.446637, 0.894697, 0.005771, 0.000000,
                 0.890798,-0.444069,-0.096339, 0.000000,
                -0.083631, 0.048169,-0.995332, 0.000000,
                 0.000353,40.196739,-0.000058, 1.000000;;
              }
              Frame Armature_ball_r {
                FrameTransformMatrix {
                   0.470870,-0.882203,-0.000102, 0.000000,
                   0.882203, 0.470870, 0.000136, 0.000000,
                  -0.000072,-0.000154, 1.000000, 0.000000,
                  10.453809,16.577824,-0.080166, 1.000000;;
                }
              } // End of Armature_ball_r
            } // End of Armature_foot_r
          } // End of Armature_calf_r
          Frame Armature_thigh_twist_01_r {
            FrameTransformMatrix {
               0.998096, 0.000982, 0.061671, 0.000000,
              -0.000984, 0.999999,-0.000003, 0.000000,
              -0.061671,-0.000058, 0.998096, 0.000000,
               0.000002,22.094236, 0.000001, 1.000000;;
            }
          } // End of Armature_thigh_twist_01_r
        } // End of Armature_thigh_r
      } // End of Armature_pelvis
    } // End of Armature_root
  } // End of Armature
} // End of Root
AnimationSet Global {
  Animation {
    {Armature}
    AnimationKey { // Rotation
      0;
      41;
      0;4;-0.707107, 0.707107, 0.000000, 0.000000;;,
      1;4;-0.707107, 0.707107, 0.000000, 0.000000;;,
      2;4;-0.707107, 0.707107, 0.000000, 0.000000;;,
      3;4;-0.707107, 0.707107, 0.000000, 0.000000;;,
      4;4;-0.707107, 0.707107, 0.000000, 0.000000;;,
      5;4;-0.707107, 0.707107, 0.000000, 0.000000;;,
      6;4;-0.707107, 0.707107, 0.000000, 0.000000;;,
      7;4;-0.707107, 0.707107, 0.000000, 0.000000;;,
      8;4;-0.707107, 0.707107, 0.000000, 0.000000;;,
      9;4;-0.707107, 0.707107, 0.000000, 0.000000;;,
      10;4;-0.707107, 0.707107, 0.000000, 0.000000;;,
      11;4;-0.707107, 0.707107, 0.000000, 0.000000;;,
      12;4;-0.707107, 0.707107, 0.000000, 0.000000;;,
      13;4;-0.707107, 0.707107, 0.000000, 0.000000;;,
      14;4;-0.707107, 0.707107, 0.000000, 0.000000;;,
      15;4;-0.707107, 0.707107, 0.000000, 0.000000;;,
      16;4;-0.707107, 0.707107, 0.000000, 0.000000;;,
      17;4;-0.707107, 0.707107, 0.000000, 0.000000;;,
      18;4;-0.707107, 0.707107, 0.000000, 0.000000;;,
      19;4;-0.707107, 0.707107, 0.000000, 0.000000;;,
      20;4;-0.707107, 0.707107, 0.000000, 0.000000;;,
      21;4;-0.707107, 0.707107, 0.000000, 0.000000;;,
      22;4;-0.707107, 0.707107, 0.000000, 0.000000;;,
      23;4;-0.707107, 0.707107, 0.000000, 0.000000;;,
      24;4;-0.707107, 0.707107, 0.000000, 0.000000;;,
      25;4;-0.707107, 0.707107, 0.000000, 0.000000;;,
      26;4;-0.707107, 0.707107, 0.000000, 0.000000;;,
      27;4;-0.707107, 0.707107, 0.000000, 0.000000;;,
      28;4;-0.707107, 0.707107, 0.000000, 0.000000;;,
      29;4;-0.707107, 0.707107, 0.000000, 0.000000;;,
      30;4;-0.707107, 0.707107, 0.000000, 0.000000;;,
      31;4;-0.707107, 0.707107, 0.000000, 0.000000;;,
      32;4;-0.707107, 0.707107, 0.000000, 0.000000;;,
      33;4;-0.707107, 0.707107, 0.000000, 0.000000;;,
      34;4;-0.707107, 0.707107, 0.000000, 0.000000;;,
      35;4;-0.707107, 0.707107, 0.000000, 0.000000;;,
      36;4;-0.707107, 0.707107, 0.000000, 0.000000;;,
      37;4;-0.707107, 0.707107, 0.000000, 0.000000;;,
      38;4;-0.707107, 0.707107, 0.000000, 0.000000;;,
      39;4;-0.707107, 0.707107, 0.000000, 0.000000;;,
      40;4;-0.707107, 0.707107, 0.000000, 0.000000;;;
    }
    AnimationKey { // Scale
      1;
      41;
      0;3; 0.010000, 0.010000, 0.010000;;,
      1;3; 0.010000, 0.010000, 0.010000;;,
      2;3; 0.010000, 0.010000, 0.010000;;,
      3;3; 0.010000, 0.010000, 0.010000;;,
      4;3; 0.010000, 0.010000, 0.010000;;,
      5;3; 0.010000, 0.010000, 0.010000;;,
      6;3; 0.010000, 0.010000, 0.010000;;,
      7;3; 0.010000, 0.010000, 0.010000;;,
      8;3; 0.010000, 0.010000, 0.010000;;,
      9;3; 0.010000, 0.010000, 0.010000;;,
      10;3; 0.010000, 0.010000, 0.010000;;,
      11;3; 0.010000, 0.010000, 0.010000;;,
      12;3; 0.010000, 0.010000, 0.010000;;,
      13;3; 0.010000, 0.010000, 0.010000;;,
      14;3; 0.010000, 0.010000, 0.010000;;,
      15;3; 0.010000, 0.010000, 0.010000;;,
      16;3; 0.010000, 0.010000, 0.010000;;,
      17;3; 0.010000, 0.010000, 0.010000;;,
      18;3; 0.010000, 0.010000, 0.010000;;,
      19;3; 0.010000, 0.010000, 0.010000;;,
      20;3; 0.010000, 0.010000, 0.010000;;,
      21;3; 0.010000, 0.010000, 0.010000;;,
      22;3; 0.010000, 0.010000, 0.010000;;,
      23;3; 0.010000, 0.010000, 0.010000;;,
      24;3; 0.010000, 0.010000, 0.010000;;,
      25;3; 0.010000, 0.010000, 0.010000;;,
      26;3; 0.010000, 0.010000, 0.010000;;,
      27;3; 0.010000, 0.010000, 0.010000;;,
      28;3; 0.010000, 0.010000, 0.010000;;,
      29;3; 0.010000, 0.010000, 0.010000;;,
      30;3; 0.010000, 0.010000, 0.010000;;,
      31;3; 0.010000, 0.010000, 0.010000;;,
      32;3; 0.010000, 0.010000, 0.010000;;,
      33;3; 0.010000, 0.010000, 0.010000;;,
      34;3; 0.010000, 0.010000, 0.010000;;,
      35;3; 0.010000, 0.010000, 0.010000;;,
      36;3; 0.010000, 0.010000, 0.010000;;,
      37;3; 0.010000, 0.010000, 0.010000;;,
      38;3; 0.010000, 0.010000, 0.010000;;,
      39;3; 0.010000, 0.010000, 0.010000;;,
      40;3; 0.010000, 0.010000, 0.010000;;;
    }
    AnimationKey { // Position
      2;
      41;
      0;3; 0.000000, 0.000000, 0.000000;;,
      1;3; 0.000000, 0.000000, 0.000000;;,
      2;3; 0.000000, 0.000000, 0.000000;;,
      3;3; 0.000000, 0.000000, 0.000000;;,
      4;3; 0.000000, 0.000000, 0.000000;;,
      5;3; 0.000000, 0.000000, 0.000000;;,
      6;3; 0.000000, 0.000000, 0.000000;;,
      7;3; 0.000000, 0.000000, 0.000000;;,
      8;3; 0.000000, 0.000000, 0.000000;;,
      9;3; 0.000000, 0.000000, 0.000000;;,
      10;3; 0.000000, 0.000000, 0.000000;;,
      11;3; 0.000000, 0.000000, 0.000000;;,
      12;3; 0.000000, 0.000000, 0.000000;;,
      13;3; 0.000000, 0.000000, 0.000000;;,
      14;3; 0.000000, 0.000000, 0.000000;;,
      15;3; 0.000000, 0.000000, 0.000000;;,
      16;3; 0.000000, 0.000000, 0.000000;;,
      17;3; 0.000000, 0.000000, 0.000000;;,
      18;3; 0.000000, 0.000000, 0.000000;;,
      19;3; 0.000000, 0.000000, 0.000000;;,
      20;3; 0.000000, 0.000000, 0.000000;;,
      21;3; 0.000000, 0.000000, 0.000000;;,
      22;3; 0.000000, 0.000000, 0.000000;;,
      23;3; 0.000000, 0.000000, 0.000000;;,
      24;3; 0.000000, 0.000000, 0.000000;;,
      25;3; 0.000000, 0.000000, 0.000000;;,
      26;3; 0.000000, 0.000000, 0.000000;;,
      27;3; 0.000000, 0.000000, 0.000000;;,
      28;3; 0.000000, 0.000000, 0.000000;;,
      29;3; 0.000000, 0.000000, 0.000000;;,
      30;3; 0.000000, 0.000000, 0.000000;;,
      31;3; 0.000000, 0.000000, 0.000000;;,
      32;3; 0.000000, 0.000000, 0.000000;;,
      33;3; 0.000000, 0.000000, 0.000000;;,
      34;3; 0.000000, 0.000000, 0.000000;;,
      35;3; 0.000000, 0.000000, 0.000000;;,
      36;3; 0.000000, 0.000000, 0.000000;;,
      37;3; 0.000000, 0.000000, 0.000000;;,
      38;3; 0.000000, 0.000000, 0.000000;;,
      39;3; 0.000000, 0.000000, 0.000000;;,
      40;3; 0.000000, 0.000000, 0.000000;;;
    }
  }
  Animation {
    {Armature_root}
    AnimationKey { // Rotation
      0;
      41;
      0;4;-1.000000, 0.000000, 0.000000, 0.000000;;,
      1;4;-1.000000, 0.000000, 0.000000, 0.000000;;,
      2;4;-1.000000, 0.000000, 0.000000, 0.000000;;,
      3;4;-1.000000, 0.000000, 0.000000, 0.000000;;,
      4;4;-1.000000, 0.000000, 0.000000, 0.000000;;,
      5;4;-1.000000, 0.000000, 0.000000, 0.000000;;,
      6;4;-1.000000, 0.000000, 0.000000, 0.000000;;,
      7;4;-1.000000, 0.000000, 0.000000, 0.000000;;,
      8;4;-1.000000, 0.000000, 0.000000, 0.000000;;,
      9;4;-1.000000, 0.000000, 0.000000, 0.000000;;,
      10;4;-1.000000, 0.000000, 0.000000, 0.000000;;,
      11;4;-1.000000, 0.000000, 0.000000, 0.000000;;,
      12;4;-1.000000, 0.000000, 0.000000, 0.000000;;,
      13;4;-1.000000, 0.000000, 0.000000, 0.000000;;,
      14;4;-1.000000, 0.000000, 0.000000, 0.000000;;,
      15;4;-1.000000, 0.000000, 0.000000, 0.000000;;,
      16;4;-1.000000, 0.000000, 0.000000, 0.000000;;,
      17;4;-1.000000, 0.000000, 0.000000, 0.000000;;,
      18;4;-1.000000, 0.000000, 0.000000, 0.000000;;,
      19;4;-1.000000, 0.000000, 0.000000, 0.000000;;,
      20;4;-1.000000, 0.000000, 0.000000, 0.000000;;,
      21;4;-1.000000, 0.000000, 0.000000, 0.000000;;,
      22;4;-1.000000, 0.000000, 0.000000, 0.000000;;,
      23;4;-1.000000, 0.000000, 0.000000, 0.000000;;,
      24;4;-1.000000, 0.000000, 0.000000, 0.000000;;,
      25;4;-1.000000, 0.000000, 0.000000, 0.000000;;,
      26;4;-1.000000, 0.000000, 0.000000, 0.000000;;,
      27;4;-1.000000, 0.000000, 0.000000, 0.000000;;,
      28;4;-1.000000, 0.000000, 0.000000, 0.000000;;,
      29;4;-1.000000, 0.000000, 0.000000, 0.000000;;,
      30;4;-1.000000, 0.000000, 0.000000, 0.000000;;,
      31;4;-1.000000, 0.000000, 0.000000, 0.000000;;,
      32;4;-1.000000, 0.000000, 0.000000, 0.000000;;,
      33;4;-1.000000, 0.000000, 0.000000, 0.000000;;,
      34;4;-1.000000, 0.000000, 0.000000, 0.000000;;,
      35;4;-1.000000, 0.000000, 0.000000, 0.000000;;,
      36;4;-1.000000, 0.000000, 0.000000, 0.000000;;,
      37;4;-1.000000, 0.000000, 0.000000, 0.000000;;,
      38;4;-1.000000, 0.000000, 0.000000, 0.000000;;,
      39;4;-1.000000, 0.000000, 0.000000, 0.000000;;,
      40;4;-1.000000, 0.000000, 0.000000, 0.000000;;;
    }
    AnimationKey { // Scale
      1;
      41;
      0;3; 1.000000, 1.000000, 1.000000;;,
      1;3; 1.000000, 1.000000, 1.000000;;,
      2;3; 1.000000, 1.000000, 1.000000;;,
      3;3; 1.000000, 1.000000, 1.000000;;,
      4;3; 1.000000, 1.000000, 1.000000;;,
      5;3; 1.000000, 1.000000, 1.000000;;,
      6;3; 1.000000, 1.000000, 1.000000;;,
      7;3; 1.000000, 1.000000, 1.000000;;,
      8;3; 1.000000, 1.000000, 1.000000;;,
      9;3; 1.000000, 1.000000, 1.000000;;,
      10;3; 1.000000, 1.000000, 1.000000;;,
      11;3; 1.000000, 1.000000, 1.000000;;,
      12;3; 1.000000, 1.000000, 1.000000;;,
      13;3; 1.000000, 1.000000, 1.000000;;,
      14;3; 1.000000, 1.000000, 1.000000;;,
      15;3; 1.000000, 1.000000, 1.000000;;,
      16;3; 1.000000, 1.000000, 1.000000;;,
      17;3; 1.000000, 1.000000, 1.000000;;,
      18;3; 1.000000, 1.000000, 1.000000;;,
      19;3; 1.000000, 1.000000, 1.000000;;,
      20;3; 1.000000, 1.000000, 1.000000;;,
      21;3; 1.000000, 1.000000, 1.000000;;,
      22;3; 1.000000, 1.000000, 1.000000;;,
      23;3; 1.000000, 1.000000, 1.000000;;,
      24;3; 1.000000, 1.000000, 1.000000;;,
      25;3; 1.000000, 1.000000, 1.000000;;,
      26;3; 1.000000, 1.000000, 1.000000;;,
      27;3; 1.000000, 1.000000, 1.000000;;,
      28;3; 1.000000, 1.000000, 1.000000;;,
      29;3; 1.000000, 1.000000, 1.000000;;,
      30;3; 1.000000, 1.000000, 1.000000;;,
      31;3; 1.000000, 1.000000, 1.000000;;,
      32;3; 1.000000, 1.000000, 1.000000;;,
      33;3; 1.000000, 1.000000, 1.000000;;,
      34;3; 1.000000, 1.000000, 1.000000;;,
      35;3; 1.000000, 1.000000, 1.000000;;,
      36;3; 1.000000, 1.000000, 1.000000;;,
      37;3; 1.000000, 1.000000, 1.000000;;,
      38;3; 1.000000, 1.000000, 1.000000;;,
      39;3; 1.000000, 1.000000, 1.000000;;,
      40;3; 1.000000, 1.000000, 1.000000;;;
    }
    AnimationKey { // Position
      2;
      41;
      0;3; 0.000000, 0.000013, 0.000000;;,
      1;3; 0.000000, 0.000013, 0.000000;;,
      2;3; 0.000000, 0.000013, 0.000000;;,
      3;3; 0.000000, 0.000013, 0.000000;;,
      4;3; 0.000000, 0.000013, 0.000000;;,
