xof 0303txt 0032

template XSkinMeshHeader {
  <3cf169ce-ff7c-44ab-93c0-f78f62d172e2>
  WORD nMaxSkinWeightsPerVertex;
  WORD nMaxSkinWeightsPerFace;
  WORD nBones;
}

template SkinWeights {
  <6f0d123b-bad2-4167-a0d0-80224f25fabb>
  STRING transformNodeName;
  DWORD nWeights;
  array DWORD vertexIndices[nWeights];
  array float weights[nWeights];
  Matrix4x4 matrixOffset;
}

Frame Root {
  FrameTransformMatrix {
     1.000000, 0.000000, 0.000000, 0.000000,
     0.000000,-0.000000,-1.000000, 0.000000,
     0.000000, 1.000000,-0.000000, 0.000000,
     0.000000, 0.000000, 0.000000, 1.000000;;
  }
  Frame Armature {
    FrameTransformMatrix {
       1.000000, 0.000000, 0.000000, 0.000000,
       0.000000,-0.000000, 1.000000, 0.000000,
       0.000000,-1.000000,-0.000000, 0.000000,
       0.000000, 0.000000, 0.000000, 1.000000;;
    }
    Frame Armature_Root {
      FrameTransformMatrix {
        -0.000000,-0.214862, 0.976644, 0.000000,
         1.000000,-0.000000, 0.000000, 0.000000,
        -0.000000, 0.976644, 0.214862, 0.000000,
         0.000000,-44.729050,-1.617671, 1.000000;;
      }
      Frame Armature_Spine01 {
        FrameTransformMatrix {
          -0.165260, 0.000000, 0.986250, 0.000000,
           0.986250, 0.000000, 0.165260, 0.000000,
           0.000000, 1.000000,-0.000000, 0.000000,
          97.524033, 0.000000, 0.000010, 1.000000;;
        }
        Frame Armature_Spine02 {
          FrameTransformMatrix {
            -0.997763, 0.066854,-0.000000, 0.000000,
             0.066853, 0.997763,-0.000000, 0.000000,
             0.000000,-0.000000,-1.000000, 0.000000,
            -0.000001,114.438347,-0.000000, 1.000000;;
          }
          Frame Armature_Chest {
            FrameTransformMatrix {
              -0.908070, 0.418818, 0.000000, 0.000000,
               0.418818, 0.908071,-0.000000, 0.000000,
              -0.000000,-0.000000,-1.000000, 0.000000,
              -8.955482,128.036865, 0.000002, 1.000000;;
            }
            Frame Armature_Neck01 {
              FrameTransformMatrix {
                 0.945592,-0.325355, 0.000000, 0.000000,
                 0.325355, 0.945592, 0.000000, 0.000000,
                -0.000000, 0.000000, 1.000000, 0.000000,
                 0.000023,126.849564, 0.000002, 1.000000;;
              }
              Frame Armature_Neck02 {
                FrameTransformMatrix {
                   0.960744,-0.277436, 0.000000, 0.000000,
                   0.277436, 0.960744,-0.000000, 0.000000,
                  -0.000000, 0.000000, 1.000000, 0.000000,
                  -0.000004,122.347122,-0.000000, 1.000000;;
                }
                Frame Armature_Neck03 {
                  FrameTransformMatrix {
                     0.986327,-0.164798, 0.000000, 0.000000,
                     0.164798, 0.986327,-0.000000, 0.000000,
                    -0.000000, 0.000000, 1.000000, 0.000000,
                    -0.000000,112.527077,-0.000001, 1.000000;;
                  }
                  Frame Armature_Head {
                    FrameTransformMatrix {
                      -0.000000, 0.000000, 1.000000, 0.000000,
                      -0.531678, 0.846947,-0.000000, 0.000000,
                      -0.846947,-0.531678, 0.000000, 0.000000,
                       0.000027,105.244133,-0.000000, 1.000000;;
                    }
                    Frame Armature_Eye_L {
                      FrameTransformMatrix {
                         1.000000, 0.000000, 0.000000, 0.000000,
                         0.000000, 1.000000, 0.000000, 0.000000,
                        -0.000000,-0.000000, 1.000000, 0.000000,
                        34.315449,64.830635,-31.983639, 1.000000;;
                      }
                    } // End of Armature_Eye_L
                    Frame Armature_Eye_R {
                      FrameTransformMatrix {
                         1.000000,-0.000000, 0.000000, 0.000000,
                        -0.000000,-1.000000, 0.000000, 0.000000,
                         0.000000,-0.000000,-1.000000, 0.000000,
                        -34.315392,64.831146,-31.984074, 1.000000;;
                      }
                    } // End of Armature_Eye_R
                    Frame Armature_Eye_Under_L {
                      FrameTransformMatrix {
                         1.000000, 0.000000, 0.000000, 0.000000,
                         0.000000, 1.000000, 0.000000, 0.000000,
                        -0.000000, 0.000000, 1.000000, 0.000000,
                        38.478428,70.034744,-12.224484, 1.000000;;
                      }
                    } // End of Armature_Eye_Under_L
                    Frame Armature_Eye_Under_R {
                      FrameTransformMatrix {
                         1.000000,-0.000000, 0.000000, 0.000000,
                        -0.000000,-1.000000, 0.000000, 0.000000,
                         0.000000,-0.000000,-1.000000, 0.000000,
                        -38.478397,70.035110,-12.224048, 1.000000;;
                      }
                    } // End of Armature_Eye_Under_R
                    Frame Armature_Jaw01 {
                      FrameTransformMatrix {
                        -0.000000, 0.111194, 0.993799, 0.000000,
                         0.000000, 0.993799,-0.111194, 0.000000,
                        -1.000000, 0.000000,-0.000000, 0.000000,
                         0.000002,77.279625,42.762856, 1.000000;;
                      }
                      Frame Armature_Jaw02 {
                        FrameTransformMatrix {
                          -0.778933,-0.627108,-0.000001, 0.000000,
                           0.000001, 0.000000,-1.000000, 0.000000,
                           0.627108,-0.778933, 0.000000, 0.000000,
                          -0.000008,131.770782, 0.000000, 1.000000;;
                        }
                      } // End of Armature_Jaw02
                    } // End of Armature_Jaw01
                    Frame Armature_Tongue01 {
                      FrameTransformMatrix {
                        -0.000003,-0.065750, 0.997836, 0.000000,
                         0.000000, 0.997836, 0.065750, 0.000000,
                        -1.000000, 0.000000,-0.000003, 0.000000,
                        -0.000001,31.774994,21.651566, 1.000000;;
                      }
                      Frame Armature_Tongue02 {
                        FrameTransformMatrix {
                           0.999323,-0.036778,-0.000000, 0.000000,
                           0.036778, 0.999323,-0.000000, 0.000000,
                           0.000000, 0.000000, 1.000000, 0.000000,
                           0.000015,53.169880,-0.000000, 1.000000;;
                        }
                        Frame Armature_Tongue03 {
                          FrameTransformMatrix {
                             0.999072,-0.043065, 0.000000, 0.000000,
                             0.043065, 0.999072,-0.000000, 0.000000,
                            -0.000000, 0.000000, 1.000000, 0.000000,
                            -0.000023,46.743206, 0.000000, 1.000000;;
                          }
                          Frame Armature_Tongue04 {
                            FrameTransformMatrix {
                              -0.962206,-0.272321,-0.000001, 0.000000,
                               0.000000, 0.000003,-1.000000, 0.000000,
                               0.272321,-0.962206,-0.000003, 0.000000,
                               0.000015,54.004066,-0.000000, 1.000000;;
                            }
                          } // End of Armature_Tongue04
                        } // End of Armature_Tongue03
                      } // End of Armature_Tongue02
                    } // End of Armature_Tongue01
                    Frame Armature_UpperMouth01 {
                      FrameTransformMatrix {
                        -0.000003, 0.091484,-0.995807, 0.000000,
                         0.000000, 0.995807, 0.091484, 0.000000,
                         1.000000,-0.000000,-0.000003, 0.000000,
                         0.000001,97.247688,-15.644051, 1.000000;;
                      }
                      Frame Armature_UpperMouth02 {
                        FrameTransformMatrix {
                           0.995693, 0.092716,-0.000000, 0.000000,
                          -0.000000, 0.000002, 1.000000, 0.000000,
                           0.092716,-0.995693, 0.000002, 0.000000,
                          -0.000031,97.058800,-0.000000, 1.000000;;
                        }
                      } // End of Armature_UpperMouth02
                    } // End of Armature_UpperMouth01
                  } // End of Armature_Head
                } // End of Armature_Neck03
              } // End of Armature_Neck02
            } // End of Armature_Neck01
            Frame Armature_UpperArm_L {
              FrameTransformMatrix {
                 0.696464, 0.501431, 0.513327, 0.000000,
                -0.453234,-0.247221, 0.856423, 0.000000,
                 0.556342,-0.829125, 0.055085, 0.000000,
                -32.905857,-19.313072,82.735832, 1.000000;;
              }
              Frame Armature_LowerArm_L {
                FrameTransformMatrix {
                   0.985135, 0.169968,-0.024910, 0.000000,
                  -0.017916,-0.042557,-0.998933, 0.000000,
                  -0.170846, 0.984530,-0.038880, 0.000000,
                  -0.000053,176.291107, 0.000012, 1.000000;;
                }
                Frame Armature_Hand_L {
                  FrameTransformMatrix {
                     0.382546,-0.819651,-0.426417, 0.000000,
                     0.841738, 0.499475,-0.204945, 0.000000,
                     0.380968,-0.280531, 0.881003, 0.000000,
                    -0.000038,171.877701, 0.000000, 1.000000;;
                  }
                  Frame Armature_Index01_L {
                    FrameTransformMatrix {
                       0.999777,-0.020721, 0.004106, 0.000000,
                       0.020953, 0.948051,-0.317428, 0.000000,
                       0.002685, 0.317443, 0.948274, 0.000000,
                      -5.378051,55.339211,-24.943497, 1.000000;;
                    }
                    Frame Armature_Index02_L {
                      FrameTransformMatrix {
                         1.000000,-0.000001,-0.000000, 0.000000,
                         0.000001, 0.999241, 0.038961, 0.000000,
                         0.000000,-0.038961, 0.999241, 0.000000,
                        -2.207243,39.770638,-0.317755, 1.000000;;
                      }
                      Frame Armature_Index03_L {
                        FrameTransformMatrix {
                           1.000000, 0.000000, 0.000000, 0.000000,
                          -0.000000, 0.573462, 0.819232, 0.000000,
                           0.000000,-0.819232, 0.573462, 0.000000,
                          -0.282470,27.569721,-1.050695, 1.000000;;
                        }
                      } // End of Armature_Index03_L
                    } // End of Armature_Index02_L
                  } // End of Armature_Index01_L
                  Frame Armature_Middle01_L {
                    FrameTransformMatrix {
                       0.997438, 0.064516,-0.030903, 0.000000,
                      -0.066262, 0.996038,-0.059304, 0.000000,
                       0.026954, 0.061200, 0.997761, 0.000000,
                      -5.274511,61.946510, 2.297059, 1.000000;;
                    }
                    Frame Armature_Middle02_L {
                      FrameTransformMatrix {
                         1.000000,-0.000000, 0.000000, 0.000000,
                         0.000000, 0.999742, 0.022722, 0.000000,
                        -0.000000,-0.022721, 0.999742, 0.000000,
                         0.726884,43.116936, 0.768620, 1.000000;;
                      }
                      Frame Armature_Middle3_L {
                        FrameTransformMatrix {
                           1.000000,-0.000000,-0.000000, 0.000000,
                           0.000000, 0.573463, 0.819232, 0.000000,
                           0.000000,-0.819232, 0.573463, 0.000000,
                          -0.189656,32.270275,-0.938970, 1.000000;;
                        }
                      } // End of Armature_Middle3_L
                    } // End of Armature_Middle02_L
                  } // End of Armature_Middle01_L
                  Frame Armature_Pinky01_L {
                    FrameTransformMatrix {
                       0.999960,-0.006735,-0.005891, 0.000000,
                       0.007900, 0.973667, 0.227837, 0.000000,
                       0.004202,-0.227874, 0.973682, 0.000000,
                      -9.550698,54.728973,28.829342, 1.000000;;
                    }
                    Frame Armature_Pinky02_L {
                      FrameTransformMatrix {
                         1.000000, 0.000001, 0.000000, 0.000000,
                        -0.000001, 0.999742, 0.022722, 0.000000,
                        -0.000000,-0.022722, 0.999742, 0.000000,
                         0.112931,39.613853, 0.562994, 1.000000;;
                      }
                      Frame Armature_Pinky03_L {
                        FrameTransformMatrix {
                           1.000000,-0.000001,-0.000000, 0.000000,
                           0.000001, 0.573463, 0.819232, 0.000000,
                          -0.000000,-0.819232, 0.573463, 0.000000,
                          -0.189584,32.270271,-0.938928, 1.000000;;
                        }
                      } // End of Armature_Pinky03_L
                    } // End of Armature_Pinky02_L
                  } // End of Armature_Pinky01_L
                  Frame Armature_Thumb01_L {
                    FrameTransformMatrix {
                       0.999761,-0.019929, 0.008856, 0.000000,
                      -0.020674,-0.995352, 0.094054, 0.000000,
                       0.006948,-0.094215,-0.995510, 0.000000,
                      -12.599322,-25.391689, 3.054257, 1.000000;;
                    }
                    Frame Armature_Thumb02_L {
                      FrameTransformMatrix {
                         1.000000,-0.000000, 0.000000, 0.000000,
                         0.000000, 0.999742, 0.022722, 0.000000,
                        -0.000000,-0.022722, 0.999742, 0.000000,
                        -1.729843,36.609974, 0.235093, 1.000000;;
                      }
                    } // End of Armature_Thumb02_L
                  } // End of Armature_Thumb01_L
                } // End of Armature_Hand_L
              } // End of Armature_LowerArm_L
            } // End of Armature_UpperArm_L
            Frame Armature_UpperArm_R {
              FrameTransformMatrix {
                 0.840083, 0.452217,-0.299598, 0.000000,
                -0.369878, 0.073529,-0.926166, 0.000000,
                -0.396800, 0.888872, 0.229036, 0.000000,
                -32.906025,-19.313015,-82.735802, 1.000000;;
              }
              Frame Armature_RowerArm_R {
                FrameTransformMatrix {
                   0.987566, 0.157192,-0.002175, 0.000000,
                  -0.022183, 0.153036, 0.987971, 0.000000,
                   0.155634,-0.975639, 0.154621, 0.000000,
                   0.000015,176.291290, 0.000004, 1.000000;;
                }
                Frame Armature_Hand_R {
                  FrameTransformMatrix {
                     0.590644,-0.752288, 0.291896, 0.000000,
                     0.791945, 0.609813,-0.030843, 0.000000,
                    -0.154799, 0.249383, 0.955953, 0.000000,
                     0.000023,171.877350,-0.000038, 1.000000;;
                  }
                  Frame Armature_Index01_R {
                    FrameTransformMatrix {
                       0.997907, 0.017385, 0.062277, 0.000000,
                      -0.035634, 0.951574, 0.305348, 0.000000,
                      -0.053953,-0.306928, 0.950202, 0.000000,
                      -4.365408,56.017815,23.587952, 1.000000;;
                    }
                    Frame Armature_Index02_R {
                      FrameTransformMatrix {
                         0.999593,-0.027995, 0.005411, 0.000000,
                         0.028227, 0.998395,-0.049106, 0.000000,
                        -0.004028, 0.049239, 0.998779, 0.000000,
                         0.922213,39.822803,-0.089581, 1.000000;;
                      }
                      Frame Armature_Index03_R {
                        FrameTransformMatrix {
                          -0.998719, 0.050615, 0.000000, 0.000000,
                          -0.029026,-0.572727, 0.819231, 0.000000,
                           0.041466, 0.818181, 0.573463, 0.000000,
                           1.113367,27.548410, 1.050570, 1.000000;;
                        }
                      } // End of Armature_Index03_R
                    } // End of Armature_Index02_R
                  } // End of Armature_Index01_R
                  Frame Armature_Middle01_R {
                    FrameTransformMatrix {
                       0.996970,-0.001895, 0.077762, 0.000000,
                      -0.001156, 0.999232, 0.039175, 0.000000,
                      -0.077777,-0.039147, 0.996202, 0.000000,
                      -2.675694,62.042679,-3.734692, 1.000000;;
                    }
                    Frame Armature_Middle02_R {
                      FrameTransformMatrix {
                         0.996393, 0.022485,-0.081820, 0.000000,
                        -0.023886, 0.999584,-0.016189, 0.000000,
                         0.081421, 0.018085, 0.996516, 0.000000,
                        -0.485382,43.120735,-0.768952, 1.000000;;
                      }
                      Frame Armature_Middle3_R {
                        FrameTransformMatrix {
                          -0.996632,-0.004223,-0.081897, 0.000000,
                          -0.065008,-0.568093, 0.820393, 0.000000,
                          -0.049990, 0.822954, 0.565905, 0.000000,
                          -0.384464,32.275002, 0.699848, 1.000000;;
                        }
                      } // End of Armature_Middle3_R
                    } // End of Armature_Middle02_R
                  } // End of Armature_Middle01_R
                  Frame Armature_Pinky01_R {
                    FrameTransformMatrix {
                       0.994406,-0.070278, 0.078849, 0.000000,
                       0.089690, 0.956109,-0.278948, 0.000000,
                      -0.055784, 0.284459, 0.957064, 0.000000,
                      -5.944221,54.442451,-30.303291, 1.000000;;
                    }
                    Frame Armature_Pinky02_R {
                      FrameTransformMatrix {
                         1.000000,-0.000001, 0.000000, 0.000000,
                         0.000001, 0.999460, 0.032845, 0.000000,
                        -0.000000,-0.032845, 0.999460, 0.000000,
                        -1.077948,39.593884, 0.897184, 1.000000;;
                      }
                      Frame Armature_Pinky03_R {
                        FrameTransformMatrix {
                           1.000000, 0.000000,-0.000001, 0.000000,
                           0.000001,-0.523353, 0.852116, 0.000000,
                           0.000000,-0.852116,-0.523353, 0.000000,
                          -1.148805,32.262306, 0.339627, 1.000000;;
                        }
                      } // End of Armature_Pinky03_R
                    } // End of Armature_Pinky02_R
                  } // End of Armature_Pinky01_R
                  Frame Armature_Thumb01_R {
                    FrameTransformMatrix {
                       0.988792,-0.145408, 0.034080, 0.000000,
                      -0.142359,-0.986638,-0.079240, 0.000000,
                       0.045154, 0.073498,-0.996275, 0.000000,
                      -13.441554,-24.940006,-3.187938, 1.000000;;
                    }
                    Frame Armature_Thumb02_R {
                      FrameTransformMatrix {
                        -0.996216, 0.086926,-0.000001, 0.000000,
                        -0.086904,-0.995957, 0.022722, 0.000000,
                         0.001975, 0.022636, 0.999742, 0.000000,
                         1.459128,36.621101,-0.234882, 1.000000;;
                      }
                    } // End of Armature_Thumb02_R
                  } // End of Armature_Thumb01_R
                } // End of Armature_Hand_R
              } // End of Armature_RowerArm_R
            } // End of Armature_UpperArm_R
          } // End of Armature_Chest
          Frame Armature_Wing01_L {
            FrameTransformMatrix {
              -0.390305, 0.500003,-0.773084, 0.000000,
              -0.547350,-0.801198,-0.241847, 0.000000,
              -0.740318, 0.328753, 0.586388, 0.000000,
              -56.105667,20.234093,-89.395538, 1.000000;;
            }
            Frame Armature_Wing02_L {
              FrameTransformMatrix {
                -0.799889,-0.599569, 0.026354, 0.000000,
                 0.599297,-0.800322,-0.018110, 0.000000,
                 0.031950, 0.001308, 0.999488, 0.000000,
                -0.000008,299.243988,-0.000005, 1.000000;;
              }
              Frame Armature_Wing03_L {
                FrameTransformMatrix {
                   0.019945, 0.998434, 0.052270, 0.000000,
                  -0.949495, 0.035290,-0.311790, 0.000000,
                  -0.313146,-0.043411, 0.948712, 0.000000,
                   0.000017,468.655121,-0.000076, 1.000000;;
                }
                Frame Armature_WingIndex01_L {
                  FrameTransformMatrix {
                     0.707360, 0.706843, 0.003759, 0.000000,
                    -0.706848, 0.707365, 0.000079, 0.000000,
                    -0.002603,-0.002713, 0.999993, 0.000000,
                     0.000033,40.398277, 0.000008, 1.000000;;
                  }
                  Frame Armature_WingIndex02_L {
                    FrameTransformMatrix {
                       0.957455, 0.284942,-0.045698, 0.000000,
                      -0.286235, 0.957841,-0.024698, 0.000000,
                       0.036734, 0.036728, 0.998650, 0.000000,
                       0.000038,209.264496, 0.000038, 1.000000;;
                    }
                    Frame Armature_WingIndex03_L {
                      FrameTransformMatrix {
                         0.479600, 0.259207, 0.838329, 0.000000,
                         0.737507, 0.398596,-0.545165, 0.000000,
                        -0.475465, 0.879735,-0.000000, 0.000000,
                        -0.000044,228.365143,-0.000001, 1.000000;;
                      }
                    } // End of Armature_WingIndex03_L
                  } // End of Armature_WingIndex02_L
                } // End of Armature_WingIndex01_L
                Frame Armature_WingMiddle01_L {
                  FrameTransformMatrix {
                     0.526401, 0.850100, 0.015245, 0.000000,
                    -0.850168, 0.526502,-0.003255, 0.000000,
                    -0.010793,-0.011248, 0.999879, 0.000000,
                    -18.335545,37.623642,-3.889091, 1.000000;;
                  }
                  Frame Armature_WingMiddle02_L {
                    FrameTransformMatrix {
                       0.992900, 0.117832,-0.016290, 0.000000,
                      -0.117914, 0.993015,-0.004138, 0.000000,
                       0.015688, 0.006029, 0.999859, 0.000000,
                      -0.000021,205.206207,-0.000004, 1.000000;;
                    }
                    Frame Armature_WingMiddle04_L {
                      FrameTransformMatrix {
                        -0.946809,-0.303649, 0.106535, 0.000000,
                        -0.304713, 0.952421, 0.006532, 0.000000,
                        -0.103449,-0.026278,-0.994287, 0.000000,
                        -7.270256,370.676178,-3.474411, 1.000000;;
                      }
                      Frame Armature_WingMiddle05_L {
                        FrameTransformMatrix {
                          -0.493034,-0.030230,-0.869484, 0.000000,
                          -0.867855,-0.053212, 0.493960, 0.000000,
                          -0.061199, 0.998126, 0.000000, 0.000000,
                          -31.631260,539.507324,-7.139725, 1.000000;;
                        }
                      } // End of Armature_WingMiddle05_L
                    } // End of Armature_WingMiddle04_L
                  } // End of Armature_WingMiddle02_L
                } // End of Armature_WingMiddle01_L
                Frame Armature_WingPinky01_L {
                  FrameTransformMatrix {
                    -0.252965,-0.964142, 0.080241, 0.000000,
                    -0.965387, 0.256996, 0.044509, 0.000000,
                    -0.063534,-0.066204,-0.995781, 0.000000,
                    -61.174328,16.226538,-8.790390, 1.000000;;
                  }
                  Frame Armature_WingPinky02_L {
                    FrameTransformMatrix {
                       0.977515,-0.197933, 0.072713, 0.000000,
                       0.195876, 0.980022, 0.034484, 0.000000,
                      -0.078086,-0.019466, 0.996756, 0.000000,
                      -0.000007,195.337524,-0.000004, 1.000000;;
                    }
                    Frame Armature_WingPinky04_L {
                      FrameTransformMatrix {
                         0.969579,-0.244774, 0.001311, 0.000000,
                         0.244773, 0.969580, 0.001082, 0.000000,
                        -0.001536,-0.000729, 0.999999, 0.000000,
                         0.229254,253.069885, 3.635019, 1.000000;;
                      }
                      Frame Armature_WingPinky05_L {
                        FrameTransformMatrix {
                          -0.445038,-0.367401,-0.816675, 0.000000,
                          -0.629791,-0.519924, 0.577098, 0.000000,
                          -0.636635, 0.771165, 0.000000, 0.000000,
                          -10.885773,281.533844,-8.118938, 1.000000;;
                        }
                      } // End of Armature_WingPinky05_L
                    } // End of Armature_WingPinky04_L
                  } // End of Armature_WingPinky02_L
                } // End of Armature_WingPinky01_L
                Frame Armature_WingRing01_L {
                  FrameTransformMatrix {
                     0.413673, 0.907668, 0.070799, 0.000000,
                    -0.908943, 0.416185,-0.024750, 0.000000,
                    -0.051930,-0.054114, 0.997184, 0.000000,
                    -39.982178,25.864624,-5.638340, 1.000000;;
                  }
                  Frame Armature_WingRing02_L {
                    FrameTransformMatrix {
                      -0.972438,-0.142164, 0.184806, 0.000000,
                      -0.143708, 0.989607, 0.005080, 0.000000,
                      -0.183607,-0.021618,-0.982762, 0.000000,
                       0.000011,199.690048,-0.000008, 1.000000;;
                    }
                    Frame Armature_WingRing04_L {
                      FrameTransformMatrix {
                         0.959317,-0.279679, 0.038613, 0.000000,
                         0.279406, 0.960093, 0.012408, 0.000000,
                        -0.040543,-0.001115, 0.999177, 0.000000,
                        14.586160,326.020966, 6.447903, 1.000000;;
                      }
                      Frame Armature_WingRing05_L {
                        FrameTransformMatrix {
                          -0.501266,-0.161078,-0.850169, 0.000000,
                          -0.809406,-0.260096, 0.526510, 0.000000,
                          -0.305934, 0.952053, 0.000000, 0.000000,
                          -34.832062,405.853394,-4.218750, 1.000000;;
                        }
                      } // End of Armature_WingRing05_L
                    } // End of Armature_WingRing04_L
                  } // End of Armature_WingRing02_L
                } // End of Armature_WingRing01_L
              } // End of Armature_Wing03_L
              Frame Armature_WingThumb01_L {
                FrameTransformMatrix {
                   0.009963,-0.000785,-0.000338, 0.000000,
                  -0.000797,-0.009962,-0.000354, 0.000000,
                  -0.000308, 0.000380,-0.009988, 0.000000,
                  22.585964,-147.901886,-4.446358, 1.000000;;
                }
              } // End of Armature_WingThumb01_L
            } // End of Armature_Wing02_L
          } // End of Armature_Wing01_L
          Frame Armature_Wing01_R {
            FrameTransformMatrix {
               0.364713,-0.495696,-0.788207, 0.000000,
              -0.494236,-0.820480, 0.287304, 0.000000,
              -0.789123, 0.284777,-0.544230, 0.000000,
              -56.106007,20.234138,89.395599, 1.000000;;
            }
            Frame Armature_Wing02_R {
              FrameTransformMatrix {
                -0.792012, 0.609932,-0.026438, 0.000000,
                -0.609664,-0.792452,-0.018166, 0.000000,
                -0.032031, 0.001731, 0.999486, 0.000000,
                -0.000003,299.244141, 0.000008, 1.000000;;
              }
              Frame Armature_Wing03_R {
                FrameTransformMatrix {
                   0.084784,-0.995096,-0.050942, 0.000000,
                   0.970907, 0.093998,-0.220236, 0.000000,
                   0.223945,-0.030788, 0.974115, 0.000000,
                   0.000057,468.655060,-0.000036, 1.000000;;
                }
                Frame Armature_WingIndex01_R {
                  FrameTransformMatrix {
                     0.715753,-0.698343,-0.003768, 0.000000,
                     0.698348, 0.715758, 0.000124, 0.000000,
                     0.002611,-0.002720, 0.999993, 0.000000,
                     0.000007,40.398006,-0.000011, 1.000000;;
                  }
                  Frame Armature_WingIndex02_R {
                    FrameTransformMatrix {
                       0.957453,-0.284947, 0.045705, 0.000000,
                       0.286241, 0.957839,-0.024702, 0.000000,
                      -0.036739, 0.036733, 0.998650, 0.000000,
                      -0.000040,209.265320,-0.000015, 1.000000;;
                    }
                    Frame Armature_WingIndex03_R {
                      FrameTransformMatrix {
                         0.479598,-0.259204,-0.838331, 0.000000,
                         0.737510,-0.398595, 0.545161, 0.000000,
                        -0.475463,-0.879736, 0.000000, 0.000000,
                         0.000008,228.364532, 0.000013, 1.000000;;
                      }
                    } // End of Armature_WingIndex03_R
                  } // End of Armature_WingIndex02_R
                } // End of Armature_WingIndex01_R
                Frame Armature_WingMiddle01_R {
                  FrameTransformMatrix {
                     0.518918,-0.854688,-0.015223, 0.000000,
                     0.854756, 0.519020,-0.003391, 0.000000,
                     0.010799,-0.011252, 0.999878, 0.000000,
                    18.335331,37.623665,-3.888882, 1.000000;;
                  }
                  Frame Armature_WingMiddle02_R {
                    FrameTransformMatrix {
                       0.992900,-0.117831, 0.016295, 0.000000,
                       0.117912, 0.993016,-0.004139, 0.000000,
                      -0.015694, 0.006031, 0.999859, 0.000000,
                      -0.000006,205.206268, 0.000002, 1.000000;;
                    }
                    Frame Armature_WingMiddle04_R {
                      FrameTransformMatrix {
                        -0.946811, 0.303651,-0.106511, 0.000000,
                         0.304716, 0.952421, 0.006531, 0.000000,
                         0.103426,-0.026272,-0.994290, 0.000000,
                         4.796520,414.726685,-2.164371, 1.000000;;
                      }
                      Frame Armature_WingMiddle05_R {
                        FrameTransformMatrix {
                          -0.493050, 0.030231, 0.869475, 0.000000,
                          -0.867846, 0.053211,-0.493976, 0.000000,
                          -0.061200,-0.998125, 0.000000, 0.000000,
                          16.053177,498.297852,-4.424049, 1.000000;;
                        }
                      } // End of Armature_WingMiddle05_R
                    } // End of Armature_WingMiddle04_R
                  } // End of Armature_WingMiddle02_R
                } // End of Armature_WingMiddle01_R
                Frame Armature_WingPinky01_R {
                  FrameTransformMatrix {
                    -0.247278, 0.965639,-0.079969, 0.000000,
                     0.966860, 0.251316, 0.044976, 0.000000,
                     0.063528,-0.066198,-0.995782, 0.000000,
                    61.174301,16.226690,-8.790680, 1.000000;;
                  }
                  Frame Armature_WingPinky02_R {
                    FrameTransformMatrix {
                       0.977515, 0.197936,-0.072710, 0.000000,
                      -0.195878, 0.980022, 0.034484, 0.000000,
                       0.078083,-0.019466, 0.996757, 0.000000,
                       0.000021,195.337830, 0.000000, 1.000000;;
                    }
                    Frame Armature_WingPinky04_R {
                      FrameTransformMatrix {
                         0.969579, 0.244773,-0.001310, 0.000000,
                        -0.244772, 0.969580, 0.001081, 0.000000,
                         0.001535,-0.000728, 0.999998, 0.000000,
                        -9.829553,246.306549, 2.711341, 1.000000;;
                      }
                      Frame Armature_WingPinky05_R {
                        FrameTransformMatrix {
                          -0.445037, 0.367399, 0.816676, 0.000000,
                          -0.629793, 0.519924,-0.577096, 0.000000,
                          -0.636634,-0.771166, 0.000000, 0.000000,
                          21.847916,285.742279,-7.185268, 1.000000;;
                        }
                      } // End of Armature_WingPinky05_R
                    } // End of Armature_WingPinky04_R
                  } // End of Armature_WingPinky02_R
                } // End of Armature_WingPinky01_R
                Frame Armature_WingRing01_R {
                  FrameTransformMatrix {
                     0.410745,-0.909003,-0.070729, 0.000000,
                     0.910270, 0.413261,-0.024983, 0.000000,
                     0.051939,-0.054121, 0.997182, 0.000000,
                    39.982079,25.864470,-5.638622, 1.000000;;
                  }
                  Frame Armature_WingRing02_R {
                    FrameTransformMatrix {
                      -0.972430, 0.142168,-0.184844, 0.000000,
                       0.143713, 0.989606, 0.005081, 0.000000,
                       0.183645,-0.021624,-0.982755, 0.000000,
                       0.000031,199.690613, 0.000011, 1.000000;;
                    }
                    Frame Armature_WingRing04_R {
                      FrameTransformMatrix {
                         0.959316, 0.279678,-0.038642, 0.000000,
                        -0.279405, 0.960093, 0.012417, 0.000000,
                         0.040573,-0.001115, 0.999176, 0.000000,
                        -13.789040,362.526184, 6.754257, 1.000000;;
                      }
                      Frame Armature_WingRing05_R {
                        FrameTransformMatrix {
                          -0.501261, 0.161076, 0.850171, 0.000000,
                          -0.809408, 0.260096,-0.526506, 0.000000,
                          -0.305934,-0.952053, 0.000000, 0.000000,
                          23.868977,371.024048,-4.515301, 1.000000;;
                        }
                      } // End of Armature_WingRing05_R
                    } // End of Armature_WingRing04_R
                  } // End of Armature_WingRing02_R
                } // End of Armature_WingRing01_R
              } // End of Armature_Wing03_R
              Frame Armature_WingThumb01_R {
                FrameTransformMatrix {
                   0.009964, 0.000785, 0.000338, 0.000000,
                   0.000797,-0.009962,-0.000354, 0.000000,
                   0.000309, 0.000380,-0.009988, 0.000000,
                  -27.368114,-152.163544,-4.530615, 1.000000;;
                }
              } // End of Armature_WingThumb01_R
            } // End of Armature_Wing02_R
          } // End of Armature_Wing01_R
        } // End of Armature_Spine02
      } // End of Armature_Spine01
      Frame Armature_UpperLeg_L {
        FrameTransformMatrix {
           0.771944, 0.440025,-0.458780, 0.000000,
          -0.626596, 0.405060,-0.665810, 0.000000,
          -0.107140, 0.801439, 0.588402, 0.000000,
           6.620113,85.229698,-42.187710, 1.000000;;
        }
        Frame Armature_LowerLeg_L {
          FrameTransformMatrix {
            -0.041473,-0.984589, 0.169898, 0.000000,
             0.966734,-0.082499,-0.242112, 0.000000,
             0.252397, 0.154205, 0.955257, 0.000000,
             0.000000,179.437622, 0.000000, 1.000000;;
          }
          Frame Armature_Feet_L {
            FrameTransformMatrix {
               0.656728,-0.668312, 0.349382, 0.000000,
               0.601690, 0.743644, 0.291486, 0.000000,
              -0.454619, 0.018792, 0.890488, 0.000000,
               0.000011,155.874405,-0.000004, 1.000000;;
            }
            Frame Armature_IndexToe01_L {
              FrameTransformMatrix {
                 0.999886,-0.015004,-0.001566, 0.000000,
                 0.014004, 0.961815,-0.273343, 0.000000,
                 0.005607, 0.273290, 0.961915, 0.000000,
                -3.430758,25.755121,-25.501068, 1.000000;;
              }
              Frame Armature_IndexToe02_L {
                FrameTransformMatrix {
                   1.000000, 0.000000,-0.000000, 0.000000,
                  -0.000000, 0.999742, 0.022721, 0.000000,
                   0.000000,-0.022721, 0.999742, 0.000000,
                  -2.437449,28.115870,-0.142595, 1.000000;;
                }
                Frame Armature_IndexToe03_L {
                  FrameTransformMatrix {
                     1.000000,-0.000001, 0.000000, 0.000000,
                     0.000000, 0.573462, 0.819232, 0.000000,
                    -0.000001,-0.819232, 0.573462, 0.000000,
                    -0.282437,27.569698,-1.050738, 1.000000;;
                  }
                } // End of Armature_IndexToe03_L
              } // End of Armature_IndexToe02_L
            } // End of Armature_IndexToe01_L
            Frame Armature_MiddleToe01_L {
              FrameTransformMatrix {
                 0.996910, 0.072713,-0.029733, 0.000000,
                -0.068525, 0.989979, 0.123473, 0.000000,
                 0.038413,-0.121054, 0.991902, 0.000000,
                -3.218616,31.106089,-5.303341, 1.000000;;
              }
              Frame Armature_MiddleToe02_L {
                FrameTransformMatrix {
                   1.000000,-0.000000,-0.000000, 0.000000,
                   0.000000, 0.999742, 0.022721, 0.000000,
                   0.000000,-0.022721, 0.999742, 0.000000,
                   0.028388,36.646259, 0.243301, 1.000000;;
                }
                Frame Armature_MiddleToe03_L {
                  FrameTransformMatrix {
                     1.000000, 0.000000,-0.000001, 0.000000,
                     0.000000, 0.573462, 0.819232, 0.000000,
                     0.000000,-0.819232, 0.573462, 0.000000,
                    -0.189647,32.270275,-0.938939, 1.000000;;
                  }
                } // End of Armature_MiddleToe03_L
              } // End of Armature_MiddleToe02_L
            } // End of Armature_MiddleToe01_L
            Frame Armature_PinkyToe01_L {
              FrameTransformMatrix {
                 0.999946,-0.000272,-0.010429, 0.000000,
                 0.004597, 0.908855, 0.417088, 0.000000,
                 0.009365,-0.417113, 0.908807, 0.000000,
                -7.263575,23.997839,14.883982, 1.000000;;
              }
              Frame Armature_PinkyToe02_L {
                FrameTransformMatrix {
                   1.000000, 0.000000,-0.000000, 0.000000,
