xof 0303txt 0032

template XSkinMeshHeader {
  <3cf169ce-ff7c-44ab-93c0-f78f62d172e2>
  WORD nMaxSkinWeightsPerVertex;
  WORD nMaxSkinWeightsPerFace;
  WORD nBones;
}

template SkinWeights {
  <6f0d123b-bad2-4167-a0d0-80224f25fabb>
  STRING transformNodeName;
  DWORD nWeights;
  array DWORD vertexIndices[nWeights];
  array float weights[nWeights];
  Matrix4x4 matrixOffset;
}

Frame Root {
  FrameTransformMatrix {
     1.000000, 0.000000, 0.000000, 0.000000,
     0.000000,-0.000000,-1.000000, 0.000000,
     0.000000, 1.000000,-0.000000, 0.000000,
     0.000000, 0.000000, 0.000000, 1.000000;;
  }
  Frame Armature {
    FrameTransformMatrix {
       1.000000, 0.000000, 0.000000, 0.000000,
       0.000000,-0.000000, 1.000000, 0.000000,
       0.000000,-1.000000,-0.000000, 0.000000,
       0.000000, 0.000000, 0.000000, 1.000000;;
    }
    Frame Armature_Root {
      FrameTransformMatrix {
        -0.000000,-0.214862, 0.976644, 0.000000,
         1.000000,-0.000000, 0.000000, 0.000000,
        -0.000000, 0.976644, 0.214862, 0.000000,
         0.000000,287.817596,-148.563263, 1.000000;;
      }
      Frame Armature_Spine01 {
        FrameTransformMatrix {
          -0.137669,-0.000001, 0.990478, 0.000000,
           0.990478, 0.000000, 0.137669, 0.000000,
          -0.000000, 1.000000, 0.000001, 0.000000,
          97.524033,-0.000000, 0.000001, 1.000000;;
        }
        Frame Armature_Spine02 {
          FrameTransformMatrix {
            -0.995142, 0.098447,-0.000002, 0.000000,
             0.098446, 0.995142,-0.000000, 0.000000,
             0.000002,-0.000000,-1.000000, 0.000000,
            -0.000025,114.438339,-0.000000, 1.000000;;
          }
          Frame Armature_Chest {
            FrameTransformMatrix {
              -0.820313, 0.571915, 0.000000, 0.000000,
               0.571915, 0.820312,-0.000000, 0.000000,
              -0.000001,-0.000000,-1.000000, 0.000000,
              -0.000029,127.459373, 0.000000, 1.000000;;
            }
            Frame Armature_Neck01 {
              FrameTransformMatrix {
                 0.918356,-0.395755,-0.000000, 0.000000,
                 0.395755, 0.918356,-0.000000, 0.000000,
                 0.000000, 0.000000, 1.000000, 0.000000,
                 0.000046,126.849602, 0.000002, 1.000000;;
              }
              Frame Armature_Neck02 {
                FrameTransformMatrix {
                   0.934219,-0.356701,-0.000000, 0.000000,
                   0.356701, 0.934219,-0.000000, 0.000000,
                   0.000000,-0.000000, 1.000000, 0.000000,
                  -0.000008,122.347427,-0.000000, 1.000000;;
                }
                Frame Armature_Neck03 {
                  FrameTransformMatrix {
                     0.976611,-0.215015, 0.000000, 0.000000,
                     0.215015, 0.976611, 0.000000, 0.000000,
                    -0.000000, 0.000000, 1.000000, 0.000000,
                    -0.000008,112.527145,-0.000001, 1.000000;;
                  }
                  Frame Armature_Head {
                    FrameTransformMatrix {
                      -0.000000, 0.000000, 1.000000, 0.000000,
                      -0.562941, 0.826497,-0.000000, 0.000000,
                      -0.826497,-0.562941, 0.000000, 0.000000,
                       0.000004,105.244156, 0.000000, 1.000000;;
                    }
                    Frame Armature_Eye_L {
                      FrameTransformMatrix {
                         1.000000, 0.000000, 0.000000, 0.000000,
                         0.000000, 1.000000, 0.000000, 0.000000,
                        -0.000000, 0.000000, 1.000000, 0.000000,
                        34.315445,64.830772,-31.983665, 1.000000;;
                      }
                    } // End of Armature_Eye_L
                    Frame Armature_Eye_R {
                      FrameTransformMatrix {
                         1.000000, 0.000000, 0.000000, 0.000000,
                        -0.000000,-1.000000, 0.000000, 0.000000,
                         0.000000,-0.000000,-1.000000, 0.000000,
                        -34.315395,64.831276,-31.984093, 1.000000;;
                      }
                    } // End of Armature_Eye_R
                    Frame Armature_Eye_Under_L {
                      FrameTransformMatrix {
                         1.000000, 0.000000, 0.000000, 0.000000,
                         0.000000, 1.000000, 0.000000, 0.000000,
                        -0.000000, 0.000000, 1.000000, 0.000000,
                        38.478428,70.034836,-12.224511, 1.000000;;
                      }
                    } // End of Armature_Eye_Under_L
                    Frame Armature_Eye_Under_R {
                      FrameTransformMatrix {
                         1.000000, 0.000000, 0.000000, 0.000000,
                        -0.000000,-1.000000, 0.000000, 0.000000,
                         0.000000,-0.000000,-1.000000, 0.000000,
                        -38.478397,70.035263,-12.224082, 1.000000;;
                      }
                    } // End of Armature_Eye_Under_R
                    Frame Armature_Jaw01 {
                      FrameTransformMatrix {
                        -0.000000, 0.124975, 0.992160, 0.000000,
                         0.000000, 0.992160,-0.124975, 0.000000,
                        -1.000000, 0.000000,-0.000000, 0.000000,
                         0.000002,77.714058,41.943665, 1.000000;;
                      }
                      Frame Armature_Jaw02 {
                        FrameTransformMatrix {
                          -0.778932,-0.627109,-0.000001, 0.000000,
                           0.000001, 0.000000,-1.000000, 0.000000,
                           0.627109,-0.778932,-0.000000, 0.000000,
                          -0.000023,131.770660, 0.000000, 1.000000;;
                        }
                      } // End of Armature_Jaw02
                    } // End of Armature_Jaw01
                    Frame Armature_Tongue01 {
                      FrameTransformMatrix {
                        -0.000002,-0.065750, 0.997836, 0.000000,
                         0.000000, 0.997836, 0.065750, 0.000000,
                        -1.000000, 0.000000,-0.000002, 0.000000,
                        -0.000001,31.775047,21.651520, 1.000000;;
                      }
                      Frame Armature_Tongue02 {
                        FrameTransformMatrix {
                           0.999323,-0.036778, 0.000000, 0.000000,
                           0.036778, 0.999323,-0.000000, 0.000000,
                          -0.000000, 0.000000, 1.000000, 0.000000,
                           0.000015,53.170082, 0.000000, 1.000000;;
                        }
                        Frame Armature_Tongue03 {
                          FrameTransformMatrix {
                             0.999072,-0.043065, 0.000000, 0.000000,
                             0.043065, 0.999072,-0.000000, 0.000000,
                            -0.000000, 0.000000, 1.000000, 0.000000,
                            -0.000046,46.743305, 0.000000, 1.000000;;
                          }
                          Frame Armature_Tongue04 {
                            FrameTransformMatrix {
                              -0.962206,-0.272322,-0.000001, 0.000000,
                              -0.000000, 0.000003,-1.000000, 0.000000,
                               0.272322,-0.962206,-0.000003, 0.000000,
                              -0.000015,54.004105,-0.000000, 1.000000;;
                            }
                          } // End of Armature_Tongue04
                        } // End of Armature_Tongue03
                      } // End of Armature_Tongue02
                    } // End of Armature_Tongue01
                    Frame Armature_UpperMouth01 {
                      FrameTransformMatrix {
                        -0.000003, 0.094764,-0.995500, 0.000000,
                         0.000000, 0.995500, 0.094764, 0.000000,
                         1.000000,-0.000000,-0.000003, 0.000000,
                         0.000001,97.247856,-15.644089, 1.000000;;
                      }
                      Frame Armature_UpperMouth02 {
                        FrameTransformMatrix {
                           0.995693, 0.092716,-0.000000, 0.000000,
                           0.000000, 0.000003, 1.000000, 0.000000,
                           0.092716,-0.995693, 0.000002, 0.000000,
                          -0.000076,97.058807,-0.000000, 1.000000;;
                        }
                      } // End of Armature_UpperMouth02
                    } // End of Armature_UpperMouth01
                  } // End of Armature_Head
                } // End of Armature_Neck03
              } // End of Armature_Neck02
            } // End of Armature_Neck01
            Frame Armature_UpperArm_L {
              FrameTransformMatrix {
                 0.759536, 0.341056, 0.553883, 0.000000,
                -0.554173,-0.106565, 0.825552, 0.000000,
                 0.340585,-0.933983, 0.108064, 0.000000,
                -32.905888,-19.313288,82.735840, 1.000000;;
              }
              Frame Armature_LowerArm_L {
                FrameTransformMatrix {
                   0.986533, 0.163216,-0.010612, 0.000000,
                  -0.020829, 0.061014,-0.997919, 0.000000,
                  -0.162229, 0.984702, 0.063592, 0.000000,
                   0.000023,176.291122, 0.000013, 1.000000;;
                }
                Frame Armature_Hand_L {
                  FrameTransformMatrix {
                     0.390300,-0.815598,-0.427160, 0.000000,
                     0.818593, 0.519760,-0.244448, 0.000000,
                     0.421392,-0.254262, 0.870505, 0.000000,
                     0.000010,171.877777, 0.000015, 1.000000;;
                  }
                  Frame Armature_Index01_L {
                    FrameTransformMatrix {
                       0.999777,-0.020721, 0.004106, 0.000000,
                       0.020953, 0.948051,-0.317428, 0.000000,
                       0.002685, 0.317443, 0.948273, 0.000000,
                      -5.378053,55.339272,-24.943499, 1.000000;;
                    }
                    Frame Armature_Index02_L {
                      FrameTransformMatrix {
                         1.000000,-0.000001,-0.000000, 0.000000,
                         0.000001, 0.999241, 0.038962, 0.000000,
                         0.000000,-0.038962, 0.999241, 0.000000,
                        -2.207212,39.770664,-0.317708, 1.000000;;
                      }
                      Frame Armature_Index03_L {
                        FrameTransformMatrix {
                           1.000000, 0.000000,-0.000000, 0.000000,
                          -0.000000, 0.573462, 0.819232, 0.000000,
                           0.000000,-0.819232, 0.573462, 0.000000,
                          -0.282495,27.569691,-1.050694, 1.000000;;
                        }
                      } // End of Armature_Index03_L
                    } // End of Armature_Index02_L
                  } // End of Armature_Index01_L
                  Frame Armature_Middle01_L {
                    FrameTransformMatrix {
                       0.997438, 0.064516,-0.030903, 0.000000,
                      -0.066262, 0.996038,-0.059304, 0.000000,
                       0.026954, 0.061200, 0.997761, 0.000000,
                      -5.274512,61.946568, 2.297066, 1.000000;;
                    }
                    Frame Armature_Middle02_L {
                      FrameTransformMatrix {
                         1.000000,-0.000000,-0.000000, 0.000000,
                         0.000000, 0.999742, 0.022721, 0.000000,
                         0.000000,-0.022721, 0.999742, 0.000000,
                         0.726911,43.116936, 0.768587, 1.000000;;
                      }
                      Frame Armature_Middle3_L {
                        FrameTransformMatrix {
                           1.000000,-0.000000, 0.000000, 0.000000,
                          -0.000000, 0.573462, 0.819232, 0.000000,
                          -0.000000,-0.819232, 0.573462, 0.000000,
                          -0.189638,32.270309,-0.938951, 1.000000;;
                        }
                      } // End of Armature_Middle3_L
                    } // End of Armature_Middle02_L
                  } // End of Armature_Middle01_L
                  Frame Armature_Pinky01_L {
                    FrameTransformMatrix {
                       0.999960,-0.006735,-0.005891, 0.000000,
                       0.007900, 0.973667, 0.227837, 0.000000,
                       0.004201,-0.227874, 0.973682, 0.000000,
                      -9.550699,54.729008,28.829348, 1.000000;;
                    }
                    Frame Armature_Pinky02_L {
                      FrameTransformMatrix {
                         1.000000, 0.000001, 0.000000, 0.000000,
                        -0.000001, 0.999742, 0.022721, 0.000000,
                        -0.000000,-0.022722, 0.999742, 0.000000,
                         0.112925,39.613895, 0.562979, 1.000000;;
                      }
                      Frame Armature_Pinky03_L {
                        FrameTransformMatrix {
                           1.000000,-0.000001,-0.000000, 0.000000,
                           0.000001, 0.573462, 0.819232, 0.000000,
                          -0.000000,-0.819232, 0.573462, 0.000000,
                          -0.189616,32.270294,-0.938971, 1.000000;;
                        }
                      } // End of Armature_Pinky03_L
                    } // End of Armature_Pinky02_L
                  } // End of Armature_Pinky01_L
                  Frame Armature_Thumb01_L {
                    FrameTransformMatrix {
                       0.999761,-0.019929, 0.008856, 0.000000,
                      -0.020674,-0.995353, 0.094054, 0.000000,
                       0.006948,-0.094215,-0.995510, 0.000000,
                      -12.599339,-25.391657, 3.054247, 1.000000;;
                    }
                    Frame Armature_Thumb02_L {
                      FrameTransformMatrix {
                         1.000000,-0.000000,-0.000000, 0.000000,
                         0.000000, 0.999742, 0.022722, 0.000000,
                         0.000000,-0.022722, 0.999742, 0.000000,
                        -1.729814,36.609947, 0.235101, 1.000000;;
                      }
                    } // End of Armature_Thumb02_L
                  } // End of Armature_Thumb01_L
                } // End of Armature_Hand_L
              } // End of Armature_LowerArm_L
            } // End of Armature_UpperArm_L
            Frame Armature_UpperArm_R {
              FrameTransformMatrix {
                 0.886955, 0.252283,-0.386864, 0.000000,
                -0.437310, 0.189306,-0.879160, 0.000000,
                -0.148562, 0.948956, 0.278232, 0.000000,
                -32.906101,-19.313202,-82.735794, 1.000000;;
              }
              Frame Armature_RowerArm_R {
                FrameTransformMatrix {
                   0.988583, 0.149583,-0.018104, 0.000000,
                  -0.022607, 0.266048, 0.963695, 0.000000,
                   0.148969,-0.952284, 0.266392, 0.000000,
                  -0.000008,176.291290, 0.000015, 1.000000;;
                }
                Frame Armature_Hand_R {
                  FrameTransformMatrix {
                     0.602737,-0.730011, 0.322166, 0.000000,
                     0.758816, 0.649263, 0.051534, 0.000000,
                    -0.246791, 0.213403, 0.945279, 0.000000,
                    -0.000010,171.877350, 0.000024, 1.000000;;
                  }
                  Frame Armature_Index01_R {
                    FrameTransformMatrix {
                       0.997907, 0.017385, 0.062277, 0.000000,
                      -0.035634, 0.951574, 0.305348, 0.000000,
                      -0.053953,-0.306928, 0.950202, 0.000000,
                      -4.365443,56.017735,23.587986, 1.000000;;
                    }
                    Frame Armature_Index02_R {
                      FrameTransformMatrix {
                         0.999593,-0.027995, 0.005412, 0.000000,
                         0.028227, 0.998395,-0.049106, 0.000000,
                        -0.004029, 0.049239, 0.998779, 0.000000,
                         0.922233,39.822796,-0.089585, 1.000000;;
                      }
                      Frame Armature_Index03_R {
                        FrameTransformMatrix {
                          -0.998719, 0.050615,-0.000000, 0.000000,
                          -0.029026,-0.572728, 0.819231, 0.000000,
                           0.041465, 0.818181, 0.573463, 0.000000,
                           1.113345,27.548433, 1.050568, 1.000000;;
                        }
                      } // End of Armature_Index03_R
                    } // End of Armature_Index02_R
                  } // End of Armature_Index01_R
                  Frame Armature_Middle01_R {
                    FrameTransformMatrix {
                       0.996970,-0.001895, 0.077763, 0.000000,
                      -0.001156, 0.999232, 0.039176, 0.000000,
                      -0.077777,-0.039147, 0.996202, 0.000000,
                      -2.675730,62.042610,-3.734672, 1.000000;;
                    }
                    Frame Armature_Middle02_R {
                      FrameTransformMatrix {
                         0.996394, 0.022485,-0.081819, 0.000000,
                        -0.023886, 0.999584,-0.016189, 0.000000,
                         0.081421, 0.018085, 0.996516, 0.000000,
                        -0.485391,43.120678,-0.768981, 1.000000;;
                      }
                      Frame Armature_Middle3_R {
                        FrameTransformMatrix {
                          -0.996632,-0.004223,-0.081897, 0.000000,
                          -0.065008,-0.568093, 0.820393, 0.000000,
                          -0.049990, 0.822953, 0.565905, 0.000000,
                          -0.384446,32.274971, 0.699797, 1.000000;;
                        }
                      } // End of Armature_Middle3_R
                    } // End of Armature_Middle02_R
                  } // End of Armature_Middle01_R
                  Frame Armature_Pinky01_R {
                    FrameTransformMatrix {
                       0.994406,-0.070278, 0.078850, 0.000000,
                       0.089690, 0.956109,-0.278948, 0.000000,
                      -0.055785, 0.284459, 0.957064, 0.000000,
                      -5.944196,54.442375,-30.303257, 1.000000;;
                    }
                    Frame Armature_Pinky02_R {
                      FrameTransformMatrix {
                         1.000000,-0.000000, 0.000000, 0.000000,
                         0.000000, 0.999460, 0.032845, 0.000000,
                        -0.000000,-0.032845, 0.999460, 0.000000,
                        -1.077971,39.593819, 0.897183, 1.000000;;
                      }
                      Frame Armature_Pinky03_R {
                        FrameTransformMatrix {
                           1.000000, 0.000000,-0.000001, 0.000000,
                           0.000001,-0.523352, 0.852116, 0.000000,
                          -0.000000,-0.852117,-0.523353, 0.000000,
                          -1.148800,32.262390, 0.339633, 1.000000;;
                        }
                      } // End of Armature_Pinky03_R
                    } // End of Armature_Pinky02_R
                  } // End of Armature_Pinky01_R
                  Frame Armature_Thumb01_R {
                    FrameTransformMatrix {
                       0.988785,-0.145406, 0.034087, 0.000000,
                      -0.142358,-0.986638,-0.079240, 0.000000,
                       0.045154, 0.073498,-0.996273, 0.000000,
                      -13.441564,-24.940123,-3.187932, 1.000000;;
                    }
                    Frame Armature_Thumb02_R {
                      FrameTransformMatrix {
                        -0.996228, 0.086926,-0.000006, 0.000000,
                        -0.086904,-0.995958, 0.022721, 0.000000,
                         0.001975, 0.022636, 0.999743, 0.000000,
                         1.459110,36.621059,-0.234855, 1.000000;;
                      }
                    } // End of Armature_Thumb02_R
                  } // End of Armature_Thumb01_R
                } // End of Armature_Hand_R
              } // End of Armature_RowerArm_R
            } // End of Armature_UpperArm_R
          } // End of Armature_Chest
          Frame Armature_Wing01_L {
            FrameTransformMatrix {
              -0.368721, 0.486496,-0.792065, 0.000000,
              -0.457880,-0.836613,-0.300706, 0.000000,
              -0.808944, 0.251794, 0.531234, 0.000000,
              -56.105736,20.234104,-89.395493, 1.000000;;
            }
            Frame Armature_Wing02_L {
              FrameTransformMatrix {
                -0.800515,-0.598734, 0.026347, 0.000000,
                 0.598461,-0.800947,-0.018105, 0.000000,
                 0.031943, 0.001275, 0.999489, 0.000000,
                 0.000000,299.243988, 0.000019, 1.000000;;
              }
              Frame Armature_Wing03_L {
                FrameTransformMatrix {
                   0.005399, 0.999963, 0.006740, 0.000000,
                  -0.972650, 0.006817,-0.232176, 0.000000,
                  -0.232213,-0.005302, 0.972650, 0.000000,
                  -0.000015,468.655060,-0.000069, 1.000000;;
                }
                Frame Armature_WingIndex01_L {
                  FrameTransformMatrix {
                     0.707360, 0.706843, 0.003758, 0.000000,
                    -0.706849, 0.707365, 0.000079, 0.000000,
                    -0.002603,-0.002712, 0.999993, 0.000000,
                     0.000015,40.398361,-0.000092, 1.000000;;
                  }
                  Frame Armature_WingIndex02_L {
                    FrameTransformMatrix {
                       0.957455, 0.284941,-0.045698, 0.000000,
                      -0.286235, 0.957841,-0.024698, 0.000000,
                       0.036734, 0.036727, 0.998650, 0.000000,
                       0.000027,209.264465,-0.000019, 1.000000;;
                    }
                    Frame Armature_WingIndex03_L {
                      FrameTransformMatrix {
                         0.479600, 0.259208, 0.838329, 0.000000,
                         0.737507, 0.398597,-0.545165, 0.000000,
                        -0.475466, 0.879734,-0.000001, 0.000000,
                        -0.000011,228.365204, 0.000019, 1.000000;;
                      }
                    } // End of Armature_WingIndex03_L
                  } // End of Armature_WingIndex02_L
                } // End of Armature_WingIndex01_L
                Frame Armature_WingMiddle01_L {
                  FrameTransformMatrix {
                     0.526401, 0.850100, 0.015245, 0.000000,
                    -0.850168, 0.526502,-0.003255, 0.000000,
                    -0.010793,-0.011247, 0.999879, 0.000000,
                    -18.335560,37.623711,-3.889153, 1.000000;;
                  }
                  Frame Armature_WingMiddle02_L {
                    FrameTransformMatrix {
                       0.992900, 0.117832,-0.016290, 0.000000,
                      -0.117914, 0.993015,-0.004138, 0.000000,
                       0.015689, 0.006029, 0.999859, 0.000000,
                      -0.000015,205.206238,-0.000014, 1.000000;;
                    }
                    Frame Armature_WingMiddle04_L {
                      FrameTransformMatrix {
                        -0.946809,-0.303649, 0.106534, 0.000000,
                        -0.304713, 0.952421, 0.006532, 0.000000,
                        -0.103449,-0.026278,-0.994287, 0.000000,
                        -7.270248,370.676208,-3.474419, 1.000000;;
                      }
                      Frame Armature_WingMiddle05_L {
                        FrameTransformMatrix {
                          -0.493034,-0.030229,-0.869485, 0.000000,
                          -0.867854,-0.053212, 0.493960, 0.000000,
                          -0.061199, 0.998126, 0.000000, 0.000000,
                          -31.631344,539.507202,-7.139771, 1.000000;;
                        }
                      } // End of Armature_WingMiddle05_L
                    } // End of Armature_WingMiddle04_L
                  } // End of Armature_WingMiddle02_L
                } // End of Armature_WingMiddle01_L
                Frame Armature_WingPinky01_L {
                  FrameTransformMatrix {
                    -0.252965,-0.964142, 0.080242, 0.000000,
                    -0.965387, 0.256996, 0.044509, 0.000000,
                    -0.063534,-0.066205,-0.995781, 0.000000,
                    -61.174343,16.226547,-8.790440, 1.000000;;
                  }
                  Frame Armature_WingPinky02_L {
                    FrameTransformMatrix {
                       0.977515,-0.197933, 0.072713, 0.000000,
                       0.195876, 0.980022, 0.034485, 0.000000,
                      -0.078086,-0.019466, 0.996756, 0.000000,
                       0.000001,195.337555, 0.000002, 1.000000;;
                    }
                    Frame Armature_WingPinky04_L {
                      FrameTransformMatrix {
                         0.969579,-0.244774, 0.001311, 0.000000,
                         0.244773, 0.969580, 0.001082, 0.000000,
                        -0.001536,-0.000729, 0.999999, 0.000000,
                         0.229256,253.069778, 3.634998, 1.000000;;
                      }
                      Frame Armature_WingPinky05_L {
                        FrameTransformMatrix {
                          -0.445038,-0.367401,-0.816675, 0.000000,
                          -0.629791,-0.519924, 0.577098, 0.000000,
                          -0.636635, 0.771165, 0.000000, 0.000000,
                          -10.885773,281.533752,-8.118980, 1.000000;;
                        }
                      } // End of Armature_WingPinky05_L
                    } // End of Armature_WingPinky04_L
                  } // End of Armature_WingPinky02_L
                } // End of Armature_WingPinky01_L
                Frame Armature_WingRing01_L {
                  FrameTransformMatrix {
                     0.413673, 0.907669, 0.070798, 0.000000,
                    -0.908943, 0.416184,-0.024750, 0.000000,
                    -0.051930,-0.054113, 0.997184, 0.000000,
                    -39.982117,25.864685,-5.638363, 1.000000;;
                  }
                  Frame Armature_WingRing02_L {
                    FrameTransformMatrix {
                      -0.972438,-0.142164, 0.184806, 0.000000,
                      -0.143708, 0.989607, 0.005081, 0.000000,
                      -0.183607,-0.021617,-0.982762, 0.000000,
                      -0.000047,199.690048, 0.000016, 1.000000;;
                    }
                    Frame Armature_WingRing04_L {
                      FrameTransformMatrix {
                         0.959317,-0.279679, 0.038613, 0.000000,
                         0.279406, 0.960093, 0.012408, 0.000000,
                        -0.040542,-0.001115, 0.999177, 0.000000,
                        14.586153,326.020844, 6.447857, 1.000000;;
                      }
                      Frame Armature_WingRing05_L {
                        FrameTransformMatrix {
                          -0.501265,-0.161077,-0.850169, 0.000000,
                          -0.809405,-0.260096, 0.526509, 0.000000,
                          -0.305934, 0.952052, 0.000000, 0.000000,
                          -34.832001,405.853363,-4.218777, 1.000000;;
                        }
                      } // End of Armature_WingRing05_L
                    } // End of Armature_WingRing04_L
                  } // End of Armature_WingRing02_L
                } // End of Armature_WingRing01_L
              } // End of Armature_Wing03_L
              Frame Armature_WingThumb01_L {
                FrameTransformMatrix {
                   0.009964,-0.000785,-0.000338, 0.000000,
                  -0.000797,-0.009962,-0.000354, 0.000000,
                  -0.000309, 0.000380,-0.009988, 0.000000,
                  22.588360,-147.902267,-4.448685, 1.000000;;
                }
              } // End of Armature_WingThumb01_L
            } // End of Armature_Wing02_L
          } // End of Armature_Wing01_L
          Frame Armature_Wing01_R {
            FrameTransformMatrix {
               0.343540,-0.484226,-0.804677, 0.000000,
              -0.401813,-0.850226, 0.340090, 0.000000,
              -0.848838, 0.206495,-0.486655, 0.000000,
              -56.105965,20.234142,89.395645, 1.000000;;
            }
            Frame Armature_Wing02_R {
              FrameTransformMatrix {
                -0.792638, 0.609119,-0.026432, 0.000000,
                -0.608851,-0.793077,-0.018162, 0.000000,
                -0.032025, 0.001698, 0.999486, 0.000000,
                 0.000000,299.244202,-0.000034, 1.000000;;
              }
              Frame Armature_Wing03_R {
                FrameTransformMatrix {
                   0.071511,-0.997436,-0.002729, 0.000000,
                   0.987070, 0.071161,-0.143630, 0.000000,
                   0.143456, 0.007577, 0.989628, 0.000000,
                   0.000015,468.654999,-0.000004, 1.000000;;
                }
                Frame Armature_WingIndex01_R {
                  FrameTransformMatrix {
                     0.715754,-0.698342,-0.003769, 0.000000,
                     0.698348, 0.715759, 0.000124, 0.000000,
                     0.002611,-0.002721, 0.999993, 0.000000,
                    -0.000080,40.398003,-0.000023, 1.000000;;
                  }
                  Frame Armature_WingIndex02_R {
                    FrameTransformMatrix {
                       0.957453,-0.284947, 0.045705, 0.000000,
                       0.286241, 0.957839,-0.024702, 0.000000,
                      -0.036740, 0.036734, 0.998650, 0.000000,
                       0.000008,209.265259,-0.000021, 1.000000;;
                    }
                    Frame Armature_WingIndex03_R {
                      FrameTransformMatrix {
                         0.479598,-0.259204,-0.838331, 0.000000,
                         0.737510,-0.398595, 0.545162, 0.000000,
                        -0.475463,-0.879736, 0.000000, 0.000000,
                         0.000065,228.364456, 0.000044, 1.000000;;
                      }
                    } // End of Armature_WingIndex03_R
                  } // End of Armature_WingIndex02_R
                } // End of Armature_WingIndex01_R
                Frame Armature_WingMiddle01_R {
                  FrameTransformMatrix {
                     0.518919,-0.854688,-0.015224, 0.000000,
                     0.854755, 0.519020,-0.003390, 0.000000,
                     0.010799,-0.011253, 0.999878, 0.000000,
                    18.335224,37.623726,-3.888912, 1.000000;;
                  }
                  Frame Armature_WingMiddle02_R {
                    FrameTransformMatrix {
                       0.992900,-0.117831, 0.016295, 0.000000,
                       0.117912, 0.993015,-0.004139, 0.000000,
                      -0.015694, 0.006031, 0.999859, 0.000000,
                       0.000008,205.206223, 0.000057, 1.000000;;
                    }
                    Frame Armature_WingMiddle04_R {
                      FrameTransformMatrix {
                        -0.946811, 0.303651,-0.106511, 0.000000,
                         0.304716, 0.952421, 0.006531, 0.000000,
                         0.103426,-0.026272,-0.994290, 0.000000,
                         4.796516,414.726501,-2.164433, 1.000000;;
                      }
                      Frame Armature_WingMiddle05_R {
                        FrameTransformMatrix {
                          -0.493050, 0.030231, 0.869476, 0.000000,
                          -0.867846, 0.053211,-0.493976, 0.000000,
                          -0.061200,-0.998126, 0.000000, 0.000000,
                          16.053301,498.297913,-4.424019, 1.000000;;
                        }
                      } // End of Armature_WingMiddle05_R
                    } // End of Armature_WingMiddle04_R
                  } // End of Armature_WingMiddle02_R
                } // End of Armature_WingMiddle01_R
                Frame Armature_WingPinky01_R {
                  FrameTransformMatrix {
                    -0.247279, 0.965639,-0.079969, 0.000000,
                     0.966860, 0.251316, 0.044976, 0.000000,
                     0.063528,-0.066197,-0.995782, 0.000000,
                    61.174221,16.226780,-8.790718, 1.000000;;
                  }
                  Frame Armature_WingPinky02_R {
                    FrameTransformMatrix {
                       0.977515, 0.197936,-0.072710, 0.000000,
                      -0.195879, 0.980022, 0.034484, 0.000000,
                       0.078083,-0.019466, 0.996757, 0.000000,
                      -0.000012,195.337784, 0.000014, 1.000000;;
                    }
                    Frame Armature_WingPinky04_R {
                      FrameTransformMatrix {
                         0.969580, 0.244773,-0.001310, 0.000000,
                        -0.244772, 0.969580, 0.001081, 0.000000,
                         0.001535,-0.000727, 0.999998, 0.000000,
                        -9.829700,246.306534, 2.711369, 1.000000;;
                      }
                      Frame Armature_WingPinky05_R {
                        FrameTransformMatrix {
                          -0.445037, 0.367399, 0.816676, 0.000000,
                          -0.629793, 0.519924,-0.577096, 0.000000,
                          -0.636634,-0.771166, 0.000000, 0.000000,
                          21.847855,285.742310,-7.185257, 1.000000;;
                        }
                      } // End of Armature_WingPinky05_R
                    } // End of Armature_WingPinky04_R
                  } // End of Armature_WingPinky02_R
                } // End of Armature_WingPinky01_R
                Frame Armature_WingRing01_R {
                  FrameTransformMatrix {
                     0.410746,-0.909002,-0.070730, 0.000000,
                     0.910269, 0.413262,-0.024983, 0.000000,
                     0.051939,-0.054122, 0.997182, 0.000000,
                    39.982002,25.864504,-5.638714, 1.000000;;
                  }
                  Frame Armature_WingRing02_R {
                    FrameTransformMatrix {
                      -0.972431, 0.142168,-0.184844, 0.000000,
                       0.143713, 0.989606, 0.005081, 0.000000,
                       0.183645,-0.021624,-0.982755, 0.000000,
                      -0.000009,199.690613, 0.000011, 1.000000;;
                    }
                    Frame Armature_WingRing04_R {
                      FrameTransformMatrix {
                         0.959316, 0.279678,-0.038642, 0.000000,
                        -0.279405, 0.960093, 0.012417, 0.000000,
                         0.040573,-0.001115, 0.999176, 0.000000,
                        -13.788986,362.526062, 6.754265, 1.000000;;
                      }
                      Frame Armature_WingRing05_R {
                        FrameTransformMatrix {
                          -0.501262, 0.161076, 0.850171, 0.000000,
                          -0.809408, 0.260096,-0.526506, 0.000000,
                          -0.305934,-0.952053, 0.000000, 0.000000,
                          23.868958,371.023865,-4.515266, 1.000000;;
                        }
                      } // End of Armature_WingRing05_R
                    } // End of Armature_WingRing04_R
                  } // End of Armature_WingRing02_R
                } // End of Armature_WingRing01_R
              } // End of Armature_Wing03_R
              Frame Armature_WingThumb01_R {
                FrameTransformMatrix {
                   0.009964, 0.000785, 0.000338, 0.000000,
                   0.000797,-0.009962,-0.000354, 0.000000,
                   0.000309, 0.000380,-0.009988, 0.000000,
                  -27.368042,-152.163513,-4.530502, 1.000000;;
                }
              } // End of Armature_WingThumb01_R
            } // End of Armature_Wing02_R
          } // End of Armature_Wing01_R
        } // End of Armature_Spine02
      } // End of Armature_Spine01
      Frame Armature_UpperLeg_L {
        FrameTransformMatrix {
           0.801061, 0.449512,-0.395272, 0.000000,
          -0.564590, 0.348043,-0.748401, 0.000000,
          -0.198844, 0.822681, 0.532594, 0.000000,
           6.620124,85.229698,-42.187695, 1.000000;;
        }
        Frame Armature_LowerLeg_L {
          FrameTransformMatrix {
             0.111049,-0.983419, 0.143369, 0.000000,
             0.967937, 0.074320,-0.239945, 0.000000,
             0.225312, 0.165417, 0.960141, 0.000000,
             0.000023,179.437622,-0.000002, 1.000000;;
          }
          Frame Armature_Feet_L {
            FrameTransformMatrix {
               0.643142,-0.694262, 0.323061, 0.000000,
               0.674100, 0.713454, 0.191238, 0.000000,
              -0.363259, 0.094782, 0.926855, 0.000000,
              -0.000011,155.874420, 0.000016, 1.000000;;
            }
            Frame Armature_IndexToe01_L {
              FrameTransformMatrix {
                 0.999886,-0.015004,-0.001566, 0.000000,
                 0.014004, 0.961815,-0.273343, 0.000000,
                 0.005607, 0.273290, 0.961916, 0.000000,
                -3.430752,25.755087,-25.501066, 1.000000;;
              }
              Frame Armature_IndexToe02_L {
                FrameTransformMatrix {
                   1.000000, 0.000000,-0.000000, 0.000000,
                  -0.000000, 0.999742, 0.022721, 0.000000,
                   0.000000,-0.022721, 0.999742, 0.000000,
                  -2.437463,28.115868,-0.142616, 1.000000;;
                }
                Frame Armature_IndexToe03_L {
                  FrameTransformMatrix {
                     1.000000,-0.000000, 0.000000, 0.000000,
                     0.000000, 0.573462, 0.819232, 0.000000,
                    -0.000000,-0.819232, 0.573462, 0.000000,
                    -0.282482,27.569691,-1.050744, 1.000000;;
                  }
                } // End of Armature_IndexToe03_L
              } // End of Armature_IndexToe02_L
            } // End of Armature_IndexToe01_L
            Frame Armature_MiddleToe01_L {
              FrameTransformMatrix {
                 0.996910, 0.072713,-0.029733, 0.000000,
                -0.068525, 0.989979, 0.123473, 0.000000,
                 0.038413,-0.121054, 0.991903, 0.000000,
                -3.218629,31.106073,-5.303352, 1.000000;;
              }
              Frame Armature_MiddleToe02_L {
                FrameTransformMatrix {
                   1.000000,-0.000000, 0.000000, 0.000000,
                   0.000000, 0.999742, 0.022721, 0.000000,
                  -0.000000,-0.022721, 0.999742, 0.000000,
                   0.028369,36.646267, 0.243331, 1.000000;;
                }
                Frame Armature_MiddleToe03_L {
                  FrameTransformMatrix {
                     1.000000, 0.000000,-0.000000, 0.000000,
                     0.000000, 0.573462, 0.819232, 0.000000,
                     0.000000,-0.819232, 0.573462, 0.000000,
                    -0.189625,32.270287,-0.938950, 1.000000;;
                  }
                } // End of Armature_MiddleToe03_L
              } // End of Armature_MiddleToe02_L
            } // End of Armature_MiddleToe01_L
            Frame Armature_PinkyToe01_L {
              FrameTransformMatrix {
                 0.999946,-0.000272,-0.010429, 0.000000,
                 0.004597, 0.908855, 0.417088, 0.000000,
                 0.009365,-0.417113, 0.908807, 0.000000,
                -7.263605,23.997833,14.883981, 1.000000;;
              }
              Frame Armature_PinkyToe02_L {
                FrameTransformMatrix {
