xof 0303txt 0032

template XSkinMeshHeader {
  <3cf169ce-ff7c-44ab-93c0-f78f62d172e2>
  WORD nMaxSkinWeightsPerVertex;
  WORD nMaxSkinWeightsPerFace;
  WORD nBones;
}

template SkinWeights {
  <6f0d123b-bad2-4167-a0d0-80224f25fabb>
  STRING transformNodeName;
  DWORD nWeights;
  array DWORD vertexIndices[nWeights];
  array float weights[nWeights];
  Matrix4x4 matrixOffset;
}

Frame Root {
  FrameTransformMatrix {
     1.000000, 0.000000, 0.000000, 0.000000,
     0.000000,-0.000000,-1.000000, 0.000000,
     0.000000, 1.000000,-0.000000, 0.000000,
     0.000000, 0.000000, 0.000000, 1.000000;;
  }
  Frame Armature {
    FrameTransformMatrix {
       1.000000, 0.000000, 0.000000, 0.000000,
       0.000000,-0.000000, 1.000000, 0.000000,
       0.000000,-1.000000,-0.000000, 0.000000,
       0.000000, 0.000000, 0.000000, 1.000000;;
    }
    Frame Armature_Root {
      FrameTransformMatrix {
        -0.000000,-0.094477, 0.995527, 0.000000,
         1.000000,-0.000000, 0.000000, 0.000000,
         0.000000, 0.995527, 0.094477, 0.000000,
         0.000000,248.638443,-84.542702, 1.000000;;
      }
      Frame Armature_Spine01 {
        FrameTransformMatrix {
          -0.084883,-0.000000, 0.996391, 0.000000,
           0.996391, 0.000000, 0.084883, 0.000000,
          -0.000000, 1.000000, 0.000000, 0.000000,
          97.524040,-0.000000,-0.000020, 1.000000;;
        }
        Frame Armature_Spine02 {
          FrameTransformMatrix {
            -0.967997,-0.159529,-0.193734, 0.000000,
            -0.167222, 0.985629, 0.023919, 0.000000,
             0.187134, 0.055550,-0.980763, 0.000000,
             0.000007,114.438347,-0.000000, 1.000000;;
          }
          Frame Armature_Chest {
            FrameTransformMatrix {
              -0.951980, 0.289175,-0.100557, 0.000000,
               0.297922, 0.950651,-0.086632, 0.000000,
               0.070542,-0.112430,-0.991152, 0.000000,
               0.000009,127.459381, 0.000010, 1.000000;;
            }
            Frame Armature_Neck01 {
              FrameTransformMatrix {
                 0.920460,-0.390836,-0.000000, 0.000000,
                 0.390835, 0.920460,-0.000000, 0.000000,
                 0.000000, 0.000000, 1.000000, 0.000000,
                 0.000034,126.849579, 0.000009, 1.000000;;
              }
              Frame Armature_Neck02 {
                FrameTransformMatrix {
                   0.936316,-0.351160,-0.000000, 0.000000,
                   0.351160, 0.936316,-0.000000, 0.000000,
                   0.000000,-0.000000, 1.000000, 0.000000,
                   0.000005,122.347336,-0.000010, 1.000000;;
                }
                Frame Armature_Neck03 {
                  FrameTransformMatrix {
                     0.977384,-0.211473, 0.000000, 0.000000,
                     0.211473, 0.977384, 0.000000, 0.000000,
                    -0.000000, 0.000000, 1.000000, 0.000000,
                     0.000022,112.527145,-0.000004, 1.000000;;
                  }
                  Frame Armature_Head {
                    FrameTransformMatrix {
                       0.120804,-0.206346, 0.970993, 0.000000,
                      -0.245338, 0.941606, 0.230624, 0.000000,
                      -0.961881,-0.266082, 0.063126, 0.000000,
                       0.000005,105.244064, 0.000000, 1.000000;;
                    }
                    Frame Armature_Eye_L {
                      FrameTransformMatrix {
                         1.000000,-0.000000, 0.000000, 0.000000,
                         0.000000, 1.000000, 0.000000, 0.000000,
                        -0.000000,-0.000000, 1.000000, 0.000000,
                        34.315460,64.830841,-31.983643, 1.000000;;
                      }
                    } // End of Armature_Eye_L
                    Frame Armature_Eye_R {
                      FrameTransformMatrix {
                         1.000000, 0.000000, 0.000000, 0.000000,
                         0.000000,-1.000000,-0.000000, 0.000000,
                         0.000000, 0.000000,-1.000000, 0.000000,
                        -34.315418,64.831268,-31.984058, 1.000000;;
                      }
                    } // End of Armature_Eye_R
                    Frame Armature_Eye_Under_L {
                      FrameTransformMatrix {
                         1.000000,-0.000000, 0.000000, 0.000000,
                         0.000000, 1.000000, 0.000000, 0.000000,
                        -0.000000,-0.000000, 1.000000, 0.000000,
                        38.478458,70.034775,-12.224499, 1.000000;;
                      }
                    } // End of Armature_Eye_Under_L
                    Frame Armature_Eye_Under_R {
                      FrameTransformMatrix {
                         1.000000, 0.000000, 0.000000, 0.000000,
                         0.000000,-1.000000,-0.000000, 0.000000,
                         0.000000, 0.000000,-1.000000, 0.000000,
                        -38.478405,70.035233,-12.224058, 1.000000;;
                      }
                    } // End of Armature_Eye_Under_R
                    Frame Armature_Jaw01 {
                      FrameTransformMatrix {
                        -0.000000,-0.719235, 0.694767, 0.000000,
                        -0.000000, 0.694767, 0.719235, 0.000000,
                        -1.000000, 0.000000,-0.000000, 0.000000,
                        -0.000011,49.590721,83.485291, 1.000000;;
                      }
                      Frame Armature_Jaw02 {
                        FrameTransformMatrix {
                          -0.778932,-0.627109,-0.000001, 0.000000,
                           0.000001, 0.000000,-1.000000, 0.000000,
                           0.627109,-0.778932, 0.000000, 0.000000,
                          -0.000004,131.770615, 0.000033, 1.000000;;
                        }
                      } // End of Armature_Jaw02
                    } // End of Armature_Jaw01
                    Frame Armature_Tongue01 {
                      FrameTransformMatrix {
                        -0.000002,-0.543955, 0.839114, 0.000000,
                        -0.000001, 0.839114, 0.543955, 0.000000,
                        -1.000000, 0.000000,-0.000003, 0.000000,
                         0.000000,31.774952,21.651581, 1.000000;;
                      }
                      Frame Armature_Tongue02 {
                        FrameTransformMatrix {
                           0.960848,-0.277076, 0.000000, 0.000000,
                           0.277076, 0.960848,-0.000000, 0.000000,
                           0.000000, 0.000000, 1.000000, 0.000000,
                           0.000042,53.169991,-0.000023, 1.000000;;
                        }
                        Frame Armature_Tongue03 {
                          FrameTransformMatrix {
                             0.937192,-0.348815, 0.000000, 0.000000,
                             0.348815, 0.937191,-0.000000, 0.000000,
                            -0.000000, 0.000000, 1.000000, 0.000000,
                             0.000050,46.743267,-0.000038, 1.000000;;
                          }
                          Frame Armature_Tongue04 {
                            FrameTransformMatrix {
                              -0.962206,-0.272321,-0.000001, 0.000000,
                              -0.000000, 0.000003,-1.000000, 0.000000,
                               0.272321,-0.962206,-0.000003, 0.000000,
                               0.000038,54.004128,-0.000015, 1.000000;;
                            }
                          } // End of Armature_Tongue04
                        } // End of Armature_Tongue03
                      } // End of Armature_Tongue02
                    } // End of Armature_Tongue01
                    Frame Armature_UpperMouth01 {
                      FrameTransformMatrix {
                        -0.000003,-0.118516,-0.992952, 0.000000,
                        -0.000000, 0.992952,-0.118516, 0.000000,
                         1.000000,-0.000000,-0.000003, 0.000000,
                        -0.000031,97.247803,-15.644016, 1.000000;;
                      }
                      Frame Armature_UpperMouth02 {
                        FrameTransformMatrix {
                           0.995693, 0.092716, 0.000000, 0.000000,
                          -0.000000, 0.000002, 1.000000, 0.000000,
                           0.092716,-0.995693, 0.000003, 0.000000,
                          -0.000016,97.058868,-0.000027, 1.000000;;
                        }
                      } // End of Armature_UpperMouth02
                    } // End of Armature_UpperMouth01
                  } // End of Armature_Head
                } // End of Armature_Neck03
              } // End of Armature_Neck02
            } // End of Armature_Neck01
            Frame Armature_UpperArm_L {
              FrameTransformMatrix {
                 0.821247, 0.459420, 0.338359, 0.000000,
                -0.082910,-0.490635, 0.867412, 0.000000,
                 0.564517,-0.740413,-0.364842, 0.000000,
                -32.905880,-19.313217,82.735840, 1.000000;;
              }
              Frame Armature_LowerArm_L {
                FrameTransformMatrix {
                   0.982175, 0.181390,-0.049292, 0.000000,
                  -0.008863,-0.217257,-0.976074, 0.000000,
                  -0.187759, 0.959113,-0.211777, 0.000000,
                  -0.000023,176.291138,-0.000027, 1.000000;;
                }
                Frame Armature_Hand_L {
                  FrameTransformMatrix {
                     0.369742,-0.870810,-0.324007, 0.000000,
                     0.795891, 0.476774,-0.373154, 0.000000,
                     0.479424,-0.119904, 0.869353, 0.000000,
                     0.000026,171.877762, 0.000010, 1.000000;;
                  }
                  Frame Armature_Index01_L {
                    FrameTransformMatrix {
                       0.999777,-0.020721, 0.004106, 0.000000,
                       0.020953, 0.948051,-0.317428, 0.000000,
                       0.002685, 0.317443, 0.948273, 0.000000,
                      -5.378058,55.339283,-24.943501, 1.000000;;
                    }
                    Frame Armature_Index02_L {
                      FrameTransformMatrix {
                         1.000000,-0.000001,-0.000000, 0.000000,
                         0.000001, 0.999241, 0.038961, 0.000000,
                         0.000000,-0.038961, 0.999241, 0.000000,
                        -2.207213,39.770695,-0.317730, 1.000000;;
                      }
                      Frame Armature_Index03_L {
                        FrameTransformMatrix {
                           1.000000, 0.000000,-0.000000, 0.000000,
                          -0.000000, 0.573462, 0.819232, 0.000000,
                           0.000000,-0.819232, 0.573462, 0.000000,
                          -0.282494,27.569736,-1.050701, 1.000000;;
                        }
                      } // End of Armature_Index03_L
                    } // End of Armature_Index02_L
                  } // End of Armature_Index01_L
                  Frame Armature_Middle01_L {
                    FrameTransformMatrix {
                       0.997438, 0.064516,-0.030903, 0.000000,
                      -0.066262, 0.996038,-0.059304, 0.000000,
                       0.026954, 0.061200, 0.997761, 0.000000,
                      -5.274512,61.946579, 2.297062, 1.000000;;
                    }
                    Frame Armature_Middle02_L {
                      FrameTransformMatrix {
                         1.000000,-0.000000,-0.000000, 0.000000,
                         0.000000, 0.999742, 0.022722, 0.000000,
                         0.000000,-0.022722, 0.999742, 0.000000,
                         0.726912,43.116932, 0.768629, 1.000000;;
                      }
                      Frame Armature_Middle3_L {
                        FrameTransformMatrix {
                           1.000000,-0.000000,-0.000000, 0.000000,
                           0.000000, 0.573463, 0.819232, 0.000000,
                           0.000000,-0.819232, 0.573463, 0.000000,
                          -0.189641,32.270294,-0.938955, 1.000000;;
                        }
                      } // End of Armature_Middle3_L
                    } // End of Armature_Middle02_L
                  } // End of Armature_Middle01_L
                  Frame Armature_Pinky01_L {
                    FrameTransformMatrix {
                       0.999960,-0.006735,-0.005891, 0.000000,
                       0.007900, 0.973667, 0.227837, 0.000000,
                       0.004201,-0.227874, 0.973682, 0.000000,
                      -9.550692,54.729015,28.829330, 1.000000;;
                    }
                    Frame Armature_Pinky02_L {
                      FrameTransformMatrix {
                         1.000000, 0.000001, 0.000000, 0.000000,
                        -0.000001, 0.999742, 0.022722, 0.000000,
                        -0.000000,-0.022722, 0.999742, 0.000000,
                         0.112926,39.613960, 0.562970, 1.000000;;
                      }
                      Frame Armature_Pinky03_L {
                        FrameTransformMatrix {
                           1.000000,-0.000001,-0.000000, 0.000000,
                           0.000001, 0.573463, 0.819231, 0.000000,
                          -0.000000,-0.819231, 0.573463, 0.000000,
                          -0.189617,32.270283,-0.938933, 1.000000;;
                        }
                      } // End of Armature_Pinky03_L
                    } // End of Armature_Pinky02_L
                  } // End of Armature_Pinky01_L
                  Frame Armature_Thumb01_L {
                    FrameTransformMatrix {
                       0.999762,-0.019929, 0.008857, 0.000000,
                      -0.020674,-0.995353, 0.094054, 0.000000,
                       0.006948,-0.094215,-0.995513, 0.000000,
                      -12.599342,-25.391644, 3.054254, 1.000000;;
                    }
                    Frame Armature_Thumb02_L {
                      FrameTransformMatrix {
                         1.000000,-0.000000, 0.000000, 0.000000,
                         0.000000, 0.999742, 0.022722, 0.000000,
                        -0.000000,-0.022722, 0.999742, 0.000000,
                        -1.729817,36.609970, 0.235073, 1.000000;;
                      }
                    } // End of Armature_Thumb02_L
                  } // End of Armature_Thumb01_L
                } // End of Armature_Hand_L
              } // End of Armature_LowerArm_L
            } // End of Armature_UpperArm_L
            Frame Armature_UpperArm_R {
              FrameTransformMatrix {
                 0.534583, 0.383095,-0.753299, 0.000000,
                -0.697489,-0.303322,-0.649234, 0.000000,
                -0.477210, 0.872487, 0.105053, 0.000000,
                -32.906082,-19.313152,-82.735794, 1.000000;;
              }
              Frame Armature_RowerArm_R {
                FrameTransformMatrix {
                   0.985623, 0.167758, 0.020117, 0.000000,
                  -0.019042,-0.008010, 0.999787, 0.000000,
                   0.167883,-0.985796,-0.004701, 0.000000,
                   0.000015,176.291306, 0.000012, 1.000000;;
                }
                Frame Armature_Hand_R {
                  FrameTransformMatrix {
                     0.455793,-0.817435, 0.352211, 0.000000,
                     0.786375, 0.555191, 0.270884, 0.000000,
                    -0.416974, 0.153503, 0.895863, 0.000000,
                     0.000011,171.877335,-0.000021, 1.000000;;
                  }
                  Frame Armature_Index01_R {
                    FrameTransformMatrix {
                       0.997908, 0.017385, 0.062277, 0.000000,
                      -0.035634, 0.951574, 0.305348, 0.000000,
                      -0.053953,-0.306928, 0.950202, 0.000000,
                      -4.365434,56.017799,23.587969, 1.000000;;
                    }
                    Frame Armature_Index02_R {
                      FrameTransformMatrix {
                         0.999593,-0.027995, 0.005412, 0.000000,
                         0.028227, 0.998395,-0.049106, 0.000000,
                        -0.004028, 0.049239, 0.998779, 0.000000,
                         0.922233,39.822773,-0.089616, 1.000000;;
                      }
                      Frame Armature_Index03_R {
                        FrameTransformMatrix {
                          -0.998719, 0.050615,-0.000000, 0.000000,
                          -0.029026,-0.572727, 0.819232, 0.000000,
                           0.041465, 0.818181, 0.573463, 0.000000,
                           1.113342,27.548418, 1.050550, 1.000000;;
                        }
                      } // End of Armature_Index03_R
                    } // End of Armature_Index02_R
                  } // End of Armature_Index01_R
                  Frame Armature_Middle01_R {
                    FrameTransformMatrix {
                       0.996970,-0.001895, 0.077762, 0.000000,
                      -0.001156, 0.999232, 0.039175, 0.000000,
                      -0.077777,-0.039147, 0.996202, 0.000000,
                      -2.675739,62.042675,-3.734669, 1.000000;;
                    }
                    Frame Armature_Middle02_R {
                      FrameTransformMatrix {
                         0.996393, 0.022485,-0.081820, 0.000000,
                        -0.023886, 0.999584,-0.016189, 0.000000,
                         0.081422, 0.018085, 0.996516, 0.000000,
                        -0.485393,43.120655,-0.768917, 1.000000;;
                      }
                      Frame Armature_Middle3_R {
                        FrameTransformMatrix {
                          -0.996632,-0.004223,-0.081897, 0.000000,
                          -0.065008,-0.568093, 0.820393, 0.000000,
                          -0.049990, 0.822954, 0.565904, 0.000000,
                          -0.384448,32.274998, 0.699831, 1.000000;;
                        }
                      } // End of Armature_Middle3_R
                    } // End of Armature_Middle02_R
                  } // End of Armature_Middle01_R
                  Frame Armature_Pinky01_R {
                    FrameTransformMatrix {
                       0.994406,-0.070278, 0.078849, 0.000000,
                       0.089690, 0.956109,-0.278948, 0.000000,
                      -0.055785, 0.284459, 0.957064, 0.000000,
                      -5.944221,54.442429,-30.303272, 1.000000;;
                    }
                    Frame Armature_Pinky02_R {
                      FrameTransformMatrix {
                         1.000000,-0.000000, 0.000000, 0.000000,
                         0.000000, 0.999460, 0.032845, 0.000000,
                        -0.000000,-0.032845, 0.999460, 0.000000,
                        -1.077973,39.593826, 0.897179, 1.000000;;
                      }
                      Frame Armature_Pinky03_R {
                        FrameTransformMatrix {
                           1.000000, 0.000000,-0.000001, 0.000000,
                           0.000001,-0.523352, 0.852117, 0.000000,
                          -0.000000,-0.852117,-0.523352, 0.000000,
                          -1.148802,32.262367, 0.339634, 1.000000;;
                        }
                      } // End of Armature_Pinky03_R
                    } // End of Armature_Pinky02_R
                  } // End of Armature_Pinky01_R
                  Frame Armature_Thumb01_R {
                    FrameTransformMatrix {
                       0.988791,-0.145407, 0.034081, 0.000000,
                      -0.142358,-0.986638,-0.079240, 0.000000,
                       0.045154, 0.073498,-0.996275, 0.000000,
                      -13.441569,-24.940016,-3.187926, 1.000000;;
                    }
                    Frame Armature_Thumb02_R {
                      FrameTransformMatrix {
                        -0.996214, 0.086926, 0.000000, 0.000000,
                        -0.086904,-0.995958, 0.022722, 0.000000,
                         0.001975, 0.022636, 0.999742, 0.000000,
                         1.459100,36.621021,-0.234895, 1.000000;;
                      }
                    } // End of Armature_Thumb02_R
                  } // End of Armature_Thumb01_R
                } // End of Armature_Hand_R
              } // End of Armature_RowerArm_R
            } // End of Armature_UpperArm_R
          } // End of Armature_Chest
          Frame Armature_Wing01_L {
            FrameTransformMatrix {
              -0.354200, 0.480506,-0.802282, 0.000000,
              -0.400348,-0.853222,-0.334265, 0.000000,
              -0.845141, 0.202795, 0.494581, 0.000000,
              -56.105701,20.234100,-89.395523, 1.000000;;
            }
            Frame Armature_Wing02_L {
              FrameTransformMatrix {
                -0.800514,-0.598734, 0.026347, 0.000000,
                 0.598462,-0.800947,-0.018105, 0.000000,
                 0.031943, 0.001275, 0.999489, 0.000000,
                -0.000015,299.244019, 0.000019, 1.000000;;
              }
              Frame Armature_Wing03_L {
                FrameTransformMatrix {
                  -0.021795, 0.999761,-0.001743, 0.000000,
                  -0.981159,-0.021725,-0.191979, 0.000000,
                  -0.191971,-0.002474, 0.981397, 0.000000,
                  -0.000023,468.655151,-0.000031, 1.000000;;
                }
                Frame Armature_WingIndex01_L {
                  FrameTransformMatrix {
                     0.707361, 0.706843, 0.003759, 0.000000,
                    -0.706848, 0.707365, 0.000079, 0.000000,
                    -0.002603,-0.002713, 0.999993, 0.000000,
                     0.000061,40.398342, 0.000069, 1.000000;;
                  }
                  Frame Armature_WingIndex02_L {
                    FrameTransformMatrix {
                       0.957455, 0.284941,-0.045698, 0.000000,
                      -0.286235, 0.957841,-0.024698, 0.000000,
                       0.036734, 0.036728, 0.998650, 0.000000,
                      -0.000027,209.264465,-0.000015, 1.000000;;
                    }
                    Frame Armature_WingIndex03_L {
                      FrameTransformMatrix {
                         0.479600, 0.259207, 0.838329, 0.000000,
                         0.737507, 0.398596,-0.545165, 0.000000,
                        -0.475465, 0.879735,-0.000000, 0.000000,
                        -0.000043,228.365158,-0.000023, 1.000000;;
                      }
                    } // End of Armature_WingIndex03_L
                  } // End of Armature_WingIndex02_L
                } // End of Armature_WingIndex01_L
                Frame Armature_WingMiddle01_L {
                  FrameTransformMatrix {
                     0.526401, 0.850099, 0.015245, 0.000000,
                    -0.850168, 0.526502,-0.003255, 0.000000,
                    -0.010793,-0.011248, 0.999879, 0.000000,
                    -18.335541,37.623711,-3.889011, 1.000000;;
                  }
                  Frame Armature_WingMiddle02_L {
                    FrameTransformMatrix {
                       0.992900, 0.117832,-0.016289, 0.000000,
                      -0.117913, 0.993015,-0.004137, 0.000000,
                       0.015688, 0.006029, 0.999859, 0.000000,
                      -0.000010,205.206177, 0.000019, 1.000000;;
                    }
                    Frame Armature_WingMiddle04_L {
                      FrameTransformMatrix {
                        -0.946809,-0.303649, 0.106535, 0.000000,
                        -0.304713, 0.952421, 0.006532, 0.000000,
                        -0.103450,-0.026278,-0.994287, 0.000000,
                        -7.270255,370.676208,-3.474388, 1.000000;;
                      }
                      Frame Armature_WingMiddle05_L {
                        FrameTransformMatrix {
                          -0.493034,-0.030230,-0.869485, 0.000000,
                          -0.867855,-0.053211, 0.493960, 0.000000,
                          -0.061199, 0.998126,-0.000000, 0.000000,
                          -31.631310,539.507141,-7.139660, 1.000000;;
                        }
                      } // End of Armature_WingMiddle05_L
                    } // End of Armature_WingMiddle04_L
                  } // End of Armature_WingMiddle02_L
                } // End of Armature_WingMiddle01_L
                Frame Armature_WingPinky01_L {
                  FrameTransformMatrix {
                    -0.252966,-0.964142, 0.080241, 0.000000,
                    -0.965387, 0.256997, 0.044508, 0.000000,
                    -0.063534,-0.066204,-0.995781, 0.000000,
                    -61.174316,16.226631,-8.790333, 1.000000;;
                  }
                  Frame Armature_WingPinky02_L {
                    FrameTransformMatrix {
                       0.977515,-0.197933, 0.072713, 0.000000,
                       0.195876, 0.980022, 0.034484, 0.000000,
                      -0.078086,-0.019466, 0.996756, 0.000000,
                      -0.000044,195.337524, 0.000020, 1.000000;;
                    }
                    Frame Armature_WingPinky04_L {
                      FrameTransformMatrix {
                         0.969579,-0.244774, 0.001311, 0.000000,
                         0.244773, 0.969580, 0.001083, 0.000000,
                        -0.001536,-0.000729, 0.999999, 0.000000,
                         0.229290,253.069763, 3.635046, 1.000000;;
                      }
                      Frame Armature_WingPinky05_L {
                        FrameTransformMatrix {
                          -0.445037,-0.367401,-0.816675, 0.000000,
                          -0.629791,-0.519924, 0.577098, 0.000000,
                          -0.636635, 0.771165,-0.000000, 0.000000,
                          -10.885788,281.533691,-8.118944, 1.000000;;
                        }
                      } // End of Armature_WingPinky05_L
                    } // End of Armature_WingPinky04_L
                  } // End of Armature_WingPinky02_L
                } // End of Armature_WingPinky01_L
                Frame Armature_WingRing01_L {
                  FrameTransformMatrix {
                     0.413674, 0.907668, 0.070800, 0.000000,
                    -0.908943, 0.416186,-0.024750, 0.000000,
                    -0.051930,-0.054114, 0.997184, 0.000000,
                    -39.982124,25.864697,-5.638348, 1.000000;;
                  }
                  Frame Armature_WingRing02_L {
                    FrameTransformMatrix {
                      -0.972438,-0.142164, 0.184806, 0.000000,
                      -0.143709, 0.989607, 0.005080, 0.000000,
                      -0.183607,-0.021618,-0.982762, 0.000000,
                      -0.000021,199.690063, 0.000011, 1.000000;;
                    }
                    Frame Armature_WingRing04_L {
                      FrameTransformMatrix {
                         0.959317,-0.279679, 0.038613, 0.000000,
                         0.279406, 0.960093, 0.012408, 0.000000,
                        -0.040543,-0.001115, 0.999177, 0.000000,
                        14.586144,326.020874, 6.447913, 1.000000;;
                      }
                      Frame Armature_WingRing05_L {
                        FrameTransformMatrix {
                          -0.501265,-0.161077,-0.850169, 0.000000,
                          -0.809405,-0.260096, 0.526510, 0.000000,
                          -0.305934, 0.952052,-0.000000, 0.000000,
                          -34.832047,405.853271,-4.218771, 1.000000;;
                        }
                      } // End of Armature_WingRing05_L
                    } // End of Armature_WingRing04_L
                  } // End of Armature_WingRing02_L
                } // End of Armature_WingRing01_L
              } // End of Armature_Wing03_L
              Frame Armature_WingThumb01_L {
                FrameTransformMatrix {
                   0.009963,-0.000785,-0.000337, 0.000000,
                  -0.000797,-0.009962,-0.000354, 0.000000,
                  -0.000308, 0.000380,-0.009988, 0.000000,
                  22.584692,-147.901794,-4.445213, 1.000000;;
                }
              } // End of Armature_WingThumb01_L
            } // End of Armature_Wing02_L
          } // End of Armature_Wing01_L
          Frame Armature_Wing01_R {
            FrameTransformMatrix {
               0.325788,-0.478284,-0.815540, 0.000000,
              -0.327404,-0.866302, 0.377265, 0.000000,
              -0.886944, 0.144103,-0.438823, 0.000000,
              -56.105988,20.234159,89.395615, 1.000000;;
            }
            Frame Armature_Wing02_R {
              FrameTransformMatrix {
                -0.792638, 0.609120,-0.026433, 0.000000,
                -0.608851,-0.793077,-0.018162, 0.000000,
                -0.032026, 0.001698, 0.999486, 0.000000,
                 0.000023,299.244171,-0.000029, 1.000000;;
              }
              Frame Armature_Wing03_R {
                FrameTransformMatrix {
                   0.054920,-0.998423, 0.011594, 0.000000,
                   0.995230, 0.053799,-0.081374, 0.000000,
                   0.080622, 0.016007, 0.996616, 0.000000,
                   0.000021,468.654846,-0.000015, 1.000000;;
                }
                Frame Armature_WingIndex01_R {
                  FrameTransformMatrix {
                     0.715753,-0.698343,-0.003767, 0.000000,
                     0.698349, 0.715758, 0.000123, 0.000000,
                     0.002611,-0.002719, 0.999993, 0.000000,
                    -0.000034,40.398033,-0.000031, 1.000000;;
                  }
                  Frame Armature_WingIndex02_R {
                    FrameTransformMatrix {
                       0.957453,-0.284947, 0.045705, 0.000000,
                       0.286241, 0.957839,-0.024701, 0.000000,
                      -0.036740, 0.036733, 0.998650, 0.000000,
                       0.000046,209.265137,-0.000008, 1.000000;;
                    }
                    Frame Armature_WingIndex03_R {
                      FrameTransformMatrix {
                         0.479597,-0.259205,-0.838331, 0.000000,
                         0.737510,-0.398595, 0.545161, 0.000000,
                        -0.475463,-0.879736, 0.000001, 0.000000,
                        -0.000017,228.364349, 0.000035, 1.000000;;
                      }
                    } // End of Armature_WingIndex03_R
                  } // End of Armature_WingIndex02_R
                } // End of Armature_WingIndex01_R
                Frame Armature_WingMiddle01_R {
                  FrameTransformMatrix {
                     0.518918,-0.854689,-0.015222, 0.000000,
                     0.854756, 0.519019,-0.003391, 0.000000,
                     0.010799,-0.011251, 0.999878, 0.000000,
                    18.335281,37.623638,-3.888931, 1.000000;;
                  }
                  Frame Armature_WingMiddle02_R {
                    FrameTransformMatrix {
                       0.992900,-0.117831, 0.016295, 0.000000,
                       0.117912, 0.993015,-0.004139, 0.000000,
                      -0.015694, 0.006031, 0.999859, 0.000000,
                       0.000053,205.206055, 0.000008, 1.000000;;
                    }
                    Frame Armature_WingMiddle04_R {
                      FrameTransformMatrix {
                        -0.946811, 0.303651,-0.106511, 0.000000,
                         0.304716, 0.952421, 0.006531, 0.000000,
                         0.103427,-0.026272,-0.994290, 0.000000,
                         4.796455,414.726318,-2.164341, 1.000000;;
                      }
                      Frame Armature_WingMiddle05_R {
                        FrameTransformMatrix {
                          -0.493050, 0.030231, 0.869475, 0.000000,
                          -0.867846, 0.053212,-0.493976, 0.000000,
                          -0.061200,-0.998125,-0.000000, 0.000000,
                          16.053211,498.297607,-4.423981, 1.000000;;
                        }
                      } // End of Armature_WingMiddle05_R
                    } // End of Armature_WingMiddle04_R
                  } // End of Armature_WingMiddle02_R
                } // End of Armature_WingMiddle01_R
                Frame Armature_WingPinky01_R {
                  FrameTransformMatrix {
                    -0.247277, 0.965639,-0.079971, 0.000000,
                     0.966860, 0.251314, 0.044976, 0.000000,
                     0.063528,-0.066199,-0.995782, 0.000000,
                    61.174232,16.226654,-8.790642, 1.000000;;
                  }
                  Frame Armature_WingPinky02_R {
                    FrameTransformMatrix {
                       0.977515, 0.197936,-0.072710, 0.000000,
                      -0.195878, 0.980022, 0.034484, 0.000000,
                       0.078083,-0.019466, 0.996757, 0.000000,
                       0.000023,195.337677,-0.000019, 1.000000;;
                    }
                    Frame Armature_WingPinky04_R {
                      FrameTransformMatrix {
                         0.969580, 0.244773,-0.001310, 0.000000,
                        -0.244772, 0.969580, 0.001081, 0.000000,
                         0.001535,-0.000728, 0.999998, 0.000000,
                        -9.829565,246.306564, 2.711344, 1.000000;;
                      }
                      Frame Armature_WingPinky05_R {
                        FrameTransformMatrix {
                          -0.445037, 0.367399, 0.816676, 0.000000,
                          -0.629793, 0.519924,-0.577096, 0.000000,
                          -0.636634,-0.771166,-0.000000, 0.000000,
                          21.847790,285.742371,-7.185265, 1.000000;;
                        }
                      } // End of Armature_WingPinky05_R
                    } // End of Armature_WingPinky04_R
                  } // End of Armature_WingPinky02_R
                } // End of Armature_WingPinky01_R
                Frame Armature_WingRing01_R {
                  FrameTransformMatrix {
                     0.410744,-0.909003,-0.070728, 0.000000,
                     0.910270, 0.413260,-0.024983, 0.000000,
                     0.051939,-0.054120, 0.997183, 0.000000,
                    39.981998,25.864449,-5.638603, 1.000000;;
                  }
                  Frame Armature_WingRing02_R {
                    FrameTransformMatrix {
                      -0.972430, 0.142168,-0.184844, 0.000000,
                       0.143713, 0.989606, 0.005081, 0.000000,
                       0.183645,-0.021624,-0.982754, 0.000000,
                      -0.000015,199.690430, 0.000023, 1.000000;;
                    }
                    Frame Armature_WingRing04_R {
                      FrameTransformMatrix {
                         0.959316, 0.279678,-0.038642, 0.000000,
                        -0.279405, 0.960093, 0.012417, 0.000000,
                         0.040573,-0.001115, 0.999176, 0.000000,
                        -13.788967,362.525909, 6.754204, 1.000000;;
                      }
                      Frame Armature_WingRing05_R {
                        FrameTransformMatrix {
                          -0.501261, 0.161076, 0.850172, 0.000000,
                          -0.809408, 0.260096,-0.526506, 0.000000,
                          -0.305934,-0.952053,-0.000000, 0.000000,
                          23.869007,371.023743,-4.515381, 1.000000;;
                        }
                      } // End of Armature_WingRing05_R
                    } // End of Armature_WingRing04_R
                  } // End of Armature_WingRing02_R
                } // End of Armature_WingRing01_R
              } // End of Armature_Wing03_R
              Frame Armature_WingThumb01_R {
                FrameTransformMatrix {
                   0.009964, 0.000785, 0.000338, 0.000000,
                   0.000797,-0.009962,-0.000354, 0.000000,
                   0.000309, 0.000380,-0.009988, 0.000000,
                  -27.368301,-152.163483,-4.530807, 1.000000;;
                }
              } // End of Armature_WingThumb01_R
            } // End of Armature_Wing02_R
          } // End of Armature_Wing01_R
        } // End of Armature_Spine02
      } // End of Armature_Spine01
      Frame Armature_UpperLeg_L {
        FrameTransformMatrix {
           0.501689, 0.556980,-0.661877, 0.000000,
          -0.862570, 0.264222,-0.431463, 0.000000,
          -0.065434, 0.787375, 0.612991, 0.000000,
           6.620114,85.229698,-42.187759, 1.000000;;
        }
        Frame Armature_LowerLeg_L {
          FrameTransformMatrix {
             0.073861,-0.985893, 0.150199, 0.000000,
             0.969892, 0.035967,-0.240867, 0.000000,
             0.232067, 0.163467, 0.958866, 0.000000,
             0.000008,179.437607, 0.000001, 1.000000;;
          }
          Frame Armature_Feet_L {
            FrameTransformMatrix {
               0.414871,-0.827344, 0.378660, 0.000000,
               0.847903, 0.502508, 0.168954, 0.000000,
              -0.330063, 0.250972, 0.909984, 0.000000,
               0.000028,155.874390,-0.000000, 1.000000;;
            }
            Frame Armature_IndexToe01_L {
              FrameTransformMatrix {
                 0.999886,-0.015004,-0.001566, 0.000000,
                 0.014004, 0.961815,-0.273343, 0.000000,
                 0.005607, 0.273290, 0.961916, 0.000000,
                -3.430750,25.755129,-25.501053, 1.000000;;
              }
              Frame Armature_IndexToe02_L {
                FrameTransformMatrix {
                   1.000000, 0.000000,-0.000000, 0.000000,
                  -0.000000, 0.999742, 0.022721, 0.000000,
                   0.000000,-0.022721, 0.999742, 0.000000,
                  -2.437460,28.115870,-0.142591, 1.000000;;
                }
                Frame Armature_IndexToe03_L {
                  FrameTransformMatrix {
                     1.000000,-0.000000, 0.000000, 0.000000,
                     0.000000, 0.573462, 0.819232, 0.000000,
                    -0.000000,-0.819232, 0.573462, 0.000000,
                    -0.282480,27.569695,-1.050718, 1.000000;;
                  }
                } // End of Armature_IndexToe03_L
              } // End of Armature_IndexToe02_L
            } // End of Armature_IndexToe01_L
            Frame Armature_MiddleToe01_L {
              FrameTransformMatrix {
                 0.996910, 0.072713,-0.029733, 0.000000,
                -0.068525, 0.989979, 0.123473, 0.000000,
                 0.038413,-0.121054, 0.991903, 0.000000,
                -3.218629,31.106104,-5.303318, 1.000000;;
              }
              Frame Armature_MiddleToe02_L {
                FrameTransformMatrix {
                   1.000000,-0.000000,-0.000000, 0.000000,
                   0.000000, 0.999742, 0.022722, 0.000000,
                   0.000000,-0.022721, 0.999742, 0.000000,
                   0.028370,36.646290, 0.243328, 1.000000;;
                }
                Frame Armature_MiddleToe03_L {
                  FrameTransformMatrix {
                     1.000000, 0.000000,-0.000000, 0.000000,
                     0.000000, 0.573462, 0.819232, 0.000000,
                     0.000000,-0.819232, 0.573462, 0.000000,
                    -0.189628,32.270283,-0.938949, 1.000000;;
                  }
                } // End of Armature_MiddleToe03_L
              } // End of Armature_MiddleToe02_L
            } // End of Armature_MiddleToe01_L
            Frame Armature_PinkyToe01_L {
              FrameTransformMatrix {
                 0.999946,-0.000272,-0.010429, 0.000000,
                 0.004597, 0.908855, 0.417088, 0.000000,
                 0.009365,-0.417113, 0.908807, 0.000000,
                -7.263605,23.997892,14.883996, 1.000000;;
              }
              Frame Armature_PinkyToe02_L {
                FrameTransformMatrix {
