xof 0303txt 0032

template XSkinMeshHeader {
  <3cf169ce-ff7c-44ab-93c0-f78f62d172e2>
  WORD nMaxSkinWeightsPerVertex;
  WORD nMaxSkinWeightsPerFace;
  WORD nBones;
}

template SkinWeights {
  <6f0d123b-bad2-4167-a0d0-80224f25fabb>
  STRING transformNodeName;
  DWORD nWeights;
  array DWORD vertexIndices[nWeights];
  array float weights[nWeights];
  Matrix4x4 matrixOffset;
}

Frame Root {
  FrameTransformMatrix {
     1.000000, 0.000000, 0.000000, 0.000000,
     0.000000,-0.000000,-1.000000, 0.000000,
     0.000000, 1.000000,-0.000000, 0.000000,
     0.000000, 0.000000, 0.000000, 1.000000;;
  }
  Frame Armature {
    FrameTransformMatrix {
       1.000000, 0.000000, 0.000000, 0.000000,
       0.000000,-0.000000, 1.000000, 0.000000,
       0.000000,-1.000000,-0.000000, 0.000000,
       0.000000, 0.000000, 0.000000, 1.000000;;
    }
    Frame Armature_Root {
      FrameTransformMatrix {
        -0.000000, 0.626430, 0.779478, 0.000000,
         1.000000,-0.000000, 0.000000, 0.000000,
         0.000000, 0.779478,-0.626430, 0.000000,
        -0.000000,885.889893,-115.898193, 1.000000;;
      }
      Frame Armature_Spine01 {
        FrameTransformMatrix {
           0.323356,-0.000000, 0.946277, 0.000000,
           0.946277, 0.000000,-0.323356, 0.000000,
          -0.000000, 1.000000, 0.000001, 0.000000,
          97.524055,-0.000000, 0.000017, 1.000000;;
        }
        Frame Armature_Spine02 {
          FrameTransformMatrix {
            -0.995142, 0.098446,-0.000001, 0.000000,
             0.098446, 0.995142,-0.000000, 0.000000,
             0.000001,-0.000000,-1.000000, 0.000000,
            -0.000023,114.438354,-0.000000, 1.000000;;
          }
          Frame Armature_Chest {
            FrameTransformMatrix {
              -0.675959, 0.736939, 0.000000, 0.000000,
               0.736939, 0.675959,-0.000000, 0.000000,
              -0.000000,-0.000000,-1.000000, 0.000000,
               0.000076,127.459320, 0.000000, 1.000000;;
            }
            Frame Armature_Neck01 {
              FrameTransformMatrix {
                 0.818021,-0.575188,-0.000000, 0.000000,
                 0.575188, 0.818021,-0.000000, 0.000000,
                 0.000000, 0.000000, 1.000000, 0.000000,
                 0.000008,126.849594, 0.000002, 1.000000;;
              }
              Frame Armature_Neck02 {
                FrameTransformMatrix {
                   0.829384,-0.558679,-0.000000, 0.000000,
                   0.558679, 0.829385,-0.000000, 0.000000,
                   0.000000,-0.000000, 1.000000, 0.000000,
                  -0.000015,122.347336,-0.000000, 1.000000;;
                }
                Frame Armature_Neck03 {
                  FrameTransformMatrix {
                     0.937217,-0.348747, 0.000000, 0.000000,
                     0.348747, 0.937217, 0.000000, 0.000000,
                    -0.000000, 0.000000, 1.000000, 0.000000,
                    -0.000031,112.527191,-0.000001, 1.000000;;
                  }
                  Frame Armature_Head {
                    FrameTransformMatrix {
                      -0.000000, 0.000000, 1.000000, 0.000000,
                      -0.977419, 0.211311,-0.000000, 0.000000,
                      -0.211311,-0.977419,-0.000000, 0.000000,
                       0.000034,105.244003, 0.000000, 1.000000;;
                    }
                    Frame Armature_Eye_L {
                      FrameTransformMatrix {
                         1.000000, 0.000000, 0.000000, 0.000000,
                         0.000000, 1.000000, 0.000000, 0.000000,
                        -0.000000, 0.000000, 1.000000, 0.000000,
                        34.315445,64.830818,-31.983562, 1.000000;;
                      }
                    } // End of Armature_Eye_L
                    Frame Armature_Eye_R {
                      FrameTransformMatrix {
                         1.000000, 0.000000, 0.000000, 0.000000,
                        -0.000000,-1.000000, 0.000000, 0.000000,
                         0.000000,-0.000000,-1.000000, 0.000000,
                        -34.315395,64.831245,-31.983997, 1.000000;;
                      }
                    } // End of Armature_Eye_R
                    Frame Armature_Eye_Under_L {
                      FrameTransformMatrix {
                         1.000000, 0.000000, 0.000000, 0.000000,
                         0.000000, 1.000000, 0.000000, 0.000000,
                        -0.000000, 0.000000, 1.000000, 0.000000,
                        38.478428,70.034752,-12.224424, 1.000000;;
                      }
                    } // End of Armature_Eye_Under_L
                    Frame Armature_Eye_Under_R {
                      FrameTransformMatrix {
                         1.000000, 0.000000, 0.000000, 0.000000,
                        -0.000000,-1.000000, 0.000000, 0.000000,
                         0.000000,-0.000000,-1.000000, 0.000000,
                        -38.478397,70.035225,-12.223978, 1.000000;;
                      }
                    } // End of Armature_Eye_Under_R
                    Frame Armature_Jaw01 {
                      FrameTransformMatrix {
                        -0.000000, 0.124975, 0.992160, 0.000000,
                         0.000000, 0.992160,-0.124974, 0.000000,
                        -1.000000, 0.000000,-0.000000, 0.000000,
                         0.000001,77.713943,41.943764, 1.000000;;
                      }
                      Frame Armature_Jaw02 {
                        FrameTransformMatrix {
                          -0.778932,-0.627109,-0.000001, 0.000000,
                           0.000001, 0.000000,-1.000000, 0.000000,
                           0.627109,-0.778932, 0.000000, 0.000000,
                          -0.000011,131.770538,-0.000000, 1.000000;;
                        }
                      } // End of Armature_Jaw02
                    } // End of Armature_Jaw01
                    Frame Armature_Tongue01 {
                      FrameTransformMatrix {
                        -0.000003,-0.065750, 0.997836, 0.000000,
                         0.000000, 0.997836, 0.065750, 0.000000,
                        -1.000000, 0.000000,-0.000003, 0.000000,
                        -0.000001,31.774979,21.651634, 1.000000;;
                      }
                      Frame Armature_Tongue02 {
                        FrameTransformMatrix {
                           0.999323,-0.036778,-0.000000, 0.000000,
                           0.036778, 0.999323,-0.000000, 0.000000,
                           0.000000, 0.000000, 1.000000, 0.000000,
                          -0.000092,53.169983,-0.000000, 1.000000;;
                        }
                        Frame Armature_Tongue03 {
                          FrameTransformMatrix {
                             0.999072,-0.043065, 0.000000, 0.000000,
                             0.043065, 0.999072,-0.000000, 0.000000,
                            -0.000000, 0.000000, 1.000000, 0.000000,
                             0.000076,46.743286,-0.000000, 1.000000;;
                          }
                          Frame Armature_Tongue04 {
                            FrameTransformMatrix {
                              -0.962206,-0.272321,-0.000001, 0.000000,
                              -0.000000, 0.000003,-1.000000, 0.000000,
                               0.272321,-0.962206,-0.000003, 0.000000,
                               0.000031,54.004120, 0.000000, 1.000000;;
                            }
                          } // End of Armature_Tongue04
                        } // End of Armature_Tongue03
                      } // End of Armature_Tongue02
                    } // End of Armature_Tongue01
                    Frame Armature_UpperMouth01 {
                      FrameTransformMatrix {
                        -0.000003, 0.094765,-0.995500, 0.000000,
                         0.000000, 0.995500, 0.094765, 0.000000,
                         1.000000,-0.000000,-0.000003, 0.000000,
                         0.000001,97.247772,-15.643913, 1.000000;;
                      }
                      Frame Armature_UpperMouth02 {
                        FrameTransformMatrix {
                           0.995693, 0.092716, 0.000000, 0.000000,
                          -0.000000, 0.000002, 1.000000, 0.000000,
                           0.092716,-0.995693, 0.000002, 0.000000,
                          -0.000092,97.058838, 0.000000, 1.000000;;
                        }
                      } // End of Armature_UpperMouth02
                    } // End of Armature_UpperMouth01
                  } // End of Armature_Head
                } // End of Armature_Neck03
              } // End of Armature_Neck02
            } // End of Armature_Neck01
            Frame Armature_UpperArm_L {
              FrameTransformMatrix {
                 0.374840, 0.532573, 0.758855, 0.000000,
                -0.800265,-0.227373, 0.554867, 0.000000,
                 0.468050,-0.815272, 0.340971, 0.000000,
                -32.905907,-19.313211,82.735832, 1.000000;;
              }
              Frame Armature_LowerArm_L {
                FrameTransformMatrix {
                   0.988032, 0.153999, 0.008771, 0.000000,
                  -0.022528, 0.200321,-0.979471, 0.000000,
                  -0.152595, 0.967551, 0.201393, 0.000000,
                   0.000027,176.291153,-0.000050, 1.000000;;
                }
                Frame Armature_Hand_L {
                  FrameTransformMatrix {
                     0.518371, 0.025003,-0.854790, 0.000000,
                     0.466429, 0.829530, 0.307122, 0.000000,
                     0.716753,-0.557902, 0.418342, 0.000000,
                     0.000008,171.877808,-0.000015, 1.000000;;
                  }
                  Frame Armature_Index01_L {
                    FrameTransformMatrix {
                       0.915060, 0.379368,-0.136913, 0.000000,
                      -0.403159, 0.869911,-0.284110, 0.000000,
                       0.011319, 0.315175, 0.948966, 0.000000,
                      -5.378074,55.339199,-24.943501, 1.000000;;
                    }
                    Frame Armature_Index02_L {
                      FrameTransformMatrix {
                         0.880996, 0.473124,-0.000172, 0.000000,
                        -0.472540, 0.879927, 0.049342, 0.000000,
                         0.023496,-0.043389, 0.998782, 0.000000,
                        -2.207211,39.770554,-0.317732, 1.000000;;
                      }
                      Frame Armature_Index03_L {
                        FrameTransformMatrix {
                           1.000000, 0.000000,-0.000000, 0.000000,
                          -0.000000, 0.573462, 0.819232, 0.000000,
                           0.000000,-0.819232, 0.573462, 0.000000,
                          -0.282505,27.569708,-1.050712, 1.000000;;
                        }
                      } // End of Armature_Index03_L
                    } // End of Armature_Index02_L
                  } // End of Armature_Index01_L
                  Frame Armature_Middle01_L {
                    FrameTransformMatrix {
                       0.870520, 0.491830, 0.017262, 0.000000,
                      -0.490750, 0.870167,-0.044440, 0.000000,
                      -0.036878, 0.030214, 0.998863, 0.000000,
                      -5.274533,61.946533, 2.297064, 1.000000;;
                    }
                    Frame Armature_Middle02_L {
                      FrameTransformMatrix {
                         0.886965, 0.454213,-0.083568, 0.000000,
                        -0.443456, 0.888146, 0.120596, 0.000000,
                         0.128996,-0.069906, 0.989178, 0.000000,
                         0.726938,43.116886, 0.768646, 1.000000;;
                      }
                      Frame Armature_Middle3_L {
                        FrameTransformMatrix {
                           1.000000,-0.000000, 0.000000, 0.000000,
                          -0.000000, 0.573463, 0.819232, 0.000000,
                          -0.000000,-0.819232, 0.573462, 0.000000,
                          -0.189613,32.270390,-0.938921, 1.000000;;
                        }
                      } // End of Armature_Middle3_L
                    } // End of Armature_Middle02_L
                  } // End of Armature_Middle01_L
                  Frame Armature_Pinky01_L {
                    FrameTransformMatrix {
                       0.893779, 0.437547, 0.098544, 0.000000,
                      -0.448487, 0.869842, 0.205508, 0.000000,
                       0.004202,-0.227875, 0.973682, 0.000000,
                      -9.550708,54.728996,28.829336, 1.000000;;
                    }
                    Frame Armature_Pinky02_L {
                      FrameTransformMatrix {
                         0.887831, 0.460051, 0.010456, 0.000000,
                        -0.460170, 0.887602, 0.020173, 0.000000,
                        -0.000000,-0.022722, 0.999742, 0.000000,
                         0.112923,39.613895, 0.562962, 1.000000;;
                      }
                      Frame Armature_Pinky03_L {
                        FrameTransformMatrix {
                           1.000000,-0.000000,-0.000000, 0.000000,
                           0.000001, 0.573463, 0.819231, 0.000000,
                          -0.000000,-0.819231, 0.573463, 0.000000,
                          -0.189631,32.270248,-0.939016, 1.000000;;
                        }
                      } // End of Armature_Pinky03_L
                    } // End of Armature_Pinky02_L
                  } // End of Armature_Pinky01_L
                  Frame Armature_Thumb01_L {
                    FrameTransformMatrix {
                       0.854712,-0.516200, 0.054810, 0.000000,
                      -0.519055,-0.851271, 0.076944, 0.000000,
                       0.006947,-0.094215,-0.995509, 0.000000,
                      -12.599364,-25.391666, 3.054253, 1.000000;;
                    }
                    Frame Armature_Thumb02_L {
                      FrameTransformMatrix {
                         1.000000,-0.000000,-0.000000, 0.000000,
                         0.000000, 0.999742, 0.022722, 0.000000,
                         0.000000,-0.022722, 0.999742, 0.000000,
                        -1.729678,36.609970, 0.235086, 1.000000;;
                      }
                    } // End of Armature_Thumb02_L
                  } // End of Armature_Thumb01_L
                } // End of Armature_Hand_L
              } // End of Armature_LowerArm_L
            } // End of Armature_UpperArm_L
            Frame Armature_UpperArm_R {
              FrameTransformMatrix {
                 0.352922, 0.320683,-0.878981, 0.000000,
                -0.882544,-0.197904,-0.426555, 0.000000,
                -0.310743, 0.926281, 0.213172, 0.000000,
                -32.906059,-19.313147,-82.735802, 1.000000;;
              }
              Frame Armature_RowerArm_R {
                FrameTransformMatrix {
                   0.987936, 0.154685,-0.007437, 0.000000,
                  -0.022464, 0.190658, 0.981400, 0.000000,
                   0.153226,-0.969393, 0.191833, 0.000000,
                  -0.000006,176.291275,-0.000023, 1.000000;;
                }
                Frame Armature_Hand_R {
                  FrameTransformMatrix {
                     0.411299, 0.227732, 0.882593, 0.000000,
                     0.348092, 0.855655,-0.382996, 0.000000,
                    -0.842416, 0.464750, 0.272658, 0.000000,
                     0.000027,171.877289,-0.000027, 1.000000;;
                  }
                  Frame Armature_Index01_R {
                    FrameTransformMatrix {
                       0.856870, 0.474361, 0.201878, 0.000000,
                      -0.512701, 0.825092, 0.237405, 0.000000,
                      -0.053952,-0.306928, 0.950202, 0.000000,
                      -4.365476,56.017731,23.587914, 1.000000;;
                    }
                    Frame Armature_Index02_R {
                      FrameTransformMatrix {
                         0.904688, 0.425721,-0.017339, 0.000000,
                        -0.426055, 0.903514,-0.046261, 0.000000,
                        -0.004028, 0.049239, 0.998779, 0.000000,
                         0.922235,39.822777,-0.089587, 1.000000;;
                      }
                      Frame Armature_Index03_R {
                        FrameTransformMatrix {
                          -0.998719, 0.050615,-0.000000, 0.000000,
                          -0.029026,-0.572728, 0.819232, 0.000000,
                           0.041465, 0.818181, 0.573463, 0.000000,
                           1.113393,27.548447, 1.050570, 1.000000;;
                        }
                      } // End of Armature_Index03_R
                    } // End of Armature_Index02_R
                  } // End of Armature_Index01_R
                  Frame Armature_Middle01_R {
                    FrameTransformMatrix {
                       0.881348, 0.464379, 0.087058, 0.000000,
                      -0.466023, 0.884771,-0.001616, 0.000000,
                      -0.077777,-0.039147, 0.996202, 0.000000,
                      -2.675767,62.042538,-3.734730, 1.000000;;
                    }
                    Frame Armature_Middle02_R {
                      FrameTransformMatrix {
                         0.888217, 0.452267,-0.080780, 0.000000,
                        -0.452152, 0.891699, 0.020761, 0.000000,
                         0.081421, 0.018085, 0.996516, 0.000000,
                        -0.485415,43.120712,-0.768930, 1.000000;;
                      }
                      Frame Armature_Middle3_R {
                        FrameTransformMatrix {
                          -0.996632,-0.004223,-0.081897, 0.000000,
                          -0.065008,-0.568092, 0.820393, 0.000000,
                          -0.049990, 0.822954, 0.565905, 0.000000,
                          -0.384430,32.274994, 0.699816, 1.000000;;
                        }
                      } // End of Armature_Middle3_R
                    } // End of Armature_Middle02_R
                  } // End of Armature_Middle01_R
                  Frame Armature_Pinky01_R {
                    FrameTransformMatrix {
                       0.906501, 0.416214,-0.070870, 0.000000,
                      -0.418503, 0.863625,-0.281081, 0.000000,
                      -0.055785, 0.284460, 0.957064, 0.000000,
                      -5.944255,54.442379,-30.303356, 1.000000;;
                    }
                    Frame Armature_Pinky02_R {
                      FrameTransformMatrix {
                         0.885131, 0.465090, 0.015284, 0.000000,
                        -0.465341, 0.884654, 0.029072, 0.000000,
                        -0.000000,-0.032845, 0.999460, 0.000000,
                        -1.078005,39.593750, 0.897137, 1.000000;;
                      }
                      Frame Armature_Pinky03_R {
                        FrameTransformMatrix {
                           1.000000, 0.000000,-0.000001, 0.000000,
                           0.000001,-0.523352, 0.852117, 0.000000,
                          -0.000000,-0.852117,-0.523352, 0.000000,
                          -1.148792,32.262333, 0.339642, 1.000000;;
                        }
                      } // End of Armature_Pinky03_R
                    } // End of Armature_Pinky02_R
                  } // End of Armature_Pinky01_R
                  Frame Armature_Thumb01_R {
                    FrameTransformMatrix {
                       0.785930,-0.618244,-0.009995, 0.000000,
                      -0.616675,-0.782543,-0.085677, 0.000000,
                       0.045154, 0.073498,-0.996275, 0.000000,
                      -13.441639,-24.940056,-3.187960, 1.000000;;
                    }
                    Frame Armature_Thumb02_R {
                      FrameTransformMatrix {
                        -0.996215, 0.086926, 0.000000, 0.000000,
                        -0.086904,-0.995957, 0.022722, 0.000000,
                         0.001975, 0.022636, 0.999742, 0.000000,
                         1.459127,36.621063,-0.234892, 1.000000;;
                      }
                    } // End of Armature_Thumb02_R
                  } // End of Armature_Thumb01_R
                } // End of Armature_Hand_R
              } // End of Armature_RowerArm_R
            } // End of Armature_UpperArm_R
          } // End of Armature_Chest
          Frame Armature_Wing01_L {
            FrameTransformMatrix {
               0.118595, 0.956824,-0.265375, 0.000000,
              -0.557055,-0.157127,-0.815476, 0.000000,
              -0.821964, 0.244540, 0.514368, 0.000000,
              -56.105587,20.234039,-89.395523, 1.000000;;
            }
            Frame Armature_Wing02_L {
              FrameTransformMatrix {
                 0.309014,-0.950938, 0.015060, 0.000000,
                 0.950931, 0.308676,-0.021196, 0.000000,
                 0.015508, 0.020871, 0.999662, 0.000000,
                 0.000057,299.244019, 0.000147, 1.000000;;
              }
              Frame Armature_Wing03_L {
                FrameTransformMatrix {
                   0.785644, 0.616560,-0.051157, 0.000000,
                  -0.618067, 0.785856,-0.020583, 0.000000,
                   0.027512, 0.047789, 0.998478, 0.000000,
                   0.000076,468.655029,-0.000103, 1.000000;;
                }
                Frame Armature_WingIndex01_L {
                  FrameTransformMatrix {
                     0.897437,-0.441140, 0.001139, 0.000000,
                     0.441134, 0.897434, 0.003583, 0.000000,
                    -0.002603,-0.002713, 0.999993, 0.000000,
                     0.000092,40.398350,-0.000092, 1.000000;;
                  }
                  Frame Armature_WingIndex02_L {
                    FrameTransformMatrix {
                       0.957455, 0.284942,-0.045698, 0.000000,
                      -0.286235, 0.957841,-0.024698, 0.000000,
                       0.036734, 0.036728, 0.998650, 0.000000,
                       0.000061,209.264526,-0.000023, 1.000000;;
                    }
                    Frame Armature_WingIndex03_L {
                      FrameTransformMatrix {
                         0.479600, 0.259207, 0.838329, 0.000000,
                         0.737507, 0.398597,-0.545165, 0.000000,
                        -0.475466, 0.879735,-0.000000, 0.000000,
                         0.000000,228.365158, 0.000051, 1.000000;;
                      }
                    } // End of Armature_WingIndex03_L
                  } // End of Armature_WingIndex02_L
                } // End of Armature_WingIndex01_L
                Frame Armature_WingMiddle01_L {
                  FrameTransformMatrix {
                     0.999165, 0.039273, 0.011227, 0.000000,
                    -0.039395, 0.999165, 0.010814, 0.000000,
                    -0.010793,-0.011248, 0.999879, 0.000000,
                    -18.335468,37.623787,-3.889147, 1.000000;;
                  }
                  Frame Armature_WingMiddle02_L {
                    FrameTransformMatrix {
                       0.992900, 0.117832,-0.016289, 0.000000,
                      -0.117913, 0.993015,-0.004137, 0.000000,
                       0.015688, 0.006029, 0.999859, 0.000000,
                      -0.000016,205.206329,-0.000008, 1.000000;;
                    }
                    Frame Armature_WingMiddle04_L {
                      FrameTransformMatrix {
                        -0.946809,-0.303649, 0.106535, 0.000000,
                        -0.304713, 0.952421, 0.006532, 0.000000,
                        -0.103450,-0.026278,-0.994287, 0.000000,
                        -7.270218,370.676147,-3.474375, 1.000000;;
                      }
                      Frame Armature_WingMiddle05_L {
                        FrameTransformMatrix {
                          -0.493034,-0.030229,-0.869485, 0.000000,
                          -0.867854,-0.053211, 0.493960, 0.000000,
                          -0.061199, 0.998126, 0.000000, 0.000000,
                          -31.631241,539.507263,-7.139684, 1.000000;;
                        }
                      } // End of Armature_WingMiddle05_L
                    } // End of Armature_WingMiddle04_L
                  } // End of Armature_WingMiddle02_L
                } // End of Armature_WingMiddle01_L
                Frame Armature_WingPinky01_L {
                  FrameTransformMatrix {
                    -0.698424,-0.709778, 0.091751, 0.000000,
                    -0.712858, 0.701307,-0.001143, 0.000000,
                    -0.063534,-0.066204,-0.995781, 0.000000,
                    -61.174259,16.226677,-8.790434, 1.000000;;
                  }
                  Frame Armature_WingPinky02_L {
                    FrameTransformMatrix {
                       0.977515,-0.197933, 0.072713, 0.000000,
                       0.195876, 0.980022, 0.034484, 0.000000,
                      -0.078086,-0.019466, 0.996756, 0.000000,
                      -0.000015,195.337524,-0.000076, 1.000000;;
                    }
                    Frame Armature_WingPinky04_L {
                      FrameTransformMatrix {
                         0.969579,-0.244774, 0.001311, 0.000000,
                         0.244773, 0.969580, 0.001083, 0.000000,
                        -0.001536,-0.000729, 0.999999, 0.000000,
                         0.229271,253.069931, 3.634956, 1.000000;;
                      }
                      Frame Armature_WingPinky05_L {
                        FrameTransformMatrix {
                          -0.445038,-0.367401,-0.816674, 0.000000,
                          -0.629791,-0.519924, 0.577098, 0.000000,
                          -0.636635, 0.771165, 0.000000, 0.000000,
                          -10.885773,281.533722,-8.118996, 1.000000;;
                        }
                      } // End of Armature_WingPinky05_L
                    } // End of Armature_WingPinky04_L
                  } // End of Armature_WingPinky02_L
                } // End of Armature_WingPinky01_L
                Frame Armature_WingRing01_L {
                  FrameTransformMatrix {
                     0.904509, 0.420682, 0.069933, 0.000000,
                    -0.423281, 0.905593, 0.027101, 0.000000,
                    -0.051930,-0.054114, 0.997184, 0.000000,
                    -39.982063,25.864693,-5.638515, 1.000000;;
                  }
                  Frame Armature_WingRing02_L {
                    FrameTransformMatrix {
                      -0.972438,-0.142164, 0.184806, 0.000000,
                      -0.143708, 0.989607, 0.005080, 0.000000,
                      -0.183607,-0.021618,-0.982762, 0.000000,
                      -0.000053,199.690033,-0.000050, 1.000000;;
                    }
                    Frame Armature_WingRing04_L {
                      FrameTransformMatrix {
                         0.959317,-0.279679, 0.038613, 0.000000,
                         0.279406, 0.960093, 0.012408, 0.000000,
                        -0.040543,-0.001115, 0.999177, 0.000000,
                        14.586189,326.020844, 6.447753, 1.000000;;
                      }
                      Frame Armature_WingRing05_L {
                        FrameTransformMatrix {
                          -0.501265,-0.161077,-0.850169, 0.000000,
                          -0.809405,-0.260096, 0.526510, 0.000000,
                          -0.305934, 0.952053, 0.000000, 0.000000,
                          -34.832047,405.853455,-4.218768, 1.000000;;
                        }
                      } // End of Armature_WingRing05_L
                    } // End of Armature_WingRing04_L
                  } // End of Armature_WingRing02_L
                } // End of Armature_WingRing01_L
              } // End of Armature_Wing03_L
              Frame Armature_WingThumb01_L {
                FrameTransformMatrix {
                   0.009963,-0.000785,-0.000338, 0.000000,
                  -0.000797,-0.009962,-0.000354, 0.000000,
                  -0.000308, 0.000380,-0.009988, 0.000000,
                  -95.058502,-148.098022,-4.080971, 1.000000;;
                }
              } // End of Armature_WingThumb01_L
            } // End of Armature_Wing02_L
          } // End of Armature_Wing01_L
          Frame Armature_Wing01_R {
            FrameTransformMatrix {
              -0.065339,-0.969658,-0.235571, 0.000000,
              -0.504446,-0.171591, 0.846221, 0.000000,
              -0.860967, 0.174124,-0.477928, 0.000000,
              -56.105927,20.234135,89.395615, 1.000000;;
            }
            Frame Armature_Wing02_R {
              FrameTransformMatrix {
                 0.309013, 0.950939,-0.015058, 0.000000,
                -0.950932, 0.308675,-0.021182, 0.000000,
                -0.015495, 0.020865, 0.999662, 0.000000,
                 0.000008,299.244141,-0.000013, 1.000000;;
              }
              Frame Armature_Wing03_R {
                FrameTransformMatrix {
                   0.813298,-0.579861, 0.048035, 0.000000,
                   0.579806, 0.814588, 0.016493, 0.000000,
                  -0.048693, 0.014437, 0.998709, 0.000000,
                   0.000046,468.655029, 0.000004, 1.000000;;
                }
                Frame Armature_WingIndex01_R {
                  FrameTransformMatrix {
                     0.897428, 0.441160,-0.001143, 0.000000,
                    -0.441154, 0.897425, 0.003592, 0.000000,
                     0.002611,-0.002719, 0.999993, 0.000000,
                     0.000002,40.397865, 0.000004, 1.000000;;
                  }
                  Frame Armature_WingIndex02_R {
                    FrameTransformMatrix {
                       0.957453,-0.284947, 0.045705, 0.000000,
                       0.286241, 0.957839,-0.024701, 0.000000,
                      -0.036740, 0.036733, 0.998650, 0.000000,
                       0.000031,209.265320, 0.000038, 1.000000;;
                    }
                    Frame Armature_WingIndex03_R {
                      FrameTransformMatrix {
                         0.479598,-0.259204,-0.838331, 0.000000,
                         0.737510,-0.398595, 0.545161, 0.000000,
                        -0.475463,-0.879736, 0.000000, 0.000000,
                         0.000008,228.364578,-0.000004, 1.000000;;
                      }
                    } // End of Armature_WingIndex03_R
                  } // End of Armature_WingIndex02_R
                } // End of Armature_WingIndex01_R
                Frame Armature_WingMiddle01_R {
                  FrameTransformMatrix {
                     0.999146,-0.039765,-0.011239, 0.000000,
                     0.039887, 0.999146, 0.010812, 0.000000,
                     0.010799,-0.011251, 0.999878, 0.000000,
                    18.335314,37.623550,-3.889015, 1.000000;;
                  }
                  Frame Armature_WingMiddle02_R {
                    FrameTransformMatrix {
                       0.992900,-0.117831, 0.016295, 0.000000,
                       0.117912, 0.993016,-0.004139, 0.000000,
                      -0.015694, 0.006031, 0.999859, 0.000000,
                       0.000015,205.206085, 0.000134, 1.000000;;
                    }
                    Frame Armature_WingMiddle04_R {
                      FrameTransformMatrix {
                        -0.946811, 0.303651,-0.106511, 0.000000,
                         0.304716, 0.952421, 0.006531, 0.000000,
                         0.103426,-0.026272,-0.994290, 0.000000,
                         4.796494,414.726440,-2.164455, 1.000000;;
                      }
                      Frame Armature_WingMiddle05_R {
                        FrameTransformMatrix {
                          -0.493050, 0.030232, 0.869475, 0.000000,
                          -0.867846, 0.053211,-0.493976, 0.000000,
                          -0.061200,-0.998125, 0.000001, 0.000000,
                          16.053162,498.297791,-4.424050, 1.000000;;
                        }
                      } // End of Armature_WingMiddle05_R
                    } // End of Armature_WingMiddle04_R
                  } // End of Armature_WingMiddle02_R
                } // End of Armature_WingMiddle01_R
                Frame Armature_WingPinky01_R {
                  FrameTransformMatrix {
                    -0.698517, 0.709688,-0.091743, 0.000000,
                     0.712768, 0.701399,-0.001156, 0.000000,
                     0.063528,-0.066199,-0.995782, 0.000000,
                    61.174309,16.226582,-8.790627, 1.000000;;
                  }
                  Frame Armature_WingPinky02_R {
                    FrameTransformMatrix {
                       0.977515, 0.197936,-0.072710, 0.000000,
                      -0.195878, 0.980022, 0.034484, 0.000000,
                       0.078083,-0.019466, 0.996757, 0.000000,
                       0.000008,195.337769,-0.000089, 1.000000;;
                    }
                    Frame Armature_WingPinky04_R {
                      FrameTransformMatrix {
                         0.969579, 0.244773,-0.001310, 0.000000,
                        -0.244772, 0.969580, 0.001081, 0.000000,
                         0.001535,-0.000728, 0.999998, 0.000000,
                        -9.829412,246.306580, 2.711271, 1.000000;;
                      }
                      Frame Armature_WingPinky05_R {
                        FrameTransformMatrix {
                          -0.445037, 0.367399, 0.816676, 0.000000,
                          -0.629793, 0.519924,-0.577096, 0.000000,
                          -0.636634,-0.771166, 0.000000, 0.000000,
                          21.847778,285.742249,-7.185253, 1.000000;;
                        }
                      } // End of Armature_WingPinky05_R
                    } // End of Armature_WingPinky04_R
                  } // End of Armature_WingPinky02_R
                } // End of Armature_WingPinky01_R
                Frame Armature_WingRing01_R {
                  FrameTransformMatrix {
                     0.903521,-0.422786,-0.070007, 0.000000,
                     0.425384, 0.904612, 0.026940, 0.000000,
                     0.051939,-0.054120, 0.997183, 0.000000,
                    39.982063,25.864349,-5.638641, 1.000000;;
                  }
                  Frame Armature_WingRing02_R {
                    FrameTransformMatrix {
                      -0.972431, 0.142168,-0.184844, 0.000000,
                       0.143713, 0.989606, 0.005081, 0.000000,
                       0.183645,-0.021624,-0.982755, 0.000000,
                       0.000011,199.690536,-0.000088, 1.000000;;
                    }
                    Frame Armature_WingRing04_R {
                      FrameTransformMatrix {
                         0.959316, 0.279678,-0.038642, 0.000000,
                        -0.279405, 0.960093, 0.012417, 0.000000,
                         0.040573,-0.001115, 0.999176, 0.000000,
                        -13.788979,362.525970, 6.754184, 1.000000;;
                      }
                      Frame Armature_WingRing05_R {
                        FrameTransformMatrix {
                          -0.501262, 0.161076, 0.850171, 0.000000,
                          -0.809408, 0.260096,-0.526506, 0.000000,
                          -0.305934,-0.952053, 0.000000, 0.000000,
                          23.868935,371.024139,-4.515423, 1.000000;;
                        }
                      } // End of Armature_WingRing05_R
                    } // End of Armature_WingRing04_R
                  } // End of Armature_WingRing02_R
                } // End of Armature_WingRing01_R
              } // End of Armature_Wing03_R
              Frame Armature_WingThumb01_R {
                FrameTransformMatrix {
                   0.009964, 0.000785, 0.000338, 0.000000,
                   0.000797,-0.009962,-0.000354, 0.000000,
                   0.000309, 0.000380,-0.009988, 0.000000,
                  92.550095,-148.258469,-3.857479, 1.000000;;
                }
              } // End of Armature_WingThumb01_R
            } // End of Armature_Wing02_R
          } // End of Armature_Wing01_R
        } // End of Armature_Spine02
      } // End of Armature_Spine01
      Frame Armature_UpperLeg_L {
        FrameTransformMatrix {
           0.622311,-0.045470,-0.781448, 0.000000,
          -0.716836, 0.367925,-0.592265, 0.000000,
           0.314444, 0.928743, 0.196369, 0.000000,
           6.620170,85.229698,-42.187702, 1.000000;;
        }
        Frame Armature_LowerLeg_L {
          FrameTransformMatrix {
             0.435230,-0.897341, 0.073165, 0.000000,
             0.884835, 0.411322,-0.218818, 0.000000,
             0.166260, 0.159976, 0.973019, 0.000000,
            -0.000020,179.437531, 0.000044, 1.000000;;
          }
          Frame Armature_Feet_L {
            FrameTransformMatrix {
               0.852796, 0.424199, 0.304622, 0.000000,
              -0.492706, 0.846901, 0.199997, 0.000000,
              -0.173146,-0.320645, 0.931239, 0.000000,
              -0.000011,155.874435,-0.000002, 1.000000;;
            }
            Frame Armature_IndexToe01_L {
              FrameTransformMatrix {
                 0.877419, 0.460093,-0.135832, 0.000000,
                -0.479692, 0.844764,-0.237210, 0.000000,
                 0.005607, 0.273290, 0.961916, 0.000000,
                -3.430741,25.755112,-25.501059, 1.000000;;
              }
              Frame Armature_IndexToe02_L {
                FrameTransformMatrix {
                   0.858029, 0.513469, 0.011670, 0.000000,
                  -0.513602, 0.857807, 0.019496, 0.000000,
                   0.000000,-0.022721, 0.999742, 0.000000,
                  -2.437457,28.115990,-0.142578, 1.000000;;
                }
                Frame Armature_IndexToe03_L {
                  FrameTransformMatrix {
                     1.000000,-0.000000, 0.000000, 0.000000,
                     0.000000, 0.573462, 0.819232, 0.000000,
                    -0.000000,-0.819232, 0.573462, 0.000000,
                    -0.282490,27.569725,-1.050728, 1.000000;;
                  }
                } // End of Armature_IndexToe03_L
              } // End of Armature_IndexToe02_L
            } // End of Armature_IndexToe01_L
            Frame Armature_MiddleToe01_L {
              FrameTransformMatrix {
                 0.851030, 0.524200, 0.031017, 0.000000,
                -0.523710, 0.842947, 0.123156, 0.000000,
                 0.038413,-0.121054, 0.991903, 0.000000,
                -3.218621,31.106058,-5.303335, 1.000000;;
              }
              Frame Armature_MiddleToe02_L {
                FrameTransformMatrix {
                   0.809188, 0.587398, 0.013350, 0.000000,
                  -0.587550, 0.808979, 0.018386, 0.000000,
                   0.000000,-0.022722, 0.999742, 0.000000,
                   0.028364,36.646278, 0.243308, 1.000000;;
                }
                Frame Armature_MiddleToe03_L {
                  FrameTransformMatrix {
                     1.000000, 0.000000,-0.000000, 0.000000,
                     0.000000, 0.573462, 0.819232, 0.000000,
                     0.000000,-0.819232, 0.573462, 0.000000,
                    -0.189680,32.270294,-0.938933, 1.000000;;
                  }
                } // End of Armature_MiddleToe03_L
              } // End of Armature_MiddleToe02_L
            } // End of Armature_MiddleToe01_L
            Frame Armature_PinkyToe01_L {
              FrameTransformMatrix {
                 0.867209, 0.455882, 0.200299, 0.000000,
                -0.497856, 0.786250, 0.365994, 0.000000,
                 0.009365,-0.417113, 0.908807, 0.000000,
                -7.263606,23.997829,14.883965, 1.000000;;
              }
              Frame Armature_PinkyToe02_L {
                FrameTransformMatrix {
