xof 0303txt 0032

template XSkinMeshHeader {
  <3cf169ce-ff7c-44ab-93c0-f78f62d172e2>
  WORD nMaxSkinWeightsPerVertex;
  WORD nMaxSkinWeightsPerFace;
  WORD nBones;
}

template SkinWeights {
  <6f0d123b-bad2-4167-a0d0-80224f25fabb>
  STRING transformNodeName;
  DWORD nWeights;
  array DWORD vertexIndices[nWeights];
  array float weights[nWeights];
  Matrix4x4 matrixOffset;
}

Frame Root {
  FrameTransformMatrix {
     1.000000, 0.000000, 0.000000, 0.000000,
     0.000000,-0.000000,-1.000000, 0.000000,
     0.000000, 1.000000,-0.000000, 0.000000,
     0.000000, 0.000000, 0.000000, 1.000000;;
  }
  Frame Armature {
    FrameTransformMatrix {
       1.000000, 0.000000, 0.000000, 0.000000,
       0.000000,-0.000000, 1.000000, 0.000000,
       0.000000,-1.000000,-0.000000, 0.000000,
       0.000000, 0.000000, 0.000000, 1.000000;;
    }
    Frame Armature_Root {
      FrameTransformMatrix {
        -0.000000,-0.069449, 0.997586, 0.000000,
         1.000000,-0.000000, 0.000000, 0.000000,
         0.000000, 0.997586, 0.069449, 0.000000,
        -0.000000,223.438141,-115.898064, 1.000000;;
      }
      Frame Armature_Spine01 {
        FrameTransformMatrix {
           0.095534,-0.000001, 0.995426, 0.000000,
           0.995426, 0.000000,-0.095534, 0.000000,
          -0.000000, 1.000000, 0.000001, 0.000000,
          97.524017,-0.000000,-0.000019, 1.000000;;
        }
        Frame Armature_Spine02 {
          FrameTransformMatrix {
            -0.992317, 0.123717,-0.000001, 0.000000,
             0.123717, 0.992317, 0.000000, 0.000000,
             0.000001,-0.000000,-1.000000, 0.000000,
             0.000022,114.438362,-0.000000, 1.000000;;
          }
          Frame Armature_Chest {
            FrameTransformMatrix {
              -0.810514, 0.585719, 0.000000, 0.000000,
               0.585719, 0.810514,-0.000000, 0.000000,
              -0.000000,-0.000000,-1.000000, 0.000000,
               0.000010,127.459373, 0.000000, 1.000000;;
            }
            Frame Armature_Neck01 {
              FrameTransformMatrix {
                 0.937243,-0.348676,-0.000000, 0.000000,
                 0.348676, 0.937243,-0.000000, 0.000000,
                 0.000000, 0.000000, 1.000000, 0.000000,
                 0.000053,126.849617, 0.000002, 1.000000;;
              }
              Frame Armature_Neck02 {
                FrameTransformMatrix {
                   0.952773,-0.303683,-0.000000, 0.000000,
                   0.303683, 0.952773,-0.000000, 0.000000,
                   0.000000,-0.000000, 1.000000, 0.000000,
                   0.000038,122.347374,-0.000000, 1.000000;;
                }
                Frame Armature_Neck03 {
                  FrameTransformMatrix {
                     0.983423,-0.181327, 0.000000, 0.000000,
                     0.181327, 0.983423, 0.000000, 0.000000,
                    -0.000000, 0.000000, 1.000000, 0.000000,
                    -0.000008,112.527107,-0.000001, 1.000000;;
                  }
                  Frame Armature_Head {
                    FrameTransformMatrix {
                       0.000000, 0.000000, 1.000000, 0.000000,
                      -0.350765, 0.936463,-0.000000, 0.000000,
                      -0.936463,-0.350765, 0.000000, 0.000000,
                      -0.000025,105.244110, 0.000000, 1.000000;;
                    }
                    Frame Armature_Eye_L {
                      FrameTransformMatrix {
                         1.000000,-0.000000, 0.000000, 0.000000,
                        -0.000000, 1.000000, 0.000000, 0.000000,
                        -0.000000,-0.000000, 1.000000, 0.000000,
                        34.315449,64.830788,-31.983652, 1.000000;;
                      }
                    } // End of Armature_Eye_L
                    Frame Armature_Eye_R {
                      FrameTransformMatrix {
                         1.000000, 0.000000, 0.000000, 0.000000,
                         0.000000,-1.000000, 0.000000, 0.000000,
                         0.000000,-0.000000,-1.000000, 0.000000,
                        -34.315399,64.831161,-31.984076, 1.000000;;
                      }
                    } // End of Armature_Eye_R
                    Frame Armature_Eye_Under_L {
                      FrameTransformMatrix {
                         1.000000,-0.000000, 0.000000, 0.000000,
                        -0.000000, 1.000000, 0.000000, 0.000000,
                        -0.000000,-0.000000, 1.000000, 0.000000,
                        38.478436,70.034782,-12.224512, 1.000000;;
                      }
                    } // End of Armature_Eye_Under_L
                    Frame Armature_Eye_Under_R {
                      FrameTransformMatrix {
                         1.000000, 0.000000, 0.000000, 0.000000,
                         0.000000,-1.000000, 0.000000, 0.000000,
                         0.000000,-0.000000,-1.000000, 0.000000,
                        -38.478397,70.035179,-12.224081, 1.000000;;
                      }
                    } // End of Armature_Eye_Under_R
                    Frame Armature_Jaw01 {
                      FrameTransformMatrix {
                        -0.000000, 0.124975, 0.992160, 0.000000,
                         0.000000, 0.992160,-0.124975, 0.000000,
                        -1.000000, 0.000000,-0.000001, 0.000000,
                         0.000012,77.713905,41.943703, 1.000000;;
                      }
                      Frame Armature_Jaw02 {
                        FrameTransformMatrix {
                          -0.778932,-0.627109,-0.000000, 0.000000,
                           0.000000, 0.000000,-1.000000, 0.000000,
                           0.627109,-0.778932,-0.000000, 0.000000,
                          -0.000000,131.770691,-0.000000, 1.000000;;
                        }
                      } // End of Armature_Jaw02
                    } // End of Armature_Jaw01
                    Frame Armature_Tongue01 {
                      FrameTransformMatrix {
                        -0.000003,-0.065750, 0.997836, 0.000000,
                         0.000000, 0.997836, 0.065750, 0.000000,
                        -1.000000, 0.000000,-0.000003, 0.000000,
                        -0.000001,31.774931,21.651535, 1.000000;;
                      }
                      Frame Armature_Tongue02 {
                        FrameTransformMatrix {
                           0.999323,-0.036779,-0.000000, 0.000000,
                           0.036779, 0.999323,-0.000000, 0.000000,
                           0.000000, 0.000000, 1.000000, 0.000000,
                           0.000011,53.170010, 0.000000, 1.000000;;
                        }
                        Frame Armature_Tongue03 {
                          FrameTransformMatrix {
                             0.999072,-0.043063, 0.000000, 0.000000,
                             0.043064, 0.999072,-0.000000, 0.000000,
                            -0.000000, 0.000000, 1.000000, 0.000000,
                             0.000008,46.743309, 0.000000, 1.000000;;
                          }
                          Frame Armature_Tongue04 {
                            FrameTransformMatrix {
                              -0.962207,-0.272321,-0.000001, 0.000000,
                              -0.000000, 0.000003,-1.000000, 0.000000,
                               0.272321,-0.962206,-0.000003, 0.000000,
                              -0.000011,54.004059,-0.000000, 1.000000;;
                            }
                          } // End of Armature_Tongue04
                        } // End of Armature_Tongue03
                      } // End of Armature_Tongue02
                    } // End of Armature_Tongue01
                    Frame Armature_UpperMouth01 {
                      FrameTransformMatrix {
                        -0.000003, 0.094765,-0.995500, 0.000000,
                         0.000000, 0.995500, 0.094765, 0.000000,
                         1.000000,-0.000000,-0.000003, 0.000000,
                         0.000001,97.247734,-15.644066, 1.000000;;
                      }
                      Frame Armature_UpperMouth02 {
                        FrameTransformMatrix {
                           0.995693, 0.092716, 0.000000, 0.000000,
                          -0.000000, 0.000002, 1.000000, 0.000000,
                           0.092716,-0.995693, 0.000002, 0.000000,
                          -0.000000,97.058884,-0.000000, 1.000000;;
                        }
                      } // End of Armature_UpperMouth02
                    } // End of Armature_UpperMouth01
                  } // End of Armature_Head
                } // End of Armature_Neck03
              } // End of Armature_Neck02
            } // End of Armature_Neck01
            Frame Armature_UpperArm_L {
              FrameTransformMatrix {
                -0.288129, 0.422404, 0.859393, 0.000000,
                -0.558452,-0.803157, 0.207531, 0.000000,
                 0.777889,-0.420134, 0.467306, 0.000000,
                -32.905903,-19.313190,82.735832, 1.000000;;
              }
              Frame Armature_LowerArm_L {
                FrameTransformMatrix {
                   0.985956, 0.089002, 0.141312, 0.000000,
                   0.025819, 0.754750,-0.655504, 0.000000,
                  -0.164997, 0.649947, 0.741853, 0.000000,
                  -0.000015,176.291122, 0.000006, 1.000000;;
                }
                Frame Armature_Hand_L {
                  FrameTransformMatrix {
                    -0.069570,-0.986206,-0.150194, 0.000000,
                     0.652123, 0.068975,-0.754969, 0.000000,
                     0.754914,-0.150468, 0.638329, 0.000000,
                     0.000006,171.877716, 0.000008, 1.000000;;
                  }
                  Frame Armature_Index01_L {
                    FrameTransformMatrix {
                       0.373204, 0.873674,-0.312109, 0.000000,
                      -0.927228, 0.362527,-0.093925, 0.000000,
                       0.031088, 0.324450, 0.945392, 0.000000,
                      -5.378026,55.339264,-24.943512, 1.000000;;
                    }
                    Frame Armature_Index02_L {
                      FrameTransformMatrix {
                         0.168486, 0.985645,-0.010832, 0.000000,
                        -0.983217, 0.168831, 0.069135, 0.000000,
                         0.069972,-0.000998, 0.997548, 0.000000,
                        -2.207164,39.770687,-0.317738, 1.000000;;
                      }
                      Frame Armature_Index03_L {
                        FrameTransformMatrix {
                           1.000000,-0.000000,-0.000001, 0.000000,
                           0.000001, 0.573462, 0.819232, 0.000000,
                           0.000000,-0.819232, 0.573462, 0.000000,
                          -0.282521,27.569687,-1.050722, 1.000000;;
                        }
                      } // End of Armature_Index03_L
                    } // End of Armature_Index02_L
                  } // End of Armature_Index01_L
                  Frame Armature_Middle01_L {
                    FrameTransformMatrix {
                       0.259019, 0.938881, 0.226741, 0.000000,
                      -0.963432, 0.267821,-0.008404, 0.000000,
                      -0.068616,-0.216273, 0.973919, 0.000000,
                      -5.274474,61.946575, 2.297046, 1.000000;;
                    }
                    Frame Armature_Middle02_L {
                      FrameTransformMatrix {
                         0.193657, 0.951866,-0.237588, 0.000000,
                        -0.908751, 0.265298, 0.322164, 0.000000,
                         0.369689, 0.153519, 0.916386, 0.000000,
                         0.726889,43.116928, 0.768601, 1.000000;;
                      }
                      Frame Armature_Middle3_L {
                        FrameTransformMatrix {
                           1.000000, 0.000002, 0.000001, 0.000000,
                          -0.000002, 0.573462, 0.819232, 0.000000,
                           0.000002,-0.819232, 0.573463, 0.000000,
                          -0.189644,32.270271,-0.938924, 1.000000;;
                        }
                      } // End of Armature_Middle3_L
                    } // End of Armature_Middle02_L
                  } // End of Armature_Middle01_L
                  Frame Armature_Pinky01_L {
                    FrameTransformMatrix {
                       0.260831, 0.940234, 0.218921, 0.000000,
                      -0.965375, 0.253047, 0.063387, 0.000000,
                       0.004201,-0.227875, 0.973682, 0.000000,
                      -9.550646,54.729027,28.829334, 1.000000;;
                    }
                    Frame Armature_Pinky02_L {
                      FrameTransformMatrix {
                         0.218154, 0.975662, 0.022175, 0.000000,
                        -0.975914, 0.218098, 0.004956, 0.000000,
                        -0.000000,-0.022722, 0.999742, 0.000000,
                         0.112932,39.613922, 0.562980, 1.000000;;
                      }
                      Frame Armature_Pinky03_L {
                        FrameTransformMatrix {
                           1.000000, 0.000001, 0.000000, 0.000000,
                          -0.000001, 0.573463, 0.819231, 0.000000,
                           0.000000,-0.819231, 0.573463, 0.000000,
                          -0.189610,32.270287,-0.938978, 1.000000;;
                        }
                      } // End of Armature_Pinky03_L
                    } // End of Armature_Pinky02_L
                  } // End of Armature_Pinky01_L
                  Frame Armature_Thumb01_L {
                    FrameTransformMatrix {
                       0.060805,-0.993670, 0.094463, 0.000000,
                      -0.998125,-0.061189,-0.001168, 0.000000,
                       0.006947,-0.094215,-0.995513, 0.000000,
                      -12.599415,-25.391632, 3.054241, 1.000000;;
                    }
                    Frame Armature_Thumb02_L {
                      FrameTransformMatrix {
                         1.000000, 0.000001, 0.000000, 0.000000,
                        -0.000001, 0.999742, 0.022722, 0.000000,
                        -0.000000,-0.022722, 0.999742, 0.000000,
                        -1.729858,36.609959, 0.235098, 1.000000;;
                      }
                    } // End of Armature_Thumb02_L
                  } // End of Armature_Thumb01_L
                } // End of Armature_Hand_L
              } // End of Armature_LowerArm_L
            } // End of Armature_UpperArm_L
            Frame Armature_UpperArm_R {
              FrameTransformMatrix {
                -0.204864, 0.411976,-0.887866, 0.000000,
                -0.618817,-0.757326,-0.208621, 0.000000,
                -0.758351, 0.506687, 0.410087, 0.000000,
                -32.906017,-19.313137,-82.735802, 1.000000;;
              }
              Frame Armature_RowerArm_R {
                FrameTransformMatrix {
                   0.980308, 0.066343,-0.185998, 0.000000,
                   0.037348, 0.862591, 0.504520, 0.000000,
                   0.193912,-0.501532, 0.843127, 0.000000,
                  -0.000003,176.291336, 0.000001, 1.000000;;
                }
                Frame Armature_Hand_R {
                  FrameTransformMatrix {
                     0.093095,-0.994373, 0.050564, 0.000000,
                     0.570786, 0.094911, 0.815595, 0.000000,
                    -0.815805,-0.047067, 0.576409, 0.000000,
                     0.000000,171.877380, 0.000008, 1.000000;;
                  }
                  Frame Armature_Index01_R {
                    FrameTransformMatrix {
                       0.200280, 0.928925, 0.311427, 0.000000,
                      -0.978252, 0.207109, 0.011354, 0.000000,
                      -0.053952,-0.306928, 0.950202, 0.000000,
                      -4.365375,56.017754,23.587984, 1.000000;;
                    }
                    Frame Armature_Index02_R {
                      FrameTransformMatrix {
                         0.286037, 0.957112,-0.046031, 0.000000,
                        -0.958210, 0.285503,-0.017940, 0.000000,
                        -0.004028, 0.049239, 0.998779, 0.000000,
                         0.922225,39.822750,-0.089607, 1.000000;;
                      }
                      Frame Armature_Index03_R {
                        FrameTransformMatrix {
                          -0.998719, 0.050613, 0.000001, 0.000000,
                          -0.029023,-0.572728, 0.819232, 0.000000,
                           0.041464, 0.818182, 0.573463, 0.000000,
                           1.113319,27.548424, 1.050556, 1.000000;;
                        }
                      } // End of Armature_Index03_R
                    } // End of Armature_Index02_R
                  } // End of Armature_Index01_R
                  Frame Armature_Middle01_R {
                    FrameTransformMatrix {
                       0.313093, 0.947717, 0.061686, 0.000000,
                      -0.946532, 0.316702,-0.061454, 0.000000,
                      -0.077777,-0.039147, 0.996202, 0.000000,
                      -2.675704,62.042625,-3.734680, 1.000000;;
                    }
                    Frame Armature_Middle02_R {
                      FrameTransformMatrix {
                         0.280683, 0.958953,-0.040337, 0.000000,
                        -0.956341, 0.282989, 0.073004, 0.000000,
                         0.081422, 0.018085, 0.996516, 0.000000,
                        -0.485400,43.120667,-0.768909, 1.000000;;
                      }
                      Frame Armature_Middle3_R {
                        FrameTransformMatrix {
                          -0.996632,-0.004224,-0.081898, 0.000000,
                          -0.065008,-0.568093, 0.820393, 0.000000,
                          -0.049991, 0.822954, 0.565905, 0.000000,
                          -0.384403,32.275002, 0.699850, 1.000000;;
                        }
                      } // End of Armature_Middle3_R
                    } // End of Armature_Middle02_R
                  } // End of Armature_Middle01_R
                  Frame Armature_Pinky01_R {
                    FrameTransformMatrix {
                       0.285678, 0.923029,-0.257692, 0.000000,
                      -0.956701, 0.259037,-0.132755, 0.000000,
                      -0.055785, 0.284460, 0.957064, 0.000000,
                      -5.944181,54.442402,-30.303284, 1.000000;;
                    }
                    Frame Armature_Pinky02_R {
                      FrameTransformMatrix {
                         0.214355, 0.976228, 0.032082, 0.000000,
                        -0.976756, 0.214240, 0.007041, 0.000000,
                        -0.000000,-0.032846, 0.999460, 0.000000,
                        -1.078003,39.593811, 0.897191, 1.000000;;
                      }
                      Frame Armature_Pinky03_R {
                        FrameTransformMatrix {
                           1.000000, 0.000000, 0.000001, 0.000000,
                          -0.000001,-0.523352, 0.852117, 0.000000,
                           0.000001,-0.852117,-0.523352, 0.000000,
                          -1.148769,32.262337, 0.339630, 1.000000;;
                        }
                      } // End of Armature_Pinky03_R
                    } // End of Armature_Pinky02_R
                  } // End of Armature_Pinky01_R
                  Frame Armature_Thumb01_R {
                    FrameTransformMatrix {
                       0.002458,-0.997295,-0.073462, 0.000000,
                      -0.998974, 0.000867,-0.045216, 0.000000,
                       0.045154, 0.073499,-0.996272, 0.000000,
                      -13.441549,-24.940060,-3.187910, 1.000000;;
                    }
                    Frame Armature_Thumb02_R {
                      FrameTransformMatrix {
                        -0.996220, 0.086927,-0.000003, 0.000000,
                        -0.086905,-0.995957, 0.022721, 0.000000,
                         0.001975, 0.022635, 0.999742, 0.000000,
                         1.459089,36.621094,-0.234863, 1.000000;;
                      }
                    } // End of Armature_Thumb02_R
                  } // End of Armature_Thumb01_R
                } // End of Armature_Hand_R
              } // End of Armature_RowerArm_R
            } // End of Armature_UpperArm_R
          } // End of Armature_Chest
          Frame Armature_Wing01_L {
            FrameTransformMatrix {
              -0.338898, 0.638832,-0.690682, 0.000000,
              -0.112020,-0.756302,-0.644561, 0.000000,
              -0.934130,-0.141071, 0.327871, 0.000000,
              -56.105675,20.234085,-89.395515, 1.000000;;
            }
            Frame Armature_Wing02_L {
              FrameTransformMatrix {
                -0.107309,-0.993959, 0.023035, 0.000000,
                 0.993936,-0.107808,-0.021658, 0.000000,
                 0.024011, 0.020571, 0.999500, 0.000000,
                 0.000023,299.244049,-0.000032, 1.000000;;
              }
              Frame Armature_Wing03_L {
                FrameTransformMatrix {
                   0.817613, 0.568123,-0.093520, 0.000000,
                  -0.545989, 0.816589, 0.187293, 0.000000,
                   0.182772,-0.102072, 0.977842, 0.000000,
                   0.000023,468.655090,-0.000080, 1.000000;;
                }
                Frame Armature_WingIndex01_L {
                  FrameTransformMatrix {
                     0.995838,-0.091109, 0.002345, 0.000000,
                     0.091103, 0.995837, 0.002939, 0.000000,
                    -0.002603,-0.002713, 0.999993, 0.000000,
                     0.000055,40.398369,-0.000002, 1.000000;;
                  }
                  Frame Armature_WingIndex02_L {
                    FrameTransformMatrix {
                       0.957455, 0.284941,-0.045698, 0.000000,
                      -0.286235, 0.957841,-0.024698, 0.000000,
                       0.036734, 0.036728, 0.998650, 0.000000,
                       0.000015,209.264496, 0.000063, 1.000000;;
                    }
                    Frame Armature_WingIndex03_L {
                      FrameTransformMatrix {
                         0.479600, 0.259207, 0.838329, 0.000000,
                         0.737507, 0.398596,-0.545165, 0.000000,
                        -0.475466, 0.879735,-0.000000, 0.000000,
                        -0.000001,228.365204,-0.000019, 1.000000;;
                      }
                    } // End of Armature_WingIndex03_L
                  } // End of Armature_WingIndex02_L
                } // End of Armature_WingIndex01_L
                Frame Armature_WingMiddle01_L {
                  FrameTransformMatrix {
                     0.940140, 0.340502, 0.013979, 0.000000,
                    -0.340617, 0.940177, 0.006899, 0.000000,
                    -0.010793,-0.011248, 0.999879, 0.000000,
                    -18.335510,37.623657,-3.889060, 1.000000;;
                  }
                  Frame Armature_WingMiddle02_L {
                    FrameTransformMatrix {
                       0.992900, 0.117832,-0.016290, 0.000000,
                      -0.117913, 0.993015,-0.004137, 0.000000,
                       0.015688, 0.006029, 0.999859, 0.000000,
                       0.000015,205.206207, 0.000014, 1.000000;;
                    }
                    Frame Armature_WingMiddle04_L {
                      FrameTransformMatrix {
                        -0.946809,-0.303649, 0.106535, 0.000000,
                        -0.304713, 0.952421, 0.006532, 0.000000,
                        -0.103450,-0.026278,-0.994287, 0.000000,
                        -7.270241,370.676208,-3.474440, 1.000000;;
                      }
                      Frame Armature_WingMiddle05_L {
                        FrameTransformMatrix {
                          -0.493034,-0.030230,-0.869485, 0.000000,
                          -0.867854,-0.053212, 0.493960, 0.000000,
                          -0.061199, 0.998126, 0.000000, 0.000000,
                          -31.631226,539.507141,-7.139720, 1.000000;;
                        }
                      } // End of Armature_WingMiddle05_L
                    } // End of Armature_WingMiddle04_L
                  } // End of Armature_WingMiddle02_L
                } // End of Armature_WingMiddle01_L
                Frame Armature_WingPinky01_L {
                  FrameTransformMatrix {
                    -0.541469,-0.835877, 0.090121, 0.000000,
                    -0.838317, 0.544910, 0.017259, 0.000000,
                    -0.063534,-0.066204,-0.995781, 0.000000,
                    -61.174316,16.226597,-8.790417, 1.000000;;
                  }
                  Frame Armature_WingPinky02_L {
                    FrameTransformMatrix {
                       0.977515,-0.197933, 0.072713, 0.000000,
                       0.195876, 0.980022, 0.034484, 0.000000,
                      -0.078086,-0.019466, 0.996756, 0.000000,
                       0.000032,195.337509, 0.000024, 1.000000;;
                    }
                    Frame Armature_WingPinky04_L {
                      FrameTransformMatrix {
                         0.969579,-0.244775, 0.001311, 0.000000,
                         0.244773, 0.969580, 0.001083, 0.000000,
                        -0.001536,-0.000729, 0.999999, 0.000000,
                         0.229218,253.069763, 3.635093, 1.000000;;
                      }
                      Frame Armature_WingPinky05_L {
                        FrameTransformMatrix {
                          -0.445038,-0.367401,-0.816674, 0.000000,
                          -0.629791,-0.519924, 0.577098, 0.000000,
                          -0.636636, 0.771165,-0.000000, 0.000000,
                          -10.885742,281.533691,-8.118933, 1.000000;;
                        }
                      } // End of Armature_WingPinky05_L
                    } // End of Armature_WingPinky04_L
                  } // End of Armature_WingPinky02_L
                } // End of Armature_WingPinky01_L
                Frame Armature_WingRing01_L {
                  FrameTransformMatrix {
                     0.807324, 0.585474, 0.073815, 0.000000,
                    -0.587819, 0.808883, 0.013284, 0.000000,
                    -0.051930,-0.054114, 0.997183, 0.000000,
                    -39.982117,25.864666,-5.638392, 1.000000;;
                  }
                  Frame Armature_WingRing02_L {
                    FrameTransformMatrix {
                      -0.972438,-0.142164, 0.184806, 0.000000,
                      -0.143709, 0.989607, 0.005080, 0.000000,
                      -0.183607,-0.021618,-0.982762, 0.000000,
                      -0.000008,199.690094, 0.000008, 1.000000;;
                    }
                    Frame Armature_WingRing04_L {
                      FrameTransformMatrix {
                         0.959317,-0.279679, 0.038613, 0.000000,
                         0.279406, 0.960093, 0.012408, 0.000000,
                        -0.040543,-0.001115, 0.999177, 0.000000,
                        14.586174,326.020874, 6.447912, 1.000000;;
                      }
                      Frame Armature_WingRing05_L {
                        FrameTransformMatrix {
                          -0.501265,-0.161077,-0.850169, 0.000000,
                          -0.809405,-0.260096, 0.526510, 0.000000,
                          -0.305934, 0.952053, 0.000000, 0.000000,
                          -34.832062,405.853424,-4.218841, 1.000000;;
                        }
                      } // End of Armature_WingRing05_L
                    } // End of Armature_WingRing04_L
                  } // End of Armature_WingRing02_L
                } // End of Armature_WingRing01_L
              } // End of Armature_Wing03_L
              Frame Armature_WingThumb01_L {
                FrameTransformMatrix {
                   0.009964,-0.000785,-0.000338, 0.000000,
                  -0.000797,-0.009962,-0.000354, 0.000000,
                  -0.000309, 0.000380,-0.009988, 0.000000,
                  -68.428268,-166.734695,-0.990532, 1.000000;;
                }
              } // End of Armature_WingThumb01_L
            } // End of Armature_Wing02_L
          } // End of Armature_Wing01_L
          Frame Armature_Wing01_R {
            FrameTransformMatrix {
               0.372437,-0.631347,-0.680214, 0.000000,
              -0.048899,-0.745276, 0.664961, 0.000000,
              -0.926768,-0.214394,-0.308440, 0.000000,
              -56.105988,20.234140,89.395622, 1.000000;;
            }
            Frame Armature_Wing02_R {
              FrameTransformMatrix {
                -0.107310, 0.993959,-0.023032, 0.000000,
                -0.993936,-0.107809,-0.021655, 0.000000,
                -0.024008, 0.020569, 0.999500, 0.000000,
                 0.000008,299.244202, 0.000010, 1.000000;;
              }
              Frame Armature_Wing03_R {
                FrameTransformMatrix {
                   0.852531,-0.514735, 0.090764, 0.000000,
                   0.490093, 0.847594, 0.203455, 0.000000,
                  -0.181657,-0.128969, 0.974868, 0.000000,
                  -0.000031,468.654907, 0.000027, 1.000000;;
                }
                Frame Armature_WingIndex01_R {
                  FrameTransformMatrix {
                     0.995874, 0.090720,-0.002353, 0.000000,
                    -0.090713, 0.995873, 0.002945, 0.000000,
                     0.002611,-0.002719, 0.999993, 0.000000,
                    -0.000013,40.398029,-0.000011, 1.000000;;
                  }
                  Frame Armature_WingIndex02_R {
                    FrameTransformMatrix {
                       0.957453,-0.284947, 0.045705, 0.000000,
                       0.286241, 0.957840,-0.024701, 0.000000,
                      -0.036740, 0.036733, 0.998650, 0.000000,
                       0.000029,209.265228,-0.000023, 1.000000;;
                    }
                    Frame Armature_WingIndex03_R {
                      FrameTransformMatrix {
                         0.479598,-0.259205,-0.838331, 0.000000,
                         0.737510,-0.398595, 0.545162, 0.000000,
                        -0.475463,-0.879736, 0.000001, 0.000000,
                         0.000019,228.364456, 0.000038, 1.000000;;
                      }
                    } // End of Armature_WingIndex03_R
                  } // End of Armature_WingIndex02_R
                } // End of Armature_WingIndex01_R
                Frame Armature_WingMiddle01_R {
                  FrameTransformMatrix {
                     0.940215,-0.340295,-0.013984, 0.000000,
                     0.340411, 0.940251, 0.006904, 0.000000,
                     0.010799,-0.011251, 0.999878, 0.000000,
                    18.335300,37.623688,-3.888893, 1.000000;;
                  }
                  Frame Armature_WingMiddle02_R {
                    FrameTransformMatrix {
                       0.992900,-0.117831, 0.016295, 0.000000,
                       0.117912, 0.993016,-0.004139, 0.000000,
                      -0.015694, 0.006031, 0.999859, 0.000000,
                       0.000021,205.206146,-0.000038, 1.000000;;
                    }
                    Frame Armature_WingMiddle04_R {
                      FrameTransformMatrix {
                        -0.946811, 0.303651,-0.106511, 0.000000,
                         0.304716, 0.952421, 0.006531, 0.000000,
                         0.103426,-0.026272,-0.994290, 0.000000,
                         4.796539,414.726318,-2.164341, 1.000000;;
                      }
                      Frame Armature_WingMiddle05_R {
                        FrameTransformMatrix {
                          -0.493050, 0.030231, 0.869476, 0.000000,
                          -0.867846, 0.053212,-0.493976, 0.000000,
                          -0.061200,-0.998126,-0.000000, 0.000000,
                          16.053192,498.297455,-4.424009, 1.000000;;
                        }
                      } // End of Armature_WingMiddle05_R
                    } // End of Armature_WingMiddle04_R
                  } // End of Armature_WingMiddle02_R
                } // End of Armature_WingMiddle01_R
                Frame Armature_WingPinky01_R {
                  FrameTransformMatrix {
                    -0.541666, 0.835749,-0.090117, 0.000000,
                     0.838189, 0.545107, 0.017236, 0.000000,
                     0.063528,-0.066199,-0.995782, 0.000000,
                    61.174282,16.226749,-8.790701, 1.000000;;
                  }
                  Frame Armature_WingPinky02_R {
                    FrameTransformMatrix {
                       0.977515, 0.197936,-0.072710, 0.000000,
                      -0.195878, 0.980022, 0.034484, 0.000000,
                       0.078083,-0.019466, 0.996757, 0.000000,
                      -0.000031,195.337738,-0.000005, 1.000000;;
                    }
                    Frame Armature_WingPinky04_R {
                      FrameTransformMatrix {
                         0.969580, 0.244773,-0.001310, 0.000000,
                        -0.244772, 0.969580, 0.001081, 0.000000,
                         0.001535,-0.000728, 0.999999, 0.000000,
                        -9.829575,246.306580, 2.711382, 1.000000;;
                      }
                      Frame Armature_WingPinky05_R {
                        FrameTransformMatrix {
                          -0.445037, 0.367399, 0.816676, 0.000000,
                          -0.629793, 0.519924,-0.577096, 0.000000,
                          -0.636634,-0.771166,-0.000000, 0.000000,
                          21.847794,285.742218,-7.185307, 1.000000;;
                        }
                      } // End of Armature_WingPinky05_R
                    } // End of Armature_WingPinky04_R
                  } // End of Armature_WingPinky02_R
                } // End of Armature_WingPinky01_R
                Frame Armature_WingRing01_R {
                  FrameTransformMatrix {
                     0.807150,-0.585712,-0.073829, 0.000000,
                     0.588058, 0.808710, 0.013262, 0.000000,
                     0.051939,-0.054120, 0.997183, 0.000000,
                    39.982014,25.864510,-5.638586, 1.000000;;
                  }
                  Frame Armature_WingRing02_R {
                    FrameTransformMatrix {
                      -0.972431, 0.142168,-0.184844, 0.000000,
                       0.143713, 0.989606, 0.005081, 0.000000,
                       0.183645,-0.021624,-0.982755, 0.000000,
                       0.000031,199.690399,-0.000013, 1.000000;;
                    }
                    Frame Armature_WingRing04_R {
                      FrameTransformMatrix {
                         0.959316, 0.279678,-0.038642, 0.000000,
                        -0.279405, 0.960093, 0.012417, 0.000000,
                         0.040573,-0.001115, 0.999176, 0.000000,
                        -13.788952,362.526001, 6.754223, 1.000000;;
                      }
                      Frame Armature_WingRing05_R {
                        FrameTransformMatrix {
                          -0.501262, 0.161076, 0.850171, 0.000000,
                          -0.809408, 0.260096,-0.526506, 0.000000,
                          -0.305934,-0.952053,-0.000000, 0.000000,
                          23.868973,371.023743,-4.515463, 1.000000;;
                        }
                      } // End of Armature_WingRing05_R
                    } // End of Armature_WingRing04_R
                  } // End of Armature_WingRing02_R
                } // End of Armature_WingRing01_R
              } // End of Armature_Wing03_R
              Frame Armature_WingThumb01_R {
                FrameTransformMatrix {
                   0.009964, 0.000785, 0.000338, 0.000000,
                   0.000797,-0.009962,-0.000354, 0.000000,
                   0.000309, 0.000380,-0.009988, 0.000000,
                  66.790146,-164.854355,-1.136261, 1.000000;;
                }
              } // End of Armature_WingThumb01_R
            } // End of Armature_Wing02_R
          } // End of Armature_Wing01_R
        } // End of Armature_Spine02
      } // End of Armature_Spine01
      Frame Armature_UpperLeg_L {
        FrameTransformMatrix {
           0.008640, 0.190372,-0.981674, 0.000000,
          -0.998770, 0.049566, 0.000821, 0.000000,
           0.048814, 0.980460, 0.190567, 0.000000,
           6.620102,85.229698,-42.187725, 1.000000;;
        }
        Frame Armature_LowerLeg_L {
          FrameTransformMatrix {
             0.718220,-0.695758,-0.009016, 0.000000,
             0.683073, 0.707476,-0.181356, 0.000000,
             0.132559, 0.124095, 0.983376, 0.000000,
             0.000006,179.437607,-0.000008, 1.000000;;
          }
          Frame Armature_Feet_L {
            FrameTransformMatrix {
               0.772554,-0.631173,-0.069139, 0.000000,
               0.630309, 0.749208, 0.203465, 0.000000,
              -0.076622,-0.200767, 0.976638, 0.000000,
              -0.000036,155.874435, 0.000000, 1.000000;;
            }
            Frame Armature_IndexToe01_L {
              FrameTransformMatrix {
                 0.365697, 0.894739,-0.256336, 0.000000,
                -0.930717, 0.353207,-0.094924, 0.000000,
                 0.005607, 0.273290, 0.961915, 0.000000,
                -3.430785,25.755131,-25.501068, 1.000000;;
              }
              Frame Armature_IndexToe02_L {
                FrameTransformMatrix {
                   0.267549, 0.963296, 0.021893, 0.000000,
                  -0.963544, 0.267480, 0.006079, 0.000000,
                  -0.000000,-0.022721, 0.999742, 0.000000,
                  -2.437472,28.115870,-0.142580, 1.000000;;
                }
                Frame Armature_IndexToe03_L {
                  FrameTransformMatrix {
                     1.000000,-0.000000, 0.000000, 0.000000,
                    -0.000000, 0.573462, 0.819232, 0.000000,
                    -0.000001,-0.819232, 0.573462, 0.000000,
                    -0.282480,27.569706,-1.050721, 1.000000;;
                  }
                } // End of Armature_IndexToe03_L
              } // End of Armature_IndexToe02_L
            } // End of Armature_IndexToe01_L
            Frame Armature_MiddleToe01_L {
              FrameTransformMatrix {
                 0.371982, 0.923026, 0.098242, 0.000000,
                -0.927445, 0.365196, 0.080486, 0.000000,
                 0.038413,-0.121054, 0.991903, 0.000000,
                -3.218695,31.106075,-5.303357, 1.000000;;
              }
              Frame Armature_MiddleToe02_L {
                FrameTransformMatrix {
                   0.052549, 0.998360, 0.022690, 0.000000,
                  -0.998618, 0.052536, 0.001194, 0.000000,
                   0.000000,-0.022721, 0.999742, 0.000000,
                   0.028393,36.646255, 0.243309, 1.000000;;
                }
                Frame Armature_MiddleToe03_L {
                  FrameTransformMatrix {
                     1.000000,-0.000001,-0.000001, 0.000000,
                     0.000002, 0.573462, 0.819232, 0.000000,
                    -0.000000,-0.819232, 0.573462, 0.000000,
                    -0.189629,32.270279,-0.938959, 1.000000;;
                  }
                } // End of Armature_MiddleToe03_L
              } // End of Armature_MiddleToe02_L
            } // End of Armature_MiddleToe01_L
            Frame Armature_PinkyToe01_L {
              FrameTransformMatrix {
                 0.327975, 0.859852, 0.391264, 0.000000,
                -0.944640, 0.294401, 0.144856, 0.000000,
                 0.009366,-0.417113, 0.908807, 0.000000,
                -7.263660,23.997845,14.883976, 1.000000;;
              }
              Frame Armature_PinkyToe02_L {
                FrameTransformMatrix {
