xof 0303txt 0032

template XSkinMeshHeader {
  <3cf169ce-ff7c-44ab-93c0-f78f62d172e2>
  WORD nMaxSkinWeightsPerVertex;
  WORD nMaxSkinWeightsPerFace;
  WORD nBones;
}

template SkinWeights {
  <6f0d123b-bad2-4167-a0d0-80224f25fabb>
  STRING transformNodeName;
  DWORD nWeights;
  array DWORD vertexIndices[nWeights];
  array float weights[nWeights];
  Matrix4x4 matrixOffset;
}

Frame Root {
  FrameTransformMatrix {
     1.000000, 0.000000, 0.000000, 0.000000,
     0.000000,-0.000000,-1.000000, 0.000000,
     0.000000, 1.000000,-0.000000, 0.000000,
     0.000000, 0.000000, 0.000000, 1.000000;;
  }
  Frame Armature {
    FrameTransformMatrix {
       1.000000, 0.000000, 0.000000, 0.000000,
       0.000000,-0.000000, 1.000000, 0.000000,
       0.000000,-1.000000,-0.000000, 0.000000,
       0.000000, 0.000000,-800.000000, 1.000000;;
    }
    Frame Armature_Root {
      FrameTransformMatrix {
        -0.000000,-0.069449, 0.997586, 0.000000,
         1.000000,-0.000000, 0.000000, 0.000000,
         0.000000, 0.997586, 0.069449, 0.000000,
        -0.000000,1023.438110,-115.898201, 1.000000;;
      }
      Frame Armature_Spine01 {
        FrameTransformMatrix {
           0.095534,-0.000000, 0.995426, 0.000000,
           0.995426, 0.000000,-0.095534, 0.000000,
          -0.000000, 1.000000, 0.000000, 0.000000,
          97.524040,-0.000000, 0.000004, 1.000000;;
        }
        Frame Armature_Spine02 {
          FrameTransformMatrix {
            -0.992317, 0.123717,-0.000001, 0.000000,
             0.123717, 0.992317,-0.000000, 0.000000,
             0.000001,-0.000000,-1.000000, 0.000000,
             0.000017,114.438339,-0.000000, 1.000000;;
          }
          Frame Armature_Chest {
            FrameTransformMatrix {
              -0.810514, 0.585719,-0.000000, 0.000000,
               0.585719, 0.810515,-0.000000, 0.000000,
              -0.000000,-0.000000,-1.000000, 0.000000,
               0.000061,127.459358, 0.000000, 1.000000;;
            }
            Frame Armature_Neck01 {
              FrameTransformMatrix {
                 0.937243,-0.348676,-0.000000, 0.000000,
                 0.348676, 0.937243,-0.000000, 0.000000,
                 0.000000, 0.000000, 1.000000, 0.000000,
                 0.000000,126.849594, 0.000002, 1.000000;;
              }
              Frame Armature_Neck02 {
                FrameTransformMatrix {
                   0.952773,-0.303683,-0.000000, 0.000000,
                   0.303683, 0.952773,-0.000000, 0.000000,
                   0.000000,-0.000000, 1.000000, 0.000000,
                  -0.000031,122.347351,-0.000000, 1.000000;;
                }
                Frame Armature_Neck03 {
                  FrameTransformMatrix {
                     0.983423,-0.181327, 0.000000, 0.000000,
                     0.181327, 0.983423, 0.000000, 0.000000,
                    -0.000000, 0.000000, 1.000000, 0.000000,
                     0.000050,112.527107,-0.000001, 1.000000;;
                  }
                  Frame Armature_Head {
                    FrameTransformMatrix {
                       0.000000, 0.000000, 1.000000, 0.000000,
                      -0.350765, 0.936463,-0.000000, 0.000000,
                      -0.936463,-0.350765, 0.000000, 0.000000,
                      -0.000061,105.244034,-0.000000, 1.000000;;
                    }
                    Frame Armature_Eye_L {
                      FrameTransformMatrix {
                         1.000000, 0.000000, 0.000000, 0.000000,
                        -0.000000, 1.000000, 0.000000, 0.000000,
                        -0.000000,-0.000000, 1.000000, 0.000000,
                        34.315453,64.830818,-31.983620, 1.000000;;
                      }
                    } // End of Armature_Eye_L
                    Frame Armature_Eye_R {
                      FrameTransformMatrix {
                         1.000000,-0.000000, 0.000000, 0.000000,
                         0.000000,-1.000000,-0.000000, 0.000000,
                         0.000000, 0.000000,-1.000000, 0.000000,
                        -34.315403,64.831245,-31.984062, 1.000000;;
                      }
                    } // End of Armature_Eye_R
                    Frame Armature_Eye_Under_L {
                      FrameTransformMatrix {
                         1.000000,-0.000000, 0.000000, 0.000000,
                         0.000000, 1.000000, 0.000000, 0.000000,
                        -0.000000,-0.000000, 1.000000, 0.000000,
                        38.478439,70.034798,-12.224497, 1.000000;;
                      }
                    } // End of Armature_Eye_Under_L
                    Frame Armature_Eye_Under_R {
                      FrameTransformMatrix {
                         1.000000,-0.000000, 0.000000, 0.000000,
                         0.000000,-1.000000,-0.000000, 0.000000,
                         0.000000, 0.000000,-1.000000, 0.000000,
                        -38.478401,70.035271,-12.224051, 1.000000;;
                      }
                    } // End of Armature_Eye_Under_R
                    Frame Armature_Jaw01 {
                      FrameTransformMatrix {
                        -0.000000, 0.124975, 0.992160, 0.000000,
                         0.000000, 0.992160,-0.124975, 0.000000,
                        -1.000000, 0.000000,-0.000000, 0.000000,
                         0.000000,77.713959,41.943695, 1.000000;;
                      }
                      Frame Armature_Jaw02 {
                        FrameTransformMatrix {
                          -0.778932,-0.627109,-0.000001, 0.000000,
                           0.000001, 0.000000,-1.000000, 0.000000,
                           0.627109,-0.778932, 0.000000, 0.000000,
                          -0.000015,131.770660, 0.000000, 1.000000;;
                        }
                      } // End of Armature_Jaw02
                    } // End of Armature_Jaw01
                    Frame Armature_Tongue01 {
                      FrameTransformMatrix {
                        -0.000003,-0.065750, 0.997836, 0.000000,
                         0.000000, 0.997836, 0.065750, 0.000000,
                        -1.000000, 0.000000,-0.000003, 0.000000,
                        -0.000002,31.775009,21.651558, 1.000000;;
                      }
                      Frame Armature_Tongue02 {
                        FrameTransformMatrix {
                           0.999323,-0.036778,-0.000000, 0.000000,
                           0.036778, 0.999323,-0.000000, 0.000000,
                           0.000000, 0.000000, 1.000000, 0.000000,
                          -0.000031,53.170059,-0.000000, 1.000000;;
                        }
                        Frame Armature_Tongue03 {
                          FrameTransformMatrix {
                             0.999072,-0.043065, 0.000000, 0.000000,
                             0.043065, 0.999072,-0.000000, 0.000000,
                            -0.000000, 0.000000, 1.000000, 0.000000,
                             0.000031,46.743301,-0.000000, 1.000000;;
                          }
                          Frame Armature_Tongue04 {
                            FrameTransformMatrix {
                              -0.962206,-0.272321,-0.000001, 0.000000,
                              -0.000000, 0.000003,-1.000000, 0.000000,
                               0.272321,-0.962206,-0.000003, 0.000000,
                               0.000061,54.004089, 0.000000, 1.000000;;
                            }
                          } // End of Armature_Tongue04
                        } // End of Armature_Tongue03
                      } // End of Armature_Tongue02
                    } // End of Armature_Tongue01
                    Frame Armature_UpperMouth01 {
                      FrameTransformMatrix {
                        -0.000003, 0.094765,-0.995500, 0.000000,
                         0.000001, 0.995500, 0.094765, 0.000000,
                         1.000000,-0.000000,-0.000003, 0.000000,
                         0.000001,97.247803,-15.644104, 1.000000;;
                      }
                      Frame Armature_UpperMouth02 {
                        FrameTransformMatrix {
                           0.995692, 0.092716, 0.000000, 0.000000,
                          -0.000000, 0.000002, 1.000000, 0.000000,
                           0.092716,-0.995692, 0.000002, 0.000000,
                          -0.000046,97.058762,-0.000000, 1.000000;;
                        }
                      } // End of Armature_UpperMouth02
                    } // End of Armature_UpperMouth01
                  } // End of Armature_Head
                } // End of Armature_Neck03
              } // End of Armature_Neck02
            } // End of Armature_Neck01
            Frame Armature_UpperArm_L {
              FrameTransformMatrix {
                -0.288130, 0.422404, 0.859393, 0.000000,
                -0.558452,-0.803157, 0.207531, 0.000000,
                 0.777889,-0.420134, 0.467306, 0.000000,
                -32.905891,-19.313257,82.735832, 1.000000;;
              }
              Frame Armature_LowerArm_L {
                FrameTransformMatrix {
                   0.985956, 0.089001, 0.141312, 0.000000,
                   0.025820, 0.754750,-0.655503, 0.000000,
                  -0.164995, 0.649947, 0.741853, 0.000000,
                   0.000010,176.291092, 0.000028, 1.000000;;
                }
                Frame Armature_Hand_L {
                  FrameTransformMatrix {
                    -0.069571,-0.986206,-0.150194, 0.000000,
                     0.652124, 0.068974,-0.754968, 0.000000,
                     0.754913,-0.150469, 0.638330, 0.000000,
                    -0.000001,171.877686, 0.000011, 1.000000;;
                  }
                  Frame Armature_Index01_L {
                    FrameTransformMatrix {
                       0.373203, 0.873674,-0.312109, 0.000000,
                      -0.927228, 0.362526,-0.093925, 0.000000,
                       0.031088, 0.324450, 0.945392, 0.000000,
                      -5.378058,55.339180,-24.943453, 1.000000;;
                    }
                    Frame Armature_Index02_L {
                      FrameTransformMatrix {
                         0.168486, 0.985645,-0.010832, 0.000000,
                        -0.983218, 0.168830, 0.069135, 0.000000,
                         0.069972,-0.000998, 0.997548, 0.000000,
                        -2.207292,39.770699,-0.317745, 1.000000;;
                      }
                      Frame Armature_Index03_L {
                        FrameTransformMatrix {
                           1.000000, 0.000000,-0.000000, 0.000000,
                          -0.000000, 0.573462, 0.819232, 0.000000,
                           0.000000,-0.819232, 0.573462, 0.000000,
                          -0.282424,27.569740,-1.050718, 1.000000;;
                        }
                      } // End of Armature_Index03_L
                    } // End of Armature_Index02_L
                  } // End of Armature_Index01_L
                  Frame Armature_Middle01_L {
                    FrameTransformMatrix {
                       0.259018, 0.938881, 0.226741, 0.000000,
                      -0.963432, 0.267820,-0.008404, 0.000000,
                      -0.068616,-0.216273, 0.973919, 0.000000,
                      -5.274522,61.946529, 2.297096, 1.000000;;
                    }
                    Frame Armature_Middle02_L {
                      FrameTransformMatrix {
                         0.193655, 0.951867,-0.237587, 0.000000,
                        -0.908751, 0.265296, 0.322164, 0.000000,
                         0.369688, 0.153519, 0.916386, 0.000000,
                         0.726936,43.116928, 0.768574, 1.000000;;
                      }
                      Frame Armature_Middle3_L {
                        FrameTransformMatrix {
                           1.000000,-0.000000,-0.000000, 0.000000,
                           0.000000, 0.573463, 0.819232, 0.000000,
                           0.000000,-0.819232, 0.573463, 0.000000,
                          -0.189604,32.270264,-0.938953, 1.000000;;
                        }
                      } // End of Armature_Middle3_L
                    } // End of Armature_Middle02_L
                  } // End of Armature_Middle01_L
                  Frame Armature_Pinky01_L {
                    FrameTransformMatrix {
                       0.260831, 0.940235, 0.218921, 0.000000,
                      -0.965375, 0.253047, 0.063387, 0.000000,
                       0.004202,-0.227874, 0.973682, 0.000000,
                      -9.550691,54.728966,28.829393, 1.000000;;
                    }
                    Frame Armature_Pinky02_L {
                      FrameTransformMatrix {
                         0.218153, 0.975663, 0.022175, 0.000000,
                        -0.975915, 0.218096, 0.004956, 0.000000,
                        -0.000000,-0.022722, 0.999742, 0.000000,
                         0.112968,39.613987, 0.562931, 1.000000;;
                      }
                      Frame Armature_Pinky03_L {
                        FrameTransformMatrix {
                           1.000000,-0.000001,-0.000000, 0.000000,
                           0.000001, 0.573463, 0.819231, 0.000000,
                          -0.000000,-0.819231, 0.573463, 0.000000,
                          -0.189610,32.270256,-0.939045, 1.000000;;
                        }
                      } // End of Armature_Pinky03_L
                    } // End of Armature_Pinky02_L
                  } // End of Armature_Pinky01_L
                  Frame Armature_Thumb01_L {
                    FrameTransformMatrix {
                       0.060805,-0.993670, 0.094463, 0.000000,
                      -0.998125,-0.061190,-0.001169, 0.000000,
                       0.006948,-0.094215,-0.995513, 0.000000,
                      -12.599347,-25.391666, 3.054302, 1.000000;;
                    }
                    Frame Armature_Thumb02_L {
                      FrameTransformMatrix {
                         1.000000,-0.000000, 0.000000, 0.000000,
                         0.000000, 0.999742, 0.022722, 0.000000,
                        -0.000000,-0.022722, 0.999742, 0.000000,
                        -1.729788,36.610012, 0.235092, 1.000000;;
                      }
                    } // End of Armature_Thumb02_L
                  } // End of Armature_Thumb01_L
                } // End of Armature_Hand_L
              } // End of Armature_LowerArm_L
            } // End of Armature_UpperArm_L
            Frame Armature_UpperArm_R {
              FrameTransformMatrix {
                -0.204864, 0.411976,-0.887866, 0.000000,
                -0.618816,-0.757327,-0.208621, 0.000000,
                -0.758351, 0.506688, 0.410086, 0.000000,
                -32.906044,-19.313147,-82.735802, 1.000000;;
              }
              Frame Armature_RowerArm_R {
                FrameTransformMatrix {
                   0.980308, 0.066343,-0.185998, 0.000000,
                   0.037348, 0.862591, 0.504521, 0.000000,
                   0.193912,-0.501533, 0.843127, 0.000000,
                   0.000031,176.291275, 0.000040, 1.000000;;
                }
                Frame Armature_Hand_R {
                  FrameTransformMatrix {
                     0.093095,-0.994372, 0.050564, 0.000000,
                     0.570785, 0.094911, 0.815595, 0.000000,
                    -0.815805,-0.047067, 0.576409, 0.000000,
                     0.000019,171.877304,-0.000011, 1.000000;;
                  }
                  Frame Armature_Index01_R {
                    FrameTransformMatrix {
                       0.200282, 0.928924, 0.311427, 0.000000,
                      -0.978252, 0.207110, 0.011354, 0.000000,
                      -0.053953,-0.306928, 0.950202, 0.000000,
                      -4.365419,56.017754,23.587967, 1.000000;;
                    }
                    Frame Armature_Index02_R {
                      FrameTransformMatrix {
                         0.286035, 0.957113,-0.046031, 0.000000,
                        -0.958211, 0.285500,-0.017939, 0.000000,
                        -0.004028, 0.049239, 0.998779, 0.000000,
                         0.922186,39.822735,-0.089599, 1.000000;;
                      }
                      Frame Armature_Index03_R {
                        FrameTransformMatrix {
                          -0.998719, 0.050615,-0.000000, 0.000000,
                          -0.029026,-0.572727, 0.819231, 0.000000,
                           0.041465, 0.818181, 0.573463, 0.000000,
                           1.113409,27.548399, 1.050558, 1.000000;;
                        }
                      } // End of Armature_Index03_R
                    } // End of Armature_Index02_R
                  } // End of Armature_Index01_R
                  Frame Armature_Middle01_R {
                    FrameTransformMatrix {
                       0.313094, 0.947717, 0.061686, 0.000000,
                      -0.946532, 0.316703,-0.061454, 0.000000,
                      -0.077777,-0.039147, 0.996202, 0.000000,
                      -2.675705,62.042595,-3.734680, 1.000000;;
                    }
                    Frame Armature_Middle02_R {
                      FrameTransformMatrix {
                         0.280682, 0.958953,-0.040336, 0.000000,
                        -0.956341, 0.282988, 0.073003, 0.000000,
                         0.081422, 0.018085, 0.996516, 0.000000,
                        -0.485401,43.120701,-0.768944, 1.000000;;
                      }
                      Frame Armature_Middle3_R {
                        FrameTransformMatrix {
                          -0.996632,-0.004223,-0.081897, 0.000000,
                          -0.065008,-0.568093, 0.820393, 0.000000,
                          -0.049990, 0.822954, 0.565904, 0.000000,
                          -0.384449,32.275028, 0.699846, 1.000000;;
                        }
                      } // End of Armature_Middle3_R
                    } // End of Armature_Middle02_R
                  } // End of Armature_Middle01_R
                  Frame Armature_Pinky01_R {
                    FrameTransformMatrix {
                       0.285678, 0.923029,-0.257692, 0.000000,
                      -0.956701, 0.259037,-0.132755, 0.000000,
                      -0.055785, 0.284459, 0.957064, 0.000000,
                      -5.944189,54.442371,-30.303307, 1.000000;;
                    }
                    Frame Armature_Pinky02_R {
                      FrameTransformMatrix {
                         0.214354, 0.976229, 0.032082, 0.000000,
                        -0.976756, 0.214239, 0.007040, 0.000000,
                        -0.000000,-0.032845, 0.999460, 0.000000,
                        -1.077995,39.593849, 0.897129, 1.000000;;
                      }
                      Frame Armature_Pinky03_R {
                        FrameTransformMatrix {
                           1.000000, 0.000000,-0.000001, 0.000000,
                           0.000001,-0.523352, 0.852117, 0.000000,
                          -0.000000,-0.852117,-0.523352, 0.000000,
                          -1.148785,32.262306, 0.339642, 1.000000;;
                        }
                      } // End of Armature_Pinky03_R
                    } // End of Armature_Pinky02_R
                  } // End of Armature_Pinky01_R
                  Frame Armature_Thumb01_R {
                    FrameTransformMatrix {
                       0.002460,-0.997295,-0.073463, 0.000000,
                      -0.998983, 0.000869,-0.045206, 0.000000,
                       0.045154, 0.073498,-0.996275, 0.000000,
                      -13.441528,-24.940048,-3.187923, 1.000000;;
                    }
                    Frame Armature_Thumb02_R {
                      FrameTransformMatrix {
                        -0.996214, 0.086926, 0.000000, 0.000000,
                        -0.086904,-0.995957, 0.022722, 0.000000,
                         0.001975, 0.022636, 0.999742, 0.000000,
                         1.459076,36.621090,-0.234909, 1.000000;;
                      }
                    } // End of Armature_Thumb02_R
                  } // End of Armature_Thumb01_R
                } // End of Armature_Hand_R
              } // End of Armature_RowerArm_R
            } // End of Armature_UpperArm_R
          } // End of Armature_Chest
          Frame Armature_Wing01_L {
            FrameTransformMatrix {
              -0.338898, 0.638832,-0.690682, 0.000000,
              -0.112019,-0.756302,-0.644561, 0.000000,
              -0.934130,-0.141071, 0.327871, 0.000000,
              -56.105621,20.234095,-89.395523, 1.000000;;
            }
            Frame Armature_Wing02_L {
              FrameTransformMatrix {
                -0.107309,-0.993959, 0.023035, 0.000000,
                 0.993936,-0.107808,-0.021658, 0.000000,
                 0.024011, 0.020571, 0.999500, 0.000000,
                -0.000008,299.244049, 0.000036, 1.000000;;
              }
              Frame Armature_Wing03_L {
                FrameTransformMatrix {
                   0.817613, 0.568123,-0.093519, 0.000000,
                  -0.545989, 0.816589, 0.187292, 0.000000,
                   0.182772,-0.102072, 0.977842, 0.000000,
                  -0.000015,468.655212, 0.000065, 1.000000;;
                }
                Frame Armature_WingIndex01_L {
                  FrameTransformMatrix {
                     0.995838,-0.091110, 0.002345, 0.000000,
                     0.091103, 0.995837, 0.002939, 0.000000,
                    -0.002603,-0.002713, 0.999993, 0.000000,
                     0.000080,40.398296,-0.000189, 1.000000;;
                  }
                  Frame Armature_WingIndex02_L {
                    FrameTransformMatrix {
                       0.957455, 0.284942,-0.045698, 0.000000,
                      -0.286235, 0.957841,-0.024698, 0.000000,
                       0.036734, 0.036728, 0.998650, 0.000000,
                      -0.000069,209.264404, 0.000015, 1.000000;;
                    }
                    Frame Armature_WingIndex03_L {
                      FrameTransformMatrix {
                         0.479600, 0.259207, 0.838329, 0.000000,
                         0.737507, 0.398596,-0.545165, 0.000000,
                        -0.475466, 0.879735,-0.000000, 0.000000,
                         0.000049,228.365158,-0.000033, 1.000000;;
                      }
                    } // End of Armature_WingIndex03_L
                  } // End of Armature_WingIndex02_L
                } // End of Armature_WingIndex01_L
                Frame Armature_WingMiddle01_L {
                  FrameTransformMatrix {
                     0.940140, 0.340501, 0.013979, 0.000000,
                    -0.340617, 0.940177, 0.006899, 0.000000,
                    -0.010793,-0.011248, 0.999879, 0.000000,
                    -18.335491,37.623650,-3.889006, 1.000000;;
                  }
                  Frame Armature_WingMiddle02_L {
                    FrameTransformMatrix {
                       0.992900, 0.117832,-0.016289, 0.000000,
                      -0.117913, 0.993015,-0.004137, 0.000000,
                       0.015688, 0.006029, 0.999859, 0.000000,
                       0.000053,205.206406, 0.000149, 1.000000;;
                    }
                    Frame Armature_WingMiddle04_L {
                      FrameTransformMatrix {
                        -0.946809,-0.303649, 0.106535, 0.000000,
                        -0.304713, 0.952422, 0.006532, 0.000000,
                        -0.103450,-0.026278,-0.994287, 0.000000,
                        -7.270264,370.676147,-3.474385, 1.000000;;
                      }
                      Frame Armature_WingMiddle05_L {
                        FrameTransformMatrix {
                          -0.493034,-0.030230,-0.869485, 0.000000,
                          -0.867855,-0.053211, 0.493960, 0.000000,
                          -0.061199, 0.998126,-0.000000, 0.000000,
                          -31.631241,539.507263,-7.139670, 1.000000;;
                        }
                      } // End of Armature_WingMiddle05_L
                    } // End of Armature_WingMiddle04_L
                  } // End of Armature_WingMiddle02_L
                } // End of Armature_WingMiddle01_L
                Frame Armature_WingPinky01_L {
                  FrameTransformMatrix {
                    -0.541469,-0.835877, 0.090120, 0.000000,
                    -0.838317, 0.544910, 0.017259, 0.000000,
                    -0.063534,-0.066204,-0.995781, 0.000000,
                    -61.174282,16.226593,-8.790491, 1.000000;;
                  }
                  Frame Armature_WingPinky02_L {
                    FrameTransformMatrix {
                       0.977515,-0.197933, 0.072713, 0.000000,
                       0.195876, 0.980022, 0.034484, 0.000000,
                      -0.078086,-0.019466, 0.996756, 0.000000,
                      -0.000021,195.337570,-0.000003, 1.000000;;
                    }
                    Frame Armature_WingPinky04_L {
                      FrameTransformMatrix {
                         0.969579,-0.244774, 0.001311, 0.000000,
                         0.244773, 0.969580, 0.001083, 0.000000,
                        -0.001536,-0.000729, 0.999999, 0.000000,
                         0.229149,253.069778, 3.635164, 1.000000;;
                      }
                      Frame Armature_WingPinky05_L {
                        FrameTransformMatrix {
                          -0.445037,-0.367401,-0.816675, 0.000000,
                          -0.629791,-0.519924, 0.577098, 0.000000,
                          -0.636636, 0.771165,-0.000000, 0.000000,
                          -10.885757,281.533752,-8.118973, 1.000000;;
                        }
                      } // End of Armature_WingPinky05_L
                    } // End of Armature_WingPinky04_L
                  } // End of Armature_WingPinky02_L
                } // End of Armature_WingPinky01_L
                Frame Armature_WingRing01_L {
                  FrameTransformMatrix {
                     0.807324, 0.585474, 0.073815, 0.000000,
                    -0.587819, 0.808883, 0.013284, 0.000000,
                    -0.051930,-0.054114, 0.997184, 0.000000,
                    -39.982090,25.864578,-5.638555, 1.000000;;
                  }
                  Frame Armature_WingRing02_L {
                    FrameTransformMatrix {
                      -0.972438,-0.142164, 0.184806, 0.000000,
                      -0.143709, 0.989607, 0.005080, 0.000000,
                      -0.183607,-0.021618,-0.982762, 0.000000,
                      -0.000023,199.689972,-0.000042, 1.000000;;
                    }
                    Frame Armature_WingRing04_L {
                      FrameTransformMatrix {
                         0.959317,-0.279679, 0.038613, 0.000000,
                         0.279406, 0.960093, 0.012408, 0.000000,
                        -0.040543,-0.001115, 0.999177, 0.000000,
                        14.586193,326.020752, 6.448035, 1.000000;;
                      }
                      Frame Armature_WingRing05_L {
                        FrameTransformMatrix {
                          -0.501265,-0.161077,-0.850169, 0.000000,
                          -0.809405,-0.260096, 0.526510, 0.000000,
                          -0.305934, 0.952053,-0.000000, 0.000000,
                          -34.831909,405.853302,-4.218775, 1.000000;;
                        }
                      } // End of Armature_WingRing05_L
                    } // End of Armature_WingRing04_L
                  } // End of Armature_WingRing02_L
                } // End of Armature_WingRing01_L
              } // End of Armature_Wing03_L
              Frame Armature_WingThumb01_L {
                FrameTransformMatrix {
                   0.009963,-0.000785,-0.000337, 0.000000,
                  -0.000797,-0.009962,-0.000354, 0.000000,
                  -0.000308, 0.000380,-0.009988, 0.000000,
                  -68.427841,-166.734863,-0.991009, 1.000000;;
                }
              } // End of Armature_WingThumb01_L
            } // End of Armature_Wing02_L
          } // End of Armature_Wing01_L
          Frame Armature_Wing01_R {
            FrameTransformMatrix {
               0.372437,-0.631347,-0.680214, 0.000000,
              -0.048899,-0.745276, 0.664961, 0.000000,
              -0.926769,-0.214394,-0.308440, 0.000000,
              -56.105911,20.234144,89.395615, 1.000000;;
            }
            Frame Armature_Wing02_R {
              FrameTransformMatrix {
                -0.107309, 0.993959,-0.023032, 0.000000,
                -0.993936,-0.107809,-0.021656, 0.000000,
                -0.024008, 0.020569, 0.999500, 0.000000,
                -0.000008,299.244171,-0.000010, 1.000000;;
              }
              Frame Armature_Wing03_R {
                FrameTransformMatrix {
                   0.852531,-0.514734, 0.090764, 0.000000,
                   0.490092, 0.847594, 0.203455, 0.000000,
                  -0.181657,-0.128969, 0.974868, 0.000000,
                  -0.000015,468.654938, 0.000019, 1.000000;;
                }
                Frame Armature_WingIndex01_R {
                  FrameTransformMatrix {
                     0.995873, 0.090720,-0.002353, 0.000000,
                    -0.090713, 0.995873, 0.002945, 0.000000,
                     0.002611,-0.002719, 0.999993, 0.000000,
                     0.000017,40.398033,-0.000088, 1.000000;;
                  }
                  Frame Armature_WingIndex02_R {
                    FrameTransformMatrix {
                       0.957453,-0.284947, 0.045705, 0.000000,
                       0.286241, 0.957839,-0.024701, 0.000000,
                      -0.036740, 0.036733, 0.998650, 0.000000,
                       0.000019,209.265228, 0.000031, 1.000000;;
                    }
                    Frame Armature_WingIndex03_R {
                      FrameTransformMatrix {
                         0.479598,-0.259205,-0.838331, 0.000000,
                         0.737510,-0.398595, 0.545161, 0.000000,
                        -0.475463,-0.879736, 0.000001, 0.000000,
                        -0.000031,228.364456,-0.000046, 1.000000;;
                      }
                    } // End of Armature_WingIndex03_R
                  } // End of Armature_WingIndex02_R
                } // End of Armature_WingIndex01_R
                Frame Armature_WingMiddle01_R {
                  FrameTransformMatrix {
                     0.940215,-0.340295,-0.013984, 0.000000,
                     0.340411, 0.940251, 0.006904, 0.000000,
                     0.010799,-0.011251, 0.999878, 0.000000,
                    18.335331,37.623707,-3.888969, 1.000000;;
                  }
                  Frame Armature_WingMiddle02_R {
                    FrameTransformMatrix {
                       0.992900,-0.117831, 0.016295, 0.000000,
                       0.117912, 0.993016,-0.004139, 0.000000,
                      -0.015694, 0.006031, 0.999859, 0.000000,
                       0.000060,205.206116, 0.000000, 1.000000;;
                    }
                    Frame Armature_WingMiddle04_R {
                      FrameTransformMatrix {
                        -0.946811, 0.303651,-0.106511, 0.000000,
                         0.304716, 0.952421, 0.006531, 0.000000,
                         0.103427,-0.026272,-0.994290, 0.000000,
                         4.796509,414.726349,-2.164448, 1.000000;;
                      }
                      Frame Armature_WingMiddle05_R {
                        FrameTransformMatrix {
                          -0.493050, 0.030231, 0.869476, 0.000000,
                          -0.867846, 0.053212,-0.493976, 0.000000,
                          -0.061200,-0.998126,-0.000000, 0.000000,
                          16.053223,498.297882,-4.423992, 1.000000;;
                        }
                      } // End of Armature_WingMiddle05_R
                    } // End of Armature_WingMiddle04_R
                  } // End of Armature_WingMiddle02_R
                } // End of Armature_WingMiddle01_R
                Frame Armature_WingPinky01_R {
                  FrameTransformMatrix {
                    -0.541666, 0.835749,-0.090117, 0.000000,
                     0.838189, 0.545106, 0.017236, 0.000000,
                     0.063528,-0.066199,-0.995782, 0.000000,
                    61.174278,16.226742,-8.790712, 1.000000;;
                  }
                  Frame Armature_WingPinky02_R {
                    FrameTransformMatrix {
                       0.977515, 0.197936,-0.072710, 0.000000,
                      -0.195878, 0.980022, 0.034484, 0.000000,
                       0.078083,-0.019466, 0.996757, 0.000000,
                      -0.000004,195.337708,-0.000015, 1.000000;;
                    }
                    Frame Armature_WingPinky04_R {
                      FrameTransformMatrix {
                         0.969580, 0.244773,-0.001310, 0.000000,
                        -0.244772, 0.969580, 0.001081, 0.000000,
                         0.001535,-0.000728, 0.999999, 0.000000,
                        -9.829559,246.306610, 2.711313, 1.000000;;
                      }
                      Frame Armature_WingPinky05_R {
                        FrameTransformMatrix {
                          -0.445037, 0.367399, 0.816676, 0.000000,
                          -0.629793, 0.519924,-0.577096, 0.000000,
                          -0.636634,-0.771166,-0.000000, 0.000000,
                          21.847778,285.742218,-7.185314, 1.000000;;
                        }
                      } // End of Armature_WingPinky05_R
                    } // End of Armature_WingPinky04_R
                  } // End of Armature_WingPinky02_R
                } // End of Armature_WingPinky01_R
                Frame Armature_WingRing01_R {
                  FrameTransformMatrix {
                     0.807149,-0.585712,-0.073829, 0.000000,
                     0.588058, 0.808710, 0.013262, 0.000000,
                     0.051939,-0.054120, 0.997183, 0.000000,
                    39.982044,25.864552,-5.638569, 1.000000;;
                  }
                  Frame Armature_WingRing02_R {
                    FrameTransformMatrix {
                      -0.972430, 0.142168,-0.184844, 0.000000,
                       0.143713, 0.989606, 0.005081, 0.000000,
                       0.183645,-0.021624,-0.982755, 0.000000,
                       0.000008,199.690369,-0.000088, 1.000000;;
                    }
                    Frame Armature_WingRing04_R {
                      FrameTransformMatrix {
                         0.959316, 0.279678,-0.038642, 0.000000,
                        -0.279405, 0.960093, 0.012417, 0.000000,
                         0.040573,-0.001115, 0.999176, 0.000000,
                        -13.789017,362.526031, 6.754211, 1.000000;;
                      }
                      Frame Armature_WingRing05_R {
                        FrameTransformMatrix {
                          -0.501261, 0.161076, 0.850171, 0.000000,
                          -0.809408, 0.260096,-0.526506, 0.000000,
                          -0.305934,-0.952053,-0.000000, 0.000000,
                          23.868973,371.023804,-4.515238, 1.000000;;
                        }
                      } // End of Armature_WingRing05_R
                    } // End of Armature_WingRing04_R
                  } // End of Armature_WingRing02_R
                } // End of Armature_WingRing01_R
              } // End of Armature_Wing03_R
              Frame Armature_WingThumb01_R {
                FrameTransformMatrix {
                   0.009964, 0.000785, 0.000338, 0.000000,
                   0.000797,-0.009962,-0.000354, 0.000000,
                   0.000309, 0.000380,-0.009988, 0.000000,
                  66.789902,-164.854355,-1.136456, 1.000000;;
                }
              } // End of Armature_WingThumb01_R
            } // End of Armature_Wing02_R
          } // End of Armature_Wing01_R
        } // End of Armature_Spine02
      } // End of Armature_Spine01
      Frame Armature_UpperLeg_L {
        FrameTransformMatrix {
           0.008641, 0.190372,-0.981674, 0.000000,
          -0.998770, 0.049566, 0.000821, 0.000000,
           0.048814, 0.980460, 0.190567, 0.000000,
           6.620109,85.229698,-42.187737, 1.000000;;
        }
        Frame Armature_LowerLeg_L {
          FrameTransformMatrix {
             0.718220,-0.695758,-0.009016, 0.000000,
             0.683073, 0.707476,-0.181356, 0.000000,
             0.132559, 0.124094, 0.983376, 0.000000,
             0.000080,179.437561,-0.000019, 1.000000;;
          }
          Frame Armature_Feet_L {
            FrameTransformMatrix {
               0.772555,-0.631173,-0.069139, 0.000000,
               0.630308, 0.749209, 0.203465, 0.000000,
              -0.076621,-0.200767, 0.976638, 0.000000,
              -0.000008,155.874466,-0.000011, 1.000000;;
            }
            Frame Armature_IndexToe01_L {
              FrameTransformMatrix {
                 0.365697, 0.894739,-0.256336, 0.000000,
                -0.930717, 0.353207,-0.094924, 0.000000,
                 0.005607, 0.273290, 0.961915, 0.000000,
                -3.430785,25.755159,-25.501038, 1.000000;;
              }
              Frame Armature_IndexToe02_L {
                FrameTransformMatrix {
                   0.267550, 0.963295, 0.021893, 0.000000,
                  -0.963544, 0.267481, 0.006079, 0.000000,
                   0.000000,-0.022721, 0.999742, 0.000000,
                  -2.437470,28.115879,-0.142577, 1.000000;;
                }
                Frame Armature_IndexToe03_L {
                  FrameTransformMatrix {
                     1.000000,-0.000000, 0.000000, 0.000000,
                     0.000000, 0.573462, 0.819232, 0.000000,
                    -0.000000,-0.819232, 0.573462, 0.000000,
                    -0.282484,27.569778,-1.050723, 1.000000;;
                  }
                } // End of Armature_IndexToe03_L
              } // End of Armature_IndexToe02_L
            } // End of Armature_IndexToe01_L
            Frame Armature_MiddleToe01_L {
              FrameTransformMatrix {
                 0.371982, 0.923026, 0.098242, 0.000000,
                -0.927445, 0.365196, 0.080486, 0.000000,
                 0.038413,-0.121054, 0.991902, 0.000000,
                -3.218692,31.106125,-5.303331, 1.000000;;
              }
              Frame Armature_MiddleToe02_L {
                FrameTransformMatrix {
                   0.052551, 0.998360, 0.022690, 0.000000,
                  -0.998618, 0.052537, 0.001194, 0.000000,
                   0.000000,-0.022721, 0.999742, 0.000000,
                   0.028343,36.646301, 0.243359, 1.000000;;
                }
                Frame Armature_MiddleToe03_L {
                  FrameTransformMatrix {
                     1.000000, 0.000000,-0.000000, 0.000000,
                     0.000000, 0.573463, 0.819232, 0.000000,
                     0.000000,-0.819232, 0.573462, 0.000000,
                    -0.189598,32.270309,-0.938972, 1.000000;;
                  }
                } // End of Armature_MiddleToe03_L
              } // End of Armature_MiddleToe02_L
            } // End of Armature_MiddleToe01_L
            Frame Armature_PinkyToe01_L {
              FrameTransformMatrix {
                 0.327975, 0.859852, 0.391264, 0.000000,
                -0.944640, 0.294402, 0.144856, 0.000000,
                 0.009365,-0.417113, 0.908807, 0.000000,
                -7.263673,23.997866,14.883986, 1.000000;;
              }
              Frame Armature_PinkyToe02_L {
                FrameTransformMatrix {
