xof 0303txt 0032

template XSkinMeshHeader {
  <3cf169ce-ff7c-44ab-93c0-f78f62d172e2>
  WORD nMaxSkinWeightsPerVertex;
  WORD nMaxSkinWeightsPerFace;
  WORD nBones;
}

template SkinWeights {
  <6f0d123b-bad2-4167-a0d0-80224f25fabb>
  STRING transformNodeName;
  DWORD nWeights;
  array DWORD vertexIndices[nWeights];
  array float weights[nWeights];
  Matrix4x4 matrixOffset;
}

Frame Root {
  FrameTransformMatrix {
     1.000000, 0.000000, 0.000000, 0.000000,
     0.000000,-0.000000,-1.000000, 0.000000,
     0.000000, 1.000000,-0.000000, 0.000000,
     0.000000, 0.000000, 0.000000, 1.000000;;
  }
  Frame Armature {
    FrameTransformMatrix {
       1.000000, 0.000000, 0.000000, 0.000000,
       0.000000,-0.000000, 1.000000, 0.000000,
       0.000000,-1.000000,-0.000000, 0.000000,
       0.000000, 0.000000, 0.000000, 1.000000;;
    }
    Frame Armature_Root {
      FrameTransformMatrix {
        -0.000000,-0.069449, 0.997586, 0.000000,
         1.000000,-0.000000, 0.000000, 0.000000,
         0.000000, 0.997586, 0.069449, 0.000000,
        -0.000000,1023.438110,-115.898201, 1.000000;;
      }
      Frame Armature_Spine01 {
        FrameTransformMatrix {
           0.111909,-0.000000, 0.993718, 0.000000,
           0.993718, 0.000000,-0.111909, 0.000000,
          -0.000000, 1.000000, 0.000000, 0.000000,
          97.524040,-0.000000, 0.000004, 1.000000;;
        }
        Frame Armature_Spine02 {
          FrameTransformMatrix {
            -0.990494, 0.137557,-0.000001, 0.000000,
             0.137557, 0.990494, 0.000000, 0.000000,
             0.000001,-0.000000,-1.000000, 0.000000,
             0.000023,114.438362,-0.000000, 1.000000;;
          }
          Frame Armature_Chest {
            FrameTransformMatrix {
              -0.930190, 0.367079, 0.000000, 0.000000,
               0.367079, 0.930190,-0.000000, 0.000000,
              -0.000000,-0.000000,-1.000000, 0.000000,
              -0.000062,127.459343, 0.000000, 1.000000;;
            }
            Frame Armature_Neck01 {
              FrameTransformMatrix {
                 0.971388,-0.237499,-0.000000, 0.000000,
                 0.237499, 0.971388,-0.000000, 0.000000,
                 0.000000, 0.000000, 1.000000, 0.000000,
                -0.000076,126.849579, 0.000002, 1.000000;;
              }
              Frame Armature_Neck02 {
                FrameTransformMatrix {
                   0.983899,-0.178727,-0.000000, 0.000000,
                   0.178727, 0.983899,-0.000000, 0.000000,
                   0.000000,-0.000000, 1.000000, 0.000000,
                  -0.000038,122.347366,-0.000000, 1.000000;;
                }
                Frame Armature_Neck03 {
                  FrameTransformMatrix {
                     0.994649,-0.103312, 0.000000, 0.000000,
                     0.103312, 0.994649, 0.000000, 0.000000,
                    -0.000000, 0.000000, 1.000000, 0.000000,
                     0.000042,112.527130,-0.000001, 1.000000;;
                  }
                  Frame Armature_Head {
                    FrameTransformMatrix {
                       0.000000, 0.000000, 1.000000, 0.000000,
                      -0.112728, 0.993626,-0.000000, 0.000000,
                      -0.993626,-0.112728, 0.000000, 0.000000,
                       0.000000,105.244118,-0.000000, 1.000000;;
                    }
                    Frame Armature_Eye_L {
                      FrameTransformMatrix {
                         1.000000, 0.000000, 0.000000, 0.000000,
                        -0.000000, 1.000000, 0.000000, 0.000000,
                        -0.000000,-0.000000, 1.000000, 0.000000,
                        34.315453,64.830811,-31.983612, 1.000000;;
                      }
                    } // End of Armature_Eye_L
                    Frame Armature_Eye_R {
                      FrameTransformMatrix {
                         1.000000,-0.000000, 0.000000, 0.000000,
                         0.000000,-1.000000,-0.000000, 0.000000,
                         0.000000, 0.000000,-1.000000, 0.000000,
                        -34.315403,64.831238,-31.984028, 1.000000;;
                      }
                    } // End of Armature_Eye_R
                    Frame Armature_Eye_Under_L {
                      FrameTransformMatrix {
                         1.000000,-0.000000, 0.000000, 0.000000,
                         0.000000, 1.000000, 0.000000, 0.000000,
                        -0.000000,-0.000000, 1.000000, 0.000000,
                        38.478436,70.034767,-12.224483, 1.000000;;
                      }
                    } // End of Armature_Eye_Under_L
                    Frame Armature_Eye_Under_R {
                      FrameTransformMatrix {
                         1.000000,-0.000000, 0.000000, 0.000000,
                         0.000000,-1.000000,-0.000000, 0.000000,
                         0.000000, 0.000000,-1.000000, 0.000000,
                        -38.478405,70.035210,-12.224043, 1.000000;;
                      }
                    } // End of Armature_Eye_Under_R
                    Frame Armature_Jaw01 {
                      FrameTransformMatrix {
                        -0.000000, 0.124975, 0.992160, 0.000000,
                         0.000000, 0.992160,-0.124975, 0.000000,
                        -1.000000, 0.000000,-0.000000, 0.000000,
                         0.000000,77.713951,41.943737, 1.000000;;
                      }
                      Frame Armature_Jaw02 {
                        FrameTransformMatrix {
                          -0.778932,-0.627109,-0.000001, 0.000000,
                           0.000001, 0.000000,-1.000000, 0.000000,
                           0.627109,-0.778932, 0.000000, 0.000000,
                          -0.000046,131.770691,-0.000000, 1.000000;;
                        }
                      } // End of Armature_Jaw02
                    } // End of Armature_Jaw01
                    Frame Armature_Tongue01 {
                      FrameTransformMatrix {
                        -0.000003,-0.065750, 0.997836, 0.000000,
                         0.000000, 0.997836, 0.065750, 0.000000,
                        -1.000000, 0.000000,-0.000003, 0.000000,
                        -0.000002,31.774916,21.651646, 1.000000;;
                      }
                      Frame Armature_Tongue02 {
                        FrameTransformMatrix {
                           0.999323,-0.036778,-0.000000, 0.000000,
                           0.036778, 0.999323,-0.000000, 0.000000,
                           0.000000, 0.000000, 1.000000, 0.000000,
                           0.000019,53.169930, 0.000000, 1.000000;;
                        }
                        Frame Armature_Tongue03 {
                          FrameTransformMatrix {
                             0.999072,-0.043065, 0.000000, 0.000000,
                             0.043065, 0.999072,-0.000000, 0.000000,
                            -0.000000, 0.000000, 1.000000, 0.000000,
                            -0.000038,46.743271,-0.000000, 1.000000;;
                          }
                          Frame Armature_Tongue04 {
                            FrameTransformMatrix {
                              -0.962206,-0.272321,-0.000001, 0.000000,
                              -0.000000, 0.000003,-1.000000, 0.000000,
                               0.272321,-0.962206,-0.000003, 0.000000,
                               0.000031,54.004166, 0.000000, 1.000000;;
                            }
                          } // End of Armature_Tongue04
                        } // End of Armature_Tongue03
                      } // End of Armature_Tongue02
                    } // End of Armature_Tongue01
                    Frame Armature_UpperMouth01 {
                      FrameTransformMatrix {
                        -0.000003, 0.094765,-0.995500, 0.000000,
                         0.000001, 0.995500, 0.094765, 0.000000,
                         1.000000,-0.000000,-0.000003, 0.000000,
                         0.000001,97.247826,-15.643991, 1.000000;;
                      }
                      Frame Armature_UpperMouth02 {
                        FrameTransformMatrix {
                           0.995693, 0.092716, 0.000000, 0.000000,
                          -0.000000, 0.000002, 1.000000, 0.000000,
                           0.092716,-0.995693, 0.000002, 0.000000,
                           0.000015,97.058884, 0.000000, 1.000000;;
                        }
                      } // End of Armature_UpperMouth02
                    } // End of Armature_UpperMouth01
                  } // End of Armature_Head
                } // End of Armature_Neck03
              } // End of Armature_Neck02
            } // End of Armature_Neck01
            Frame Armature_UpperArm_L {
              FrameTransformMatrix {
                -0.395676, 0.332121, 0.856234, 0.000000,
                -0.342645,-0.918387, 0.197889, 0.000000,
                 0.852077,-0.215084, 0.477183, 0.000000,
                -32.905949,-19.313234,82.735832, 1.000000;;
              }
              Frame Armature_LowerArm_L {
                FrameTransformMatrix {
                   0.984898, 0.083880, 0.151460, 0.000000,
                   0.029253, 0.781605,-0.623087, 0.000000,
                  -0.170646, 0.618108, 0.767348, 0.000000,
                  -0.000030,176.291122, 0.000039, 1.000000;;
                }
                Frame Armature_Hand_L {
                  FrameTransformMatrix {
                    -0.074358,-0.991236,-0.109186, 0.000000,
                     0.650367, 0.034797,-0.758822, 0.000000,
                     0.755971,-0.127435, 0.642080, 0.000000,
                     0.000007,171.877792, 0.000023, 1.000000;;
                  }
                  Frame Armature_Index01_L {
                    FrameTransformMatrix {
                       0.373203, 0.873674,-0.312109, 0.000000,
                      -0.927229, 0.362526,-0.093925, 0.000000,
                       0.031088, 0.324450, 0.945392, 0.000000,
                      -5.378063,55.339298,-24.943470, 1.000000;;
                    }
                    Frame Armature_Index02_L {
                      FrameTransformMatrix {
                         0.168486, 0.985645,-0.010832, 0.000000,
                        -0.983218, 0.168830, 0.069135, 0.000000,
                         0.069972,-0.000998, 0.997548, 0.000000,
                        -2.207260,39.770718,-0.317723, 1.000000;;
                      }
                      Frame Armature_Index03_L {
                        FrameTransformMatrix {
                           1.000000, 0.000000,-0.000000, 0.000000,
                          -0.000000, 0.573462, 0.819232, 0.000000,
                           0.000000,-0.819232, 0.573462, 0.000000,
                          -0.282569,27.569626,-1.050710, 1.000000;;
                        }
                      } // End of Armature_Index03_L
                    } // End of Armature_Index02_L
                  } // End of Armature_Index01_L
                  Frame Armature_Middle01_L {
                    FrameTransformMatrix {
                       0.259018, 0.938881, 0.226741, 0.000000,
                      -0.963432, 0.267820,-0.008404, 0.000000,
                      -0.068616,-0.216273, 0.973919, 0.000000,
                      -5.274494,61.946598, 2.297077, 1.000000;;
                    }
                    Frame Armature_Middle02_L {
                      FrameTransformMatrix {
                         0.193655, 0.951867,-0.237587, 0.000000,
                        -0.908751, 0.265296, 0.322164, 0.000000,
                         0.369688, 0.153519, 0.916386, 0.000000,
                         0.726936,43.116951, 0.768581, 1.000000;;
                      }
                      Frame Armature_Middle3_L {
                        FrameTransformMatrix {
                           1.000000,-0.000000,-0.000000, 0.000000,
                           0.000000, 0.573463, 0.819232, 0.000000,
                          -0.000000,-0.819232, 0.573463, 0.000000,
                          -0.189590,32.270271,-0.938957, 1.000000;;
                        }
                      } // End of Armature_Middle3_L
                    } // End of Armature_Middle02_L
                  } // End of Armature_Middle01_L
                  Frame Armature_Pinky01_L {
                    FrameTransformMatrix {
                       0.260831, 0.940234, 0.218921, 0.000000,
                      -0.965375, 0.253047, 0.063387, 0.000000,
                       0.004202,-0.227874, 0.973682, 0.000000,
                      -9.550684,54.729065,28.829372, 1.000000;;
                    }
                    Frame Armature_Pinky02_L {
                      FrameTransformMatrix {
                         0.218153, 0.975663, 0.022175, 0.000000,
                        -0.975915, 0.218096, 0.004956, 0.000000,
                        -0.000000,-0.022722, 0.999742, 0.000000,
                         0.112968,39.613930, 0.562981, 1.000000;;
                      }
                      Frame Armature_Pinky03_L {
                        FrameTransformMatrix {
                           1.000000,-0.000001,-0.000000, 0.000000,
                           0.000001, 0.573463, 0.819231, 0.000000,
                          -0.000000,-0.819231, 0.573463, 0.000000,
                          -0.189621,32.270325,-0.938950, 1.000000;;
                        }
                      } // End of Armature_Pinky03_L
                    } // End of Armature_Pinky02_L
                  } // End of Armature_Pinky01_L
                  Frame Armature_Thumb01_L {
                    FrameTransformMatrix {
                       0.060805,-0.993670, 0.094463, 0.000000,
                      -0.998125,-0.061190,-0.001169, 0.000000,
                       0.006948,-0.094215,-0.995513, 0.000000,
                      -12.599336,-25.391638, 3.054291, 1.000000;;
                    }
                    Frame Armature_Thumb02_L {
                      FrameTransformMatrix {
                         1.000000,-0.000000, 0.000000, 0.000000,
                         0.000000, 0.999742, 0.022722, 0.000000,
                        -0.000000,-0.022722, 0.999742, 0.000000,
                        -1.729919,36.609917, 0.235085, 1.000000;;
                      }
                    } // End of Armature_Thumb02_L
                  } // End of Armature_Thumb01_L
                } // End of Armature_Hand_L
              } // End of Armature_LowerArm_L
            } // End of Armature_UpperArm_L
            Frame Armature_UpperArm_R {
              FrameTransformMatrix {
                -0.316472, 0.347807,-0.882539, 0.000000,
                -0.419815,-0.885640,-0.198486, 0.000000,
                -0.850647, 0.307688, 0.426295, 0.000000,
                -32.906139,-19.313169,-82.735802, 1.000000;;
              }
              Frame Armature_RowerArm_R {
                FrameTransformMatrix {
                   0.978115, 0.059458,-0.199390, 0.000000,
                   0.038772, 0.889429, 0.455426, 0.000000,
                   0.204422,-0.453190, 0.867658, 0.000000,
                  -0.000033,176.291290, 0.000006, 1.000000;;
                }
                Frame Armature_Hand_R {
                  FrameTransformMatrix {
                     0.089943,-0.995944, 0.002273, 0.000000,
                     0.572517, 0.053571, 0.818141, 0.000000,
                    -0.814944,-0.072285, 0.575013, 0.000000,
                    -0.000015,171.877350,-0.000015, 1.000000;;
                  }
                  Frame Armature_Index01_R {
                    FrameTransformMatrix {
                       0.200282, 0.928924, 0.311427, 0.000000,
                      -0.978252, 0.207110, 0.011354, 0.000000,
                      -0.053953,-0.306928, 0.950202, 0.000000,
                      -4.365418,56.017776,23.587950, 1.000000;;
                    }
                    Frame Armature_Index02_R {
                      FrameTransformMatrix {
                         0.286035, 0.957113,-0.046031, 0.000000,
                        -0.958211, 0.285500,-0.017939, 0.000000,
                        -0.004028, 0.049239, 0.998779, 0.000000,
                         0.922275,39.822773,-0.089606, 1.000000;;
                      }
                      Frame Armature_Index03_R {
                        FrameTransformMatrix {
                          -0.998719, 0.050615,-0.000000, 0.000000,
                          -0.029026,-0.572728, 0.819232, 0.000000,
                           0.041465, 0.818181, 0.573463, 0.000000,
                           1.113346,27.548334, 1.050550, 1.000000;;
                        }
                      } // End of Armature_Index03_R
                    } // End of Armature_Index02_R
                  } // End of Armature_Index01_R
                  Frame Armature_Middle01_R {
                    FrameTransformMatrix {
                       0.313094, 0.947717, 0.061686, 0.000000,
                      -0.946532, 0.316703,-0.061454, 0.000000,
                      -0.077777,-0.039147, 0.996202, 0.000000,
                      -2.675708,62.042610,-3.734711, 1.000000;;
                    }
                    Frame Armature_Middle02_R {
                      FrameTransformMatrix {
                         0.280682, 0.958953,-0.040337, 0.000000,
                        -0.956341, 0.282988, 0.073003, 0.000000,
                         0.081422, 0.018085, 0.996516, 0.000000,
                        -0.485435,43.120628,-0.768930, 1.000000;;
                      }
                      Frame Armature_Middle3_R {
                        FrameTransformMatrix {
                          -0.996632,-0.004223,-0.081898, 0.000000,
                          -0.065008,-0.568093, 0.820393, 0.000000,
                          -0.049990, 0.822954, 0.565905, 0.000000,
                          -0.384388,32.274956, 0.699774, 1.000000;;
                        }
                      } // End of Armature_Middle3_R
                    } // End of Armature_Middle02_R
                  } // End of Armature_Middle01_R
                  Frame Armature_Pinky01_R {
                    FrameTransformMatrix {
                       0.285678, 0.923029,-0.257692, 0.000000,
                      -0.956701, 0.259037,-0.132755, 0.000000,
                      -0.055785, 0.284459, 0.957064, 0.000000,
                      -5.944210,54.442394,-30.303310, 1.000000;;
                    }
                    Frame Armature_Pinky02_R {
                      FrameTransformMatrix {
                         0.214354, 0.976229, 0.032082, 0.000000,
                        -0.976756, 0.214239, 0.007040, 0.000000,
                        -0.000000,-0.032845, 0.999460, 0.000000,
                        -1.077995,39.593842, 0.897179, 1.000000;;
                      }
                      Frame Armature_Pinky03_R {
                        FrameTransformMatrix {
                           1.000000, 0.000000,-0.000001, 0.000000,
                           0.000001,-0.523352, 0.852117, 0.000000,
                          -0.000000,-0.852117,-0.523352, 0.000000,
                          -1.148788,32.262367, 0.339603, 1.000000;;
                        }
                      } // End of Armature_Pinky03_R
                    } // End of Armature_Pinky02_R
                  } // End of Armature_Pinky01_R
                  Frame Armature_Thumb01_R {
                    FrameTransformMatrix {
                       0.002460,-0.997295,-0.073463, 0.000000,
                      -0.998983, 0.000869,-0.045206, 0.000000,
                       0.045154, 0.073498,-0.996275, 0.000000,
                      -13.441566,-24.940010,-3.187923, 1.000000;;
                    }
                    Frame Armature_Thumb02_R {
                      FrameTransformMatrix {
                        -0.996214, 0.086926, 0.000000, 0.000000,
                        -0.086904,-0.995957, 0.022722, 0.000000,
                         0.001975, 0.022636, 0.999742, 0.000000,
                         1.459188,36.621124,-0.234879, 1.000000;;
                      }
                    } // End of Armature_Thumb02_R
                  } // End of Armature_Thumb01_R
                } // End of Armature_Hand_R
              } // End of Armature_RowerArm_R
            } // End of Armature_UpperArm_R
          } // End of Armature_Chest
          Frame Armature_Wing01_L {
            FrameTransformMatrix {
              -0.114614, 0.715333,-0.689320, 0.000000,
              -0.440056,-0.658658,-0.610345, 0.000000,
              -0.890626, 0.233385, 0.390278, 0.000000,
              -56.105671,20.234087,-89.395523, 1.000000;;
            }
            Frame Armature_Wing02_L {
              FrameTransformMatrix {
                 0.064860,-0.997690, 0.020196, 0.000000,
                 0.997688, 0.064422,-0.021628, 0.000000,
                 0.020276, 0.021552, 0.999562, 0.000000,
                 0.000031,299.244019, 0.000006, 1.000000;;
              }
              Frame Armature_Wing03_L {
                FrameTransformMatrix {
                   0.877570, 0.473623, 0.074508, 0.000000,
                  -0.336846, 0.719652,-0.607154, 0.000000,
                  -0.341182, 0.507722, 0.791083, 0.000000,
                   0.000061,468.655121, 0.000092, 1.000000;;
                }
                Frame Armature_WingIndex01_L {
                  FrameTransformMatrix {
                     0.995838,-0.091110, 0.002345, 0.000000,
                     0.091103, 0.995837, 0.002939, 0.000000,
                    -0.002603,-0.002713, 0.999993, 0.000000,
                     0.000038,40.398323, 0.000137, 1.000000;;
                  }
                  Frame Armature_WingIndex02_L {
                    FrameTransformMatrix {
                       0.957455, 0.284942,-0.045698, 0.000000,
                      -0.286235, 0.957841,-0.024698, 0.000000,
                       0.036734, 0.036728, 0.998650, 0.000000,
                       0.000015,209.264450,-0.000275, 1.000000;;
                    }
                    Frame Armature_WingIndex03_L {
                      FrameTransformMatrix {
                         0.479600, 0.259207, 0.838329, 0.000000,
                         0.737507, 0.398596,-0.545165, 0.000000,
                        -0.475466, 0.879735,-0.000000, 0.000000,
                        -0.000016,228.365234, 0.000061, 1.000000;;
                      }
                    } // End of Armature_WingIndex03_L
                  } // End of Armature_WingIndex02_L
                } // End of Armature_WingIndex01_L
                Frame Armature_WingMiddle01_L {
                  FrameTransformMatrix {
                     0.940140, 0.340501, 0.013979, 0.000000,
                    -0.340617, 0.940177, 0.006899, 0.000000,
                    -0.010793,-0.011248, 0.999879, 0.000000,
                    -18.335556,37.623722,-3.888962, 1.000000;;
                  }
                  Frame Armature_WingMiddle02_L {
                    FrameTransformMatrix {
                       0.992900, 0.117832,-0.016290, 0.000000,
                      -0.117913, 0.993015,-0.004137, 0.000000,
                       0.015688, 0.006029, 0.999859, 0.000000,
                      -0.000015,205.206177, 0.000088, 1.000000;;
                    }
                    Frame Armature_WingMiddle04_L {
                      FrameTransformMatrix {
                        -0.946809,-0.303649, 0.106535, 0.000000,
                        -0.304714, 0.952421, 0.006532, 0.000000,
                        -0.103450,-0.026278,-0.994287, 0.000000,
                        -7.270344,370.676117,-3.474493, 1.000000;;
                      }
                      Frame Armature_WingMiddle05_L {
                        FrameTransformMatrix {
                          -0.493034,-0.030230,-0.869485, 0.000000,
                          -0.867855,-0.053211, 0.493960, 0.000000,
                          -0.061199, 0.998126,-0.000000, 0.000000,
                          -31.631180,539.507202,-7.139702, 1.000000;;
                        }
                      } // End of Armature_WingMiddle05_L
                    } // End of Armature_WingMiddle04_L
                  } // End of Armature_WingMiddle02_L
                } // End of Armature_WingMiddle01_L
                Frame Armature_WingPinky01_L {
                  FrameTransformMatrix {
                    -0.541468,-0.835877, 0.090120, 0.000000,
                    -0.838317, 0.544910, 0.017259, 0.000000,
                    -0.063534,-0.066204,-0.995781, 0.000000,
                    -61.174324,16.226604,-8.790283, 1.000000;;
                  }
                  Frame Armature_WingPinky02_L {
                    FrameTransformMatrix {
                       0.977515,-0.197933, 0.072713, 0.000000,
                       0.195876, 0.980022, 0.034484, 0.000000,
                      -0.078086,-0.019466, 0.996756, 0.000000,
                       0.000021,195.337463,-0.000074, 1.000000;;
                    }
                    Frame Armature_WingPinky04_L {
                      FrameTransformMatrix {
                         0.969579,-0.244774, 0.001311, 0.000000,
                         0.244773, 0.969580, 0.001083, 0.000000,
                        -0.001536,-0.000729, 0.999999, 0.000000,
                         0.229301,253.069778, 3.634956, 1.000000;;
                      }
                      Frame Armature_WingPinky05_L {
                        FrameTransformMatrix {
                          -0.445037,-0.367401,-0.816675, 0.000000,
                          -0.629791,-0.519924, 0.577098, 0.000000,
                          -0.636636, 0.771165,-0.000000, 0.000000,
                          -10.885849,281.533691,-8.118774, 1.000000;;
                        }
                      } // End of Armature_WingPinky05_L
                    } // End of Armature_WingPinky04_L
                  } // End of Armature_WingPinky02_L
                } // End of Armature_WingPinky01_L
                Frame Armature_WingRing01_L {
                  FrameTransformMatrix {
                     0.807324, 0.585474, 0.073815, 0.000000,
                    -0.587819, 0.808883, 0.013284, 0.000000,
                    -0.051930,-0.054114, 0.997184, 0.000000,
                    -39.982124,25.864691,-5.638367, 1.000000;;
                  }
                  Frame Armature_WingRing02_L {
                    FrameTransformMatrix {
                      -0.972438,-0.142164, 0.184806, 0.000000,
                      -0.143709, 0.989607, 0.005080, 0.000000,
                      -0.183607,-0.021618,-0.982762, 0.000000,
                      -0.000042,199.690063,-0.000048, 1.000000;;
                    }
                    Frame Armature_WingRing04_L {
                      FrameTransformMatrix {
                         0.959317,-0.279679, 0.038613, 0.000000,
                         0.279406, 0.960093, 0.012408, 0.000000,
                        -0.040543,-0.001115, 0.999177, 0.000000,
                        14.586205,326.020752, 6.448063, 1.000000;;
                      }
                      Frame Armature_WingRing05_L {
                        FrameTransformMatrix {
                          -0.501265,-0.161077,-0.850169, 0.000000,
                          -0.809405,-0.260096, 0.526510, 0.000000,
                          -0.305934, 0.952052,-0.000000, 0.000000,
                          -34.832138,405.853210,-4.218689, 1.000000;;
                        }
                      } // End of Armature_WingRing05_L
                    } // End of Armature_WingRing04_L
                  } // End of Armature_WingRing02_L
                } // End of Armature_WingRing01_L
              } // End of Armature_Wing03_L
              Frame Armature_WingThumb01_L {
                FrameTransformMatrix {
                   0.009963,-0.000785,-0.000337, 0.000000,
                  -0.000797,-0.009962,-0.000354, 0.000000,
                  -0.000308, 0.000380,-0.009988, 0.000000,
                  -68.427849,-166.734894,-0.990971, 1.000000;;
                }
              } // End of Armature_WingThumb01_L
            } // End of Armature_Wing02_L
          } // End of Armature_Wing01_L
          Frame Armature_Wing01_R {
            FrameTransformMatrix {
               0.098475,-0.714619,-0.692548, 0.000000,
              -0.323478,-0.681125, 0.656835, 0.000000,
              -0.941098, 0.159342,-0.298237, 0.000000,
              -56.106083,20.234137,89.395615, 1.000000;;
            }
            Frame Armature_Wing02_R {
              FrameTransformMatrix {
                 0.066933, 0.997554,-0.020156, 0.000000,
                -0.997552, 0.066496,-0.021622, 0.000000,
                -0.020228, 0.021554, 0.999563, 0.000000,
                 0.000004,299.244080,-0.000027, 1.000000;;
              }
              Frame Armature_Wing03_R {
                FrameTransformMatrix {
                   0.870660,-0.483739,-0.089151, 0.000000,
                   0.353079, 0.740804,-0.571440, 0.000000,
                   0.342471, 0.466052, 0.815787, 0.000000,
                   0.000015,468.654785,-0.000019, 1.000000;;
                }
                Frame Armature_WingIndex01_R {
                  FrameTransformMatrix {
                     0.995874, 0.090720,-0.002353, 0.000000,
                    -0.090713, 0.995873, 0.002944, 0.000000,
                     0.002611,-0.002719, 0.999993, 0.000000,
                     0.000000,40.398064, 0.000061, 1.000000;;
                  }
                  Frame Armature_WingIndex02_R {
                    FrameTransformMatrix {
                       0.957453,-0.284947, 0.045705, 0.000000,
                       0.286241, 0.957839,-0.024701, 0.000000,
                      -0.036740, 0.036733, 0.998650, 0.000000,
                       0.000000,209.265152, 0.000103, 1.000000;;
                    }
                    Frame Armature_WingIndex03_R {
                      FrameTransformMatrix {
                         0.479598,-0.259205,-0.838331, 0.000000,
                         0.737510,-0.398595, 0.545161, 0.000000,
                        -0.475463,-0.879736, 0.000001, 0.000000,
                         0.000000,228.364258, 0.000076, 1.000000;;
                      }
                    } // End of Armature_WingIndex03_R
                  } // End of Armature_WingIndex02_R
                } // End of Armature_WingIndex01_R
                Frame Armature_WingMiddle01_R {
                  FrameTransformMatrix {
                     0.940215,-0.340295,-0.013984, 0.000000,
                     0.340411, 0.940251, 0.006904, 0.000000,
                     0.010799,-0.011251, 0.999878, 0.000000,
                    18.335297,37.623558,-3.888763, 1.000000;;
                  }
                  Frame Armature_WingMiddle02_R {
                    FrameTransformMatrix {
                       0.992900,-0.117831, 0.016295, 0.000000,
                       0.117912, 0.993016,-0.004139, 0.000000,
                      -0.015694, 0.006031, 0.999859, 0.000000,
                       0.000006,205.206039,-0.000023, 1.000000;;
                    }
                    Frame Armature_WingMiddle04_R {
                      FrameTransformMatrix {
                        -0.946811, 0.303651,-0.106511, 0.000000,
                         0.304716, 0.952421, 0.006531, 0.000000,
                         0.103427,-0.026272,-0.994290, 0.000000,
                         4.796487,414.726227,-2.164479, 1.000000;;
                      }
                      Frame Armature_WingMiddle05_R {
                        FrameTransformMatrix {
                          -0.493050, 0.030231, 0.869476, 0.000000,
                          -0.867846, 0.053212,-0.493976, 0.000000,
                          -0.061200,-0.998126,-0.000000, 0.000000,
                          16.053238,498.297607,-4.423813, 1.000000;;
                        }
                      } // End of Armature_WingMiddle05_R
                    } // End of Armature_WingMiddle04_R
                  } // End of Armature_WingMiddle02_R
                } // End of Armature_WingMiddle01_R
                Frame Armature_WingPinky01_R {
                  FrameTransformMatrix {
                    -0.541666, 0.835749,-0.090117, 0.000000,
                     0.838189, 0.545106, 0.017236, 0.000000,
                     0.063528,-0.066199,-0.995782, 0.000000,
                    61.174255,16.226585,-8.790577, 1.000000;;
                  }
                  Frame Armature_WingPinky02_R {
                    FrameTransformMatrix {
                       0.977515, 0.197936,-0.072710, 0.000000,
                      -0.195878, 0.980022, 0.034484, 0.000000,
                       0.078083,-0.019466, 0.996757, 0.000000,
                       0.000040,195.337738, 0.000051, 1.000000;;
                    }
                    Frame Armature_WingPinky04_R {
                      FrameTransformMatrix {
                         0.969579, 0.244773,-0.001310, 0.000000,
                        -0.244772, 0.969580, 0.001081, 0.000000,
                         0.001535,-0.000728, 0.999998, 0.000000,
                        -9.829582,246.306519, 2.711254, 1.000000;;
                      }
                      Frame Armature_WingPinky05_R {
                        FrameTransformMatrix {
                          -0.445037, 0.367399, 0.816676, 0.000000,
                          -0.629793, 0.519924,-0.577096, 0.000000,
                          -0.636634,-0.771166,-0.000000, 0.000000,
                          21.847786,285.742249,-7.185112, 1.000000;;
                        }
                      } // End of Armature_WingPinky05_R
                    } // End of Armature_WingPinky04_R
                  } // End of Armature_WingPinky02_R
                } // End of Armature_WingPinky01_R
                Frame Armature_WingRing01_R {
                  FrameTransformMatrix {
                     0.807149,-0.585712,-0.073829, 0.000000,
                     0.588058, 0.808710, 0.013262, 0.000000,
                     0.051939,-0.054120, 0.997183, 0.000000,
                    39.982010,25.864447,-5.638515, 1.000000;;
                  }
                  Frame Armature_WingRing02_R {
                    FrameTransformMatrix {
                      -0.972431, 0.142168,-0.184844, 0.000000,
                       0.143713, 0.989606, 0.005081, 0.000000,
                       0.183645,-0.021624,-0.982755, 0.000000,
                       0.000038,199.690445,-0.000042, 1.000000;;
                    }
                    Frame Armature_WingRing04_R {
                      FrameTransformMatrix {
                         0.959316, 0.279678,-0.038642, 0.000000,
                        -0.279405, 0.960093, 0.012417, 0.000000,
                         0.040573,-0.001115, 0.999176, 0.000000,
                        -13.788948,362.525940, 6.754353, 1.000000;;
                      }
                      Frame Armature_WingRing05_R {
                        FrameTransformMatrix {
                          -0.501261, 0.161076, 0.850171, 0.000000,
                          -0.809408, 0.260096,-0.526506, 0.000000,
                          -0.305934,-0.952053,-0.000000, 0.000000,
                          23.868958,371.023895,-4.515335, 1.000000;;
                        }
                      } // End of Armature_WingRing05_R
                    } // End of Armature_WingRing04_R
                  } // End of Armature_WingRing02_R
                } // End of Armature_WingRing01_R
              } // End of Armature_Wing03_R
              Frame Armature_WingThumb01_R {
                FrameTransformMatrix {
                   0.009964, 0.000785, 0.000338, 0.000000,
                   0.000797,-0.009962,-0.000354, 0.000000,
                   0.000309, 0.000380,-0.009988, 0.000000,
                  66.789909,-164.854370,-1.136326, 1.000000;;
                }
              } // End of Armature_WingThumb01_R
            } // End of Armature_Wing02_R
          } // End of Armature_Wing01_R
        } // End of Armature_Spine02
      } // End of Armature_Spine01
      Frame Armature_UpperLeg_L {
        FrameTransformMatrix {
           0.249142, 0.181782,-0.951254, 0.000000,
          -0.968465, 0.048895,-0.244306, 0.000000,
           0.002101, 0.982122, 0.188232, 0.000000,
           6.620109,85.229698,-42.187737, 1.000000;;
        }
        Frame Armature_LowerLeg_L {
          FrameTransformMatrix {
             0.800179,-0.598475,-0.039247, 0.000000,
             0.586152, 0.794208,-0.160184, 0.000000,
             0.127037, 0.105171, 0.986307, 0.000000,
             0.000053,179.437576, 0.000016, 1.000000;;
          }
          Frame Armature_Feet_L {
            FrameTransformMatrix {
               0.841159,-0.537386,-0.060568, 0.000000,
               0.536337, 0.814646, 0.220669, 0.000000,
              -0.069243,-0.218103, 0.973466, 0.000000,
              -0.000050,155.874344, 0.000017, 1.000000;;
            }
            Frame Armature_IndexToe01_L {
              FrameTransformMatrix {
                 0.365697, 0.894739,-0.256336, 0.000000,
                -0.930717, 0.353207,-0.094924, 0.000000,
                 0.005607, 0.273290, 0.961916, 0.000000,
                -3.430665,25.755138,-25.501057, 1.000000;;
              }
              Frame Armature_IndexToe02_L {
                FrameTransformMatrix {
                   0.267550, 0.963295, 0.021893, 0.000000,
                  -0.963544, 0.267481, 0.006079, 0.000000,
                   0.000000,-0.022721, 0.999742, 0.000000,
                  -2.437438,28.115923,-0.142588, 1.000000;;
                }
                Frame Armature_IndexToe03_L {
                  FrameTransformMatrix {
                     1.000000,-0.000000, 0.000000, 0.000000,
                     0.000000, 0.573462, 0.819232, 0.000000,
                    -0.000000,-0.819232, 0.573462, 0.000000,
                    -0.282517,27.569653,-1.050730, 1.000000;;
                  }
                } // End of Armature_IndexToe03_L
              } // End of Armature_IndexToe02_L
            } // End of Armature_IndexToe01_L
            Frame Armature_MiddleToe01_L {
              FrameTransformMatrix {
                 0.371982, 0.923026, 0.098242, 0.000000,
                -0.927445, 0.365197, 0.080486, 0.000000,
                 0.038413,-0.121054, 0.991903, 0.000000,
                -3.218586,31.106165,-5.303346, 1.000000;;
              }
              Frame Armature_MiddleToe02_L {
                FrameTransformMatrix {
                   0.052551, 0.998360, 0.022690, 0.000000,
                  -0.998618, 0.052537, 0.001194, 0.000000,
                   0.000000,-0.022721, 0.999742, 0.000000,
                   0.028416,36.646355, 0.243301, 1.000000;;
                }
                Frame Armature_MiddleToe03_L {
                  FrameTransformMatrix {
                     1.000000, 0.000000,-0.000000, 0.000000,
                     0.000000, 0.573462, 0.819232, 0.000000,
                     0.000000,-0.819232, 0.573462, 0.000000,
                    -0.189573,32.270206,-0.938969, 1.000000;;
                  }
                } // End of Armature_MiddleToe03_L
              } // End of Armature_MiddleToe02_L
            } // End of Armature_MiddleToe01_L
            Frame Armature_PinkyToe01_L {
              FrameTransformMatrix {
                 0.327975, 0.859852, 0.391264, 0.000000,
                -0.944640, 0.294402, 0.144856, 0.000000,
                 0.009365,-0.417113, 0.908807, 0.000000,
                -7.263537,23.997904,14.883988, 1.000000;;
              }
              Frame Armature_PinkyToe02_L {
                FrameTransformMatrix {
