xof 0303txt 0032

template XSkinMeshHeader {
  <3cf169ce-ff7c-44ab-93c0-f78f62d172e2>
  WORD nMaxSkinWeightsPerVertex;
  WORD nMaxSkinWeightsPerFace;
  WORD nBones;
}

template SkinWeights {
  <6f0d123b-bad2-4167-a0d0-80224f25fabb>
  STRING transformNodeName;
  DWORD nWeights;
  array DWORD vertexIndices[nWeights];
  array float weights[nWeights];
  Matrix4x4 matrixOffset;
}

Frame Root {
  FrameTransformMatrix {
     1.000000, 0.000000, 0.000000, 0.000000,
     0.000000,-0.000000,-1.000000, 0.000000,
     0.000000, 1.000000,-0.000000, 0.000000,
     0.000000, 0.000000, 0.000000, 1.000000;;
  }
  Frame Armature {
    FrameTransformMatrix {
       1.000000, 0.000000, 0.000000, 0.000000,
       0.000000,-0.000000, 1.000000, 0.000000,
       0.000000,-1.000000,-0.000000, 0.000000,
       0.000000, 0.000000, 0.000000, 1.000000;;
    }
    Frame Armature_Root {
      FrameTransformMatrix {
        -0.000000,-0.214862, 0.976644, 0.000000,
         1.000000,-0.000000, 0.000000, 0.000000,
        -0.000000, 0.976644, 0.214862, 0.000000,
         0.000000,280.195435,-157.707932, 1.000000;;
      }
      Frame Armature_Spine01 {
        FrameTransformMatrix {
          -0.137669,-0.000001, 0.990478, 0.000000,
           0.990478, 0.000000, 0.137669, 0.000000,
          -0.000000, 1.000000, 0.000001, 0.000000,
          97.524048,-0.000000,-0.000036, 1.000000;;
        }
        Frame Armature_Spine02 {
          FrameTransformMatrix {
            -0.995142, 0.098447,-0.000001, 0.000000,
             0.098447, 0.995142,-0.000000, 0.000000,
             0.000001,-0.000000,-1.000000, 0.000000,
             0.000010,114.438354,-0.000000, 1.000000;;
          }
          Frame Armature_Chest {
            FrameTransformMatrix {
              -0.820313, 0.571915, 0.000000, 0.000000,
               0.571915, 0.820313,-0.000000, 0.000000,
              -0.000000,-0.000000,-1.000000, 0.000000,
               0.000011,127.459335, 0.000000, 1.000000;;
            }
            Frame Armature_Neck01 {
              FrameTransformMatrix {
                 0.918356,-0.395755,-0.000000, 0.000000,
                 0.395755, 0.918356,-0.000000, 0.000000,
                 0.000000, 0.000000, 1.000000, 0.000000,
                 0.000015,126.849609, 0.000002, 1.000000;;
              }
              Frame Armature_Neck02 {
                FrameTransformMatrix {
                   0.934219,-0.356702,-0.000000, 0.000000,
                   0.356702, 0.934219,-0.000000, 0.000000,
                   0.000000,-0.000000, 1.000000, 0.000000,
                  -0.000015,122.347366,-0.000000, 1.000000;;
                }
                Frame Armature_Neck03 {
                  FrameTransformMatrix {
                     0.976611,-0.215015, 0.000000, 0.000000,
                     0.215015, 0.976611, 0.000000, 0.000000,
                    -0.000000, 0.000000, 1.000000, 0.000000,
                     0.000023,112.527153,-0.000001, 1.000000;;
                  }
                  Frame Armature_Head {
                    FrameTransformMatrix {
                      -0.000000, 0.000000, 1.000000, 0.000000,
                      -0.562941, 0.826497,-0.000000, 0.000000,
                      -0.826497,-0.562941, 0.000000, 0.000000,
                       0.000004,105.244041, 0.000000, 1.000000;;
                    }
                    Frame Armature_Eye_L {
                      FrameTransformMatrix {
                         1.000000,-0.000000, 0.000000, 0.000000,
                        -0.000000, 1.000000,-0.000000, 0.000000,
                        -0.000000, 0.000000, 1.000000, 0.000000,
                        34.315445,64.830795,-31.983650, 1.000000;;
                      }
                    } // End of Armature_Eye_L
                    Frame Armature_Eye_R {
                      FrameTransformMatrix {
                         1.000000, 0.000000, 0.000000, 0.000000,
                         0.000000,-1.000000, 0.000000, 0.000000,
                         0.000000,-0.000000,-1.000000, 0.000000,
                        -34.315395,64.831245,-31.984077, 1.000000;;
                      }
                    } // End of Armature_Eye_R
                    Frame Armature_Eye_Under_L {
                      FrameTransformMatrix {
                         1.000000,-0.000000, 0.000000, 0.000000,
                        -0.000000, 1.000000,-0.000000, 0.000000,
                        -0.000000, 0.000000, 1.000000, 0.000000,
                        38.478432,70.034798,-12.224511, 1.000000;;
                      }
                    } // End of Armature_Eye_Under_L
                    Frame Armature_Eye_Under_R {
                      FrameTransformMatrix {
                         1.000000, 0.000000, 0.000000, 0.000000,
                         0.000000,-1.000000, 0.000000, 0.000000,
                         0.000000,-0.000000,-1.000000, 0.000000,
                        -38.478394,70.035225,-12.224082, 1.000000;;
                      }
                    } // End of Armature_Eye_Under_R
                    Frame Armature_Jaw01 {
                      FrameTransformMatrix {
                        -0.000000, 0.124975, 0.992160, 0.000000,
                         0.000000, 0.992160,-0.124975, 0.000000,
                        -1.000000, 0.000000,-0.000000, 0.000000,
                         0.000001,77.713997,41.943665, 1.000000;;
                      }
                      Frame Armature_Jaw02 {
                        FrameTransformMatrix {
                          -0.778932,-0.627109,-0.000001, 0.000000,
                           0.000001, 0.000000,-1.000000, 0.000000,
                           0.627108,-0.778932,-0.000000, 0.000000,
                          -0.000023,131.770599, 0.000000, 1.000000;;
                        }
                      } // End of Armature_Jaw02
                    } // End of Armature_Jaw01
                    Frame Armature_Tongue01 {
                      FrameTransformMatrix {
                        -0.000002,-0.065750, 0.997836, 0.000000,
                         0.000000, 0.997836, 0.065750, 0.000000,
                        -1.000000, 0.000000,-0.000002, 0.000000,
                        -0.000001,31.774998,21.651520, 1.000000;;
                      }
                      Frame Armature_Tongue02 {
                        FrameTransformMatrix {
                           0.999323,-0.036778, 0.000000, 0.000000,
                           0.036778, 0.999323,-0.000000, 0.000000,
                          -0.000000, 0.000000, 1.000000, 0.000000,
                           0.000000,53.169956,-0.000000, 1.000000;;
                        }
                        Frame Armature_Tongue03 {
                          FrameTransformMatrix {
                             0.999072,-0.043065, 0.000000, 0.000000,
                             0.043065, 0.999072,-0.000000, 0.000000,
                            -0.000000, 0.000000, 1.000000, 0.000000,
                            -0.000015,46.743340,-0.000000, 1.000000;;
                          }
                          Frame Armature_Tongue04 {
                            FrameTransformMatrix {
                              -0.962206,-0.272321,-0.000001, 0.000000,
                              -0.000000, 0.000003,-1.000000, 0.000000,
                               0.272321,-0.962206,-0.000003, 0.000000,
                               0.000015,54.004021, 0.000000, 1.000000;;
                            }
                          } // End of Armature_Tongue04
                        } // End of Armature_Tongue03
                      } // End of Armature_Tongue02
                    } // End of Armature_Tongue01
                    Frame Armature_UpperMouth01 {
                      FrameTransformMatrix {
                        -0.000003, 0.094765,-0.995500, 0.000000,
                         0.000000, 0.995500, 0.094765, 0.000000,
                         1.000000,-0.000000,-0.000003, 0.000000,
                         0.000001,97.247810,-15.644058, 1.000000;;
                      }
                      Frame Armature_UpperMouth02 {
                        FrameTransformMatrix {
                           0.995693, 0.092716, 0.000000, 0.000000,
                          -0.000000, 0.000002, 1.000000, 0.000000,
                           0.092716,-0.995693, 0.000002, 0.000000,
                           0.000000,97.058891,-0.000000, 1.000000;;
                        }
                      } // End of Armature_UpperMouth02
                    } // End of Armature_UpperMouth01
                  } // End of Armature_Head
                } // End of Armature_Neck03
              } // End of Armature_Neck02
            } // End of Armature_Neck01
            Frame Armature_UpperArm_L {
              FrameTransformMatrix {
                 0.759535, 0.341057, 0.553883, 0.000000,
                -0.554173,-0.106566, 0.825552, 0.000000,
                 0.340585,-0.933983, 0.108064, 0.000000,
                -32.905907,-19.313229,82.735840, 1.000000;;
              }
              Frame Armature_LowerArm_L {
                FrameTransformMatrix {
                   0.986533, 0.163216,-0.010612, 0.000000,
                  -0.020829, 0.061014,-0.997919, 0.000000,
                  -0.162229, 0.984702, 0.063592, 0.000000,
                  -0.000004,176.291122, 0.000006, 1.000000;;
                }
                Frame Armature_Hand_L {
                  FrameTransformMatrix {
                     0.390300,-0.815598,-0.427160, 0.000000,
                     0.818593, 0.519760,-0.244448, 0.000000,
                     0.421392,-0.254262, 0.870505, 0.000000,
                     0.000005,171.877777, 0.000003, 1.000000;;
                  }
                  Frame Armature_Index01_L {
                    FrameTransformMatrix {
                       0.999777,-0.020721, 0.004106, 0.000000,
                       0.020953, 0.948051,-0.317428, 0.000000,
                       0.002685, 0.317443, 0.948273, 0.000000,
                      -5.378060,55.339214,-24.943512, 1.000000;;
                    }
                    Frame Armature_Index02_L {
                      FrameTransformMatrix {
                         1.000000,-0.000001,-0.000000, 0.000000,
                         0.000001, 0.999241, 0.038962, 0.000000,
                         0.000000,-0.038962, 0.999241, 0.000000,
                        -2.207211,39.770645,-0.317740, 1.000000;;
                      }
                      Frame Armature_Index03_L {
                        FrameTransformMatrix {
                           1.000000, 0.000000,-0.000000, 0.000000,
                          -0.000000, 0.573462, 0.819232, 0.000000,
                           0.000000,-0.819232, 0.573462, 0.000000,
                          -0.282494,27.569710,-1.050721, 1.000000;;
                        }
                      } // End of Armature_Index03_L
                    } // End of Armature_Index02_L
                  } // End of Armature_Index01_L
                  Frame Armature_Middle01_L {
                    FrameTransformMatrix {
                       0.997438, 0.064516,-0.030903, 0.000000,
                      -0.066262, 0.996038,-0.059304, 0.000000,
                       0.026954, 0.061200, 0.997761, 0.000000,
                      -5.274516,61.946541, 2.297044, 1.000000;;
                    }
                    Frame Armature_Middle02_L {
                      FrameTransformMatrix {
                         1.000000,-0.000000,-0.000000, 0.000000,
                         0.000000, 0.999742, 0.022722, 0.000000,
                         0.000000,-0.022721, 0.999742, 0.000000,
                         0.726909,43.116917, 0.768594, 1.000000;;
                      }
                      Frame Armature_Middle3_L {
                        FrameTransformMatrix {
                           1.000000,-0.000000, 0.000000, 0.000000,
                          -0.000000, 0.573462, 0.819232, 0.000000,
                          -0.000000,-0.819232, 0.573462, 0.000000,
                          -0.189645,32.270264,-0.938961, 1.000000;;
                        }
                      } // End of Armature_Middle3_L
                    } // End of Armature_Middle02_L
                  } // End of Armature_Middle01_L
                  Frame Armature_Pinky01_L {
                    FrameTransformMatrix {
                       0.999960,-0.006735,-0.005891, 0.000000,
                       0.007900, 0.973667, 0.227837, 0.000000,
                       0.004202,-0.227874, 0.973682, 0.000000,
                      -9.550694,54.728954,28.829288, 1.000000;;
                    }
                    Frame Armature_Pinky02_L {
                      FrameTransformMatrix {
                         1.000000, 0.000001, 0.000000, 0.000000,
                        -0.000001, 0.999742, 0.022722, 0.000000,
                        -0.000000,-0.022722, 0.999742, 0.000000,
                         0.112927,39.613869, 0.562955, 1.000000;;
                      }
                      Frame Armature_Pinky03_L {
                        FrameTransformMatrix {
                           1.000000,-0.000001,-0.000000, 0.000000,
                           0.000001, 0.573463, 0.819232, 0.000000,
                          -0.000000,-0.819232, 0.573463, 0.000000,
                          -0.189616,32.270245,-0.938971, 1.000000;;
                        }
                      } // End of Armature_Pinky03_L
                    } // End of Armature_Pinky02_L
                  } // End of Armature_Pinky01_L
                  Frame Armature_Thumb01_L {
                    FrameTransformMatrix {
                       0.999762,-0.019929, 0.008857, 0.000000,
                      -0.020674,-0.995352, 0.094054, 0.000000,
                       0.006947,-0.094215,-0.995514, 0.000000,
                      -12.599346,-25.391655, 3.054245, 1.000000;;
                    }
                    Frame Armature_Thumb02_L {
                      FrameTransformMatrix {
                         1.000000,-0.000000, 0.000000, 0.000000,
                         0.000000, 0.999742, 0.022722, 0.000000,
                        -0.000000,-0.022722, 0.999742, 0.000000,
                        -1.729817,36.609943, 0.235103, 1.000000;;
                      }
                    } // End of Armature_Thumb02_L
                  } // End of Armature_Thumb01_L
                } // End of Armature_Hand_L
              } // End of Armature_LowerArm_L
            } // End of Armature_UpperArm_L
            Frame Armature_UpperArm_R {
              FrameTransformMatrix {
                 0.886955, 0.252283,-0.386864, 0.000000,
                -0.437310, 0.189306,-0.879160, 0.000000,
                -0.148562, 0.948956, 0.278232, 0.000000,
                -32.906105,-19.313156,-82.735794, 1.000000;;
              }
              Frame Armature_RowerArm_R {
                FrameTransformMatrix {
                   0.988583, 0.149584,-0.018105, 0.000000,
                  -0.022607, 0.266048, 0.963695, 0.000000,
                   0.148970,-0.952283, 0.266392, 0.000000,
                   0.000015,176.291275,-0.000023, 1.000000;;
                }
                Frame Armature_Hand_R {
                  FrameTransformMatrix {
                     0.602737,-0.730011, 0.322168, 0.000000,
                     0.758816, 0.649263, 0.051535, 0.000000,
                    -0.246792, 0.213404, 0.945279, 0.000000,
                     0.000004,171.877350, 0.000016, 1.000000;;
                  }
                  Frame Armature_Index01_R {
                    FrameTransformMatrix {
                       0.997907, 0.017385, 0.062277, 0.000000,
                      -0.035634, 0.951574, 0.305348, 0.000000,
                      -0.053952,-0.306928, 0.950202, 0.000000,
                      -4.365433,56.017784,23.588009, 1.000000;;
                    }
                    Frame Armature_Index02_R {
                      FrameTransformMatrix {
                         0.999593,-0.027995, 0.005412, 0.000000,
                         0.028227, 0.998395,-0.049106, 0.000000,
                        -0.004028, 0.049239, 0.998779, 0.000000,
                         0.922230,39.822796,-0.089599, 1.000000;;
                      }
                      Frame Armature_Index03_R {
                        FrameTransformMatrix {
                          -0.998719, 0.050615,-0.000000, 0.000000,
                          -0.029026,-0.572728, 0.819232, 0.000000,
                           0.041465, 0.818182, 0.573463, 0.000000,
                           1.113339,27.548458, 1.050567, 1.000000;;
                        }
                      } // End of Armature_Index03_R
                    } // End of Armature_Index02_R
                  } // End of Armature_Index01_R
                  Frame Armature_Middle01_R {
                    FrameTransformMatrix {
                       0.996970,-0.001895, 0.077762, 0.000000,
                      -0.001156, 0.999232, 0.039176, 0.000000,
                      -0.077776,-0.039147, 0.996202, 0.000000,
                      -2.675739,62.042637,-3.734657, 1.000000;;
                    }
                    Frame Armature_Middle02_R {
                      FrameTransformMatrix {
                         0.996394, 0.022485,-0.081819, 0.000000,
                        -0.023886, 0.999584,-0.016189, 0.000000,
                         0.081421, 0.018085, 0.996516, 0.000000,
                        -0.485388,43.120693,-0.768943, 1.000000;;
                      }
                      Frame Armature_Middle3_R {
                        FrameTransformMatrix {
                          -0.996632,-0.004223,-0.081898, 0.000000,
                          -0.065008,-0.568092, 0.820393, 0.000000,
                          -0.049990, 0.822953, 0.565905, 0.000000,
                          -0.384452,32.274979, 0.699834, 1.000000;;
                        }
                      } // End of Armature_Middle3_R
                    } // End of Armature_Middle02_R
                  } // End of Armature_Middle01_R
                  Frame Armature_Pinky01_R {
                    FrameTransformMatrix {
                       0.994406,-0.070278, 0.078849, 0.000000,
                       0.089690, 0.956109,-0.278948, 0.000000,
                      -0.055785, 0.284459, 0.957064, 0.000000,
                      -5.944223,54.442406,-30.303240, 1.000000;;
                    }
                    Frame Armature_Pinky02_R {
                      FrameTransformMatrix {
                         1.000000,-0.000000, 0.000000, 0.000000,
                         0.000000, 0.999460, 0.032845, 0.000000,
                        -0.000000,-0.032845, 0.999460, 0.000000,
                        -1.077972,39.593861, 0.897146, 1.000000;;
                      }
                      Frame Armature_Pinky03_R {
                        FrameTransformMatrix {
                           1.000000, 0.000000,-0.000001, 0.000000,
                           0.000001,-0.523353, 0.852116, 0.000000,
                          -0.000000,-0.852116,-0.523353, 0.000000,
                          -1.148801,32.262337, 0.339639, 1.000000;;
                        }
                      } // End of Armature_Pinky03_R
                    } // End of Armature_Pinky02_R
                  } // End of Armature_Pinky01_R
                  Frame Armature_Thumb01_R {
                    FrameTransformMatrix {
                       0.988792,-0.145408, 0.034079, 0.000000,
                      -0.142359,-0.986639,-0.079240, 0.000000,
                       0.045154, 0.073498,-0.996275, 0.000000,
                      -13.441570,-24.940069,-3.187899, 1.000000;;
                    }
                    Frame Armature_Thumb02_R {
                      FrameTransformMatrix {
                        -0.996214, 0.086926, 0.000001, 0.000000,
                        -0.086904,-0.995957, 0.022722, 0.000000,
                         0.001975, 0.022636, 0.999742, 0.000000,
                         1.459100,36.621052,-0.234878, 1.000000;;
                      }
                    } // End of Armature_Thumb02_R
                  } // End of Armature_Thumb01_R
                } // End of Armature_Hand_R
              } // End of Armature_RowerArm_R
            } // End of Armature_UpperArm_R
          } // End of Armature_Chest
          Frame Armature_Wing01_L {
            FrameTransformMatrix {
              -0.368721, 0.486496,-0.792065, 0.000000,
              -0.457880,-0.836613,-0.300706, 0.000000,
              -0.808944, 0.251794, 0.531234, 0.000000,
              -56.105713,20.234091,-89.395515, 1.000000;;
            }
            Frame Armature_Wing02_L {
              FrameTransformMatrix {
                -0.800515,-0.598734, 0.026347, 0.000000,
                 0.598461,-0.800947,-0.018105, 0.000000,
                 0.031943, 0.001275, 0.999489, 0.000000,
                -0.000015,299.244019,-0.000019, 1.000000;;
              }
              Frame Armature_Wing03_L {
                FrameTransformMatrix {
                   0.005398, 0.999963, 0.006739, 0.000000,
                  -0.972650, 0.006816,-0.232177, 0.000000,
                  -0.232215,-0.005302, 0.972650, 0.000000,
                  -0.000065,468.655029,-0.000015, 1.000000;;
                }
                Frame Armature_WingIndex01_L {
                  FrameTransformMatrix {
                     0.707361, 0.706843, 0.003759, 0.000000,
                    -0.706848, 0.707366, 0.000079, 0.000000,
                    -0.002603,-0.002713, 0.999993, 0.000000,
                     0.000084,40.398369, 0.000038, 1.000000;;
                  }
                  Frame Armature_WingIndex02_L {
                    FrameTransformMatrix {
                       0.957455, 0.284941,-0.045698, 0.000000,
                      -0.286235, 0.957841,-0.024698, 0.000000,
                       0.036734, 0.036728, 0.998650, 0.000000,
                       0.000015,209.264496, 0.000025, 1.000000;;
                    }
                    Frame Armature_WingIndex03_L {
                      FrameTransformMatrix {
                         0.479600, 0.259207, 0.838329, 0.000000,
                         0.737507, 0.398597,-0.545165, 0.000000,
                        -0.475466, 0.879734,-0.000000, 0.000000,
                         0.000042,228.365204, 0.000051, 1.000000;;
                      }
                    } // End of Armature_WingIndex03_L
                  } // End of Armature_WingIndex02_L
                } // End of Armature_WingIndex01_L
                Frame Armature_WingMiddle01_L {
                  FrameTransformMatrix {
                     0.526402, 0.850099, 0.015245, 0.000000,
                    -0.850167, 0.526502,-0.003255, 0.000000,
                    -0.010794,-0.011248, 0.999879, 0.000000,
                    -18.335503,37.623745,-3.889042, 1.000000;;
                  }
                  Frame Armature_WingMiddle02_L {
                    FrameTransformMatrix {
                       0.992900, 0.117832,-0.016290, 0.000000,
                      -0.117913, 0.993015,-0.004137, 0.000000,
                       0.015688, 0.006029, 0.999859, 0.000000,
                      -0.000017,205.206177,-0.000002, 1.000000;;
                    }
                    Frame Armature_WingMiddle04_L {
                      FrameTransformMatrix {
                        -0.946809,-0.303649, 0.106535, 0.000000,
                        -0.304713, 0.952421, 0.006532, 0.000000,
                        -0.103450,-0.026278,-0.994287, 0.000000,
                        -7.270248,370.676147,-3.474453, 1.000000;;
                      }
                      Frame Armature_WingMiddle05_L {
                        FrameTransformMatrix {
                          -0.493034,-0.030229,-0.869485, 0.000000,
                          -0.867854,-0.053211, 0.493960, 0.000000,
                          -0.061199, 0.998126, 0.000000, 0.000000,
                          -31.631172,539.507141,-7.139725, 1.000000;;
                        }
                      } // End of Armature_WingMiddle05_L
                    } // End of Armature_WingMiddle04_L
                  } // End of Armature_WingMiddle02_L
                } // End of Armature_WingMiddle01_L
                Frame Armature_WingPinky01_L {
                  FrameTransformMatrix {
                    -0.252966,-0.964142, 0.080241, 0.000000,
                    -0.965386, 0.256997, 0.044509, 0.000000,
                    -0.063534,-0.066204,-0.995781, 0.000000,
                    -61.174297,16.226639,-8.790363, 1.000000;;
                  }
                  Frame Armature_WingPinky02_L {
                    FrameTransformMatrix {
                       0.977515,-0.197933, 0.072713, 0.000000,
                       0.195876, 0.980022, 0.034484, 0.000000,
                      -0.078086,-0.019466, 0.996756, 0.000000,
                       0.000008,195.337463, 0.000036, 1.000000;;
                    }
                    Frame Armature_WingPinky04_L {
                      FrameTransformMatrix {
                         0.969579,-0.244774, 0.001311, 0.000000,
                         0.244773, 0.969580, 0.001083, 0.000000,
                        -0.001536,-0.000729, 0.999999, 0.000000,
                         0.229284,253.069901, 3.635048, 1.000000;;
                      }
                      Frame Armature_WingPinky05_L {
                        FrameTransformMatrix {
                          -0.445038,-0.367401,-0.816675, 0.000000,
                          -0.629791,-0.519924, 0.577098, 0.000000,
                          -0.636635, 0.771165, 0.000000, 0.000000,
                          -10.885735,281.533813,-8.118973, 1.000000;;
                        }
                      } // End of Armature_WingPinky05_L
                    } // End of Armature_WingPinky04_L
                  } // End of Armature_WingPinky02_L
                } // End of Armature_WingPinky01_L
                Frame Armature_WingRing01_L {
                  FrameTransformMatrix {
                     0.413674, 0.907668, 0.070800, 0.000000,
                    -0.908943, 0.416186,-0.024749, 0.000000,
                    -0.051930,-0.054115, 0.997184, 0.000000,
                    -39.982105,25.864689,-5.638359, 1.000000;;
                  }
                  Frame Armature_WingRing02_L {
                    FrameTransformMatrix {
                      -0.972438,-0.142164, 0.184806, 0.000000,
                      -0.143709, 0.989607, 0.005080, 0.000000,
                      -0.183607,-0.021618,-0.982762, 0.000000,
                       0.000030,199.690048, 0.000031, 1.000000;;
                    }
                    Frame Armature_WingRing04_L {
                      FrameTransformMatrix {
                         0.959317,-0.279679, 0.038613, 0.000000,
                         0.279406, 0.960093, 0.012408, 0.000000,
                        -0.040543,-0.001115, 0.999177, 0.000000,
                        14.586166,326.020813, 6.447918, 1.000000;;
                      }
                      Frame Armature_WingRing05_L {
                        FrameTransformMatrix {
                          -0.501265,-0.161077,-0.850169, 0.000000,
                          -0.809406,-0.260096, 0.526510, 0.000000,
                          -0.305934, 0.952053, 0.000000, 0.000000,
                          -34.832077,405.853271,-4.218758, 1.000000;;
                        }
                      } // End of Armature_WingRing05_L
                    } // End of Armature_WingRing04_L
                  } // End of Armature_WingRing02_L
                } // End of Armature_WingRing01_L
              } // End of Armature_Wing03_L
              Frame Armature_WingThumb01_L {
                FrameTransformMatrix {
                   0.009964,-0.000785,-0.000338, 0.000000,
                  -0.000797,-0.009962,-0.000354, 0.000000,
                  -0.000308, 0.000380,-0.009988, 0.000000,
                  22.586571,-147.902023,-4.447014, 1.000000;;
                }
              } // End of Armature_WingThumb01_L
            } // End of Armature_Wing02_L
          } // End of Armature_Wing01_L
          Frame Armature_Wing01_R {
            FrameTransformMatrix {
               0.343540,-0.484226,-0.804677, 0.000000,
              -0.401813,-0.850226, 0.340090, 0.000000,
              -0.848838, 0.206495,-0.486655, 0.000000,
              -56.105984,20.234129,89.395622, 1.000000;;
            }
            Frame Armature_Wing02_R {
              FrameTransformMatrix {
                -0.792638, 0.609119,-0.026432, 0.000000,
                -0.608851,-0.793077,-0.018162, 0.000000,
                -0.032025, 0.001697, 0.999486, 0.000000,
                 0.000015,299.244171,-0.000023, 1.000000;;
              }
              Frame Armature_Wing03_R {
                FrameTransformMatrix {
                   0.071513,-0.997436,-0.002729, 0.000000,
                   0.987070, 0.071163,-0.143628, 0.000000,
                   0.143454, 0.007577, 0.989628, 0.000000,
                   0.000019,468.654999, 0.000050, 1.000000;;
                }
                Frame Armature_WingIndex01_R {
                  FrameTransformMatrix {
                     0.715753,-0.698343,-0.003767, 0.000000,
                     0.698349, 0.715758, 0.000123, 0.000000,
                     0.002611,-0.002719, 0.999993, 0.000000,
                    -0.000023,40.398037, 0.000015, 1.000000;;
                  }
                  Frame Armature_WingIndex02_R {
                    FrameTransformMatrix {
                       0.957453,-0.284947, 0.045705, 0.000000,
                       0.286241, 0.957839,-0.024701, 0.000000,
                      -0.036740, 0.036733, 0.998650, 0.000000,
                       0.000000,209.265289, 0.000023, 1.000000;;
                    }
                    Frame Armature_WingIndex03_R {
                      FrameTransformMatrix {
                         0.479598,-0.259204,-0.838331, 0.000000,
                         0.737510,-0.398595, 0.545161, 0.000000,
                        -0.475463,-0.879736, 0.000000, 0.000000,
                        -0.000042,228.364532, 0.000050, 1.000000;;
                      }
                    } // End of Armature_WingIndex03_R
                  } // End of Armature_WingIndex02_R
                } // End of Armature_WingIndex01_R
                Frame Armature_WingMiddle01_R {
                  FrameTransformMatrix {
                     0.518918,-0.854689,-0.015222, 0.000000,
                     0.854756, 0.519019,-0.003391, 0.000000,
                     0.010799,-0.011251, 0.999878, 0.000000,
                    18.335300,37.623688,-3.888897, 1.000000;;
                  }
                  Frame Armature_WingMiddle02_R {
                    FrameTransformMatrix {
                       0.992900,-0.117831, 0.016295, 0.000000,
                       0.117912, 0.993016,-0.004139, 0.000000,
                      -0.015694, 0.006031, 0.999859, 0.000000,
                      -0.000010,205.206207,-0.000006, 1.000000;;
                    }
                    Frame Armature_WingMiddle04_R {
                      FrameTransformMatrix {
                        -0.946811, 0.303651,-0.106511, 0.000000,
                         0.304716, 0.952421, 0.006531, 0.000000,
                         0.103426,-0.026272,-0.994290, 0.000000,
                         4.796562,414.726501,-2.164349, 1.000000;;
                      }
                      Frame Armature_WingMiddle05_R {
                        FrameTransformMatrix {
                          -0.493050, 0.030232, 0.869476, 0.000000,
                          -0.867846, 0.053212,-0.493976, 0.000000,
                          -0.061200,-0.998126, 0.000000, 0.000000,
                          16.053146,498.297852,-4.423965, 1.000000;;
                        }
                      } // End of Armature_WingMiddle05_R
                    } // End of Armature_WingMiddle04_R
                  } // End of Armature_WingMiddle02_R
                } // End of Armature_WingMiddle01_R
                Frame Armature_WingPinky01_R {
                  FrameTransformMatrix {
                    -0.247277, 0.965639,-0.079971, 0.000000,
                     0.966860, 0.251315, 0.044976, 0.000000,
                     0.063528,-0.066199,-0.995782, 0.000000,
                    61.174263,16.226648,-8.790699, 1.000000;;
                  }
                  Frame Armature_WingPinky02_R {
                    FrameTransformMatrix {
                       0.977515, 0.197936,-0.072710, 0.000000,
                      -0.195878, 0.980022, 0.034484, 0.000000,
                       0.078083,-0.019466, 0.996757, 0.000000,
                      -0.000019,195.337799,-0.000029, 1.000000;;
                    }
                    Frame Armature_WingPinky04_R {
                      FrameTransformMatrix {
                         0.969580, 0.244773,-0.001310, 0.000000,
                        -0.244772, 0.969580, 0.001081, 0.000000,
                         0.001535,-0.000728, 0.999998, 0.000000,
                        -9.829597,246.306671, 2.711258, 1.000000;;
                      }
                      Frame Armature_WingPinky05_R {
                        FrameTransformMatrix {
                          -0.445037, 0.367399, 0.816676, 0.000000,
                          -0.629793, 0.519924,-0.577096, 0.000000,
                          -0.636634,-0.771166, 0.000000, 0.000000,
                          21.847839,285.742401,-7.185280, 1.000000;;
                        }
                      } // End of Armature_WingPinky05_R
                    } // End of Armature_WingPinky04_R
                  } // End of Armature_WingPinky02_R
                } // End of Armature_WingPinky01_R
                Frame Armature_WingRing01_R {
                  FrameTransformMatrix {
                     0.410744,-0.909003,-0.070728, 0.000000,
                     0.910270, 0.413261,-0.024983, 0.000000,
                     0.051939,-0.054120, 0.997183, 0.000000,
                    39.982029,25.864481,-5.638588, 1.000000;;
                  }
                  Frame Armature_WingRing02_R {
                    FrameTransformMatrix {
                      -0.972431, 0.142168,-0.184844, 0.000000,
                       0.143713, 0.989606, 0.005081, 0.000000,
                       0.183645,-0.021624,-0.982755, 0.000000,
                       0.000023,199.690613, 0.000032, 1.000000;;
                    }
                    Frame Armature_WingRing04_R {
                      FrameTransformMatrix {
                         0.959316, 0.279678,-0.038642, 0.000000,
                        -0.279405, 0.960093, 0.012417, 0.000000,
                         0.040573,-0.001115, 0.999176, 0.000000,
                        -13.788979,362.526123, 6.754208, 1.000000;;
                      }
                      Frame Armature_WingRing05_R {
                        FrameTransformMatrix {
                          -0.501262, 0.161076, 0.850171, 0.000000,
                          -0.809408, 0.260096,-0.526506, 0.000000,
                          -0.305933,-0.952053, 0.000000, 0.000000,
                          23.869011,371.023987,-4.515419, 1.000000;;
                        }
                      } // End of Armature_WingRing05_R
                    } // End of Armature_WingRing04_R
                  } // End of Armature_WingRing02_R
                } // End of Armature_WingRing01_R
              } // End of Armature_Wing03_R
              Frame Armature_WingThumb01_R {
                FrameTransformMatrix {
                   0.009964, 0.000785, 0.000338, 0.000000,
                   0.000797,-0.009962,-0.000354, 0.000000,
                   0.000309, 0.000380,-0.009988, 0.000000,
                  -27.368046,-152.163620,-4.530529, 1.000000;;
                }
              } // End of Armature_WingThumb01_R
            } // End of Armature_Wing02_R
          } // End of Armature_Wing01_R
        } // End of Armature_Spine02
      } // End of Armature_Spine01
      Frame Armature_UpperLeg_L {
        FrameTransformMatrix {
           0.801061, 0.449512,-0.395272, 0.000000,
          -0.564590, 0.348043,-0.748401, 0.000000,
          -0.198844, 0.822681, 0.532594, 0.000000,
           6.620116,85.229698,-42.187752, 1.000000;;
        }
        Frame Armature_LowerLeg_L {
          FrameTransformMatrix {
             0.111048,-0.983419, 0.143369, 0.000000,
             0.967938, 0.074320,-0.239945, 0.000000,
             0.225311, 0.165417, 0.960141, 0.000000,
             0.000023,179.437592, 0.000011, 1.000000;;
          }
          Frame Armature_Feet_L {
            FrameTransformMatrix {
               0.643142,-0.694262, 0.323061, 0.000000,
               0.674100, 0.713454, 0.191239, 0.000000,
              -0.363259, 0.094782, 0.926854, 0.000000,
               0.000008,155.874435, 0.000001, 1.000000;;
            }
            Frame Armature_IndexToe01_L {
              FrameTransformMatrix {
                 0.999886,-0.015004,-0.001566, 0.000000,
                 0.014004, 0.961815,-0.273343, 0.000000,
                 0.005607, 0.273290, 0.961916, 0.000000,
                -3.430755,25.755108,-25.501041, 1.000000;;
              }
              Frame Armature_IndexToe02_L {
                FrameTransformMatrix {
                   1.000000, 0.000000,-0.000000, 0.000000,
                  -0.000000, 0.999742, 0.022721, 0.000000,
                   0.000000,-0.022721, 0.999742, 0.000000,
                  -2.437461,28.115871,-0.142595, 1.000000;;
                }
                Frame Armature_IndexToe03_L {
                  FrameTransformMatrix {
                     1.000000,-0.000000, 0.000000, 0.000000,
                     0.000000, 0.573462, 0.819232, 0.000000,
                    -0.000000,-0.819232, 0.573462, 0.000000,
                    -0.282479,27.569704,-1.050713, 1.000000;;
                  }
                } // End of Armature_IndexToe03_L
              } // End of Armature_IndexToe02_L
            } // End of Armature_IndexToe01_L
            Frame Armature_MiddleToe01_L {
              FrameTransformMatrix {
                 0.996910, 0.072713,-0.029733, 0.000000,
                -0.068525, 0.989979, 0.123473, 0.000000,
                 0.038413,-0.121054, 0.991903, 0.000000,
                -3.218631,31.106079,-5.303342, 1.000000;;
              }
              Frame Armature_MiddleToe02_L {
                FrameTransformMatrix {
                   1.000000,-0.000000, 0.000000, 0.000000,
                   0.000000, 0.999742, 0.022721, 0.000000,
                  -0.000000,-0.022721, 0.999742, 0.000000,
                   0.028370,36.646278, 0.243316, 1.000000;;
                }
                Frame Armature_MiddleToe03_L {
                  FrameTransformMatrix {
                     1.000000, 0.000000,-0.000000, 0.000000,
                     0.000000, 0.573462, 0.819232, 0.000000,
                     0.000000,-0.819232, 0.573462, 0.000000,
                    -0.189628,32.270279,-0.938962, 1.000000;;
                  }
                } // End of Armature_MiddleToe03_L
              } // End of Armature_MiddleToe02_L
            } // End of Armature_MiddleToe01_L
            Frame Armature_PinkyToe01_L {
              FrameTransformMatrix {
                 0.999946,-0.000272,-0.010429, 0.000000,
                 0.004597, 0.908855, 0.417088, 0.000000,
                 0.009366,-0.417113, 0.908807, 0.000000,
                -7.263602,23.997860,14.883995, 1.000000;;
              }
              Frame Armature_PinkyToe02_L {
                FrameTransformMatrix {
