xof 0303txt 0032

template XSkinMeshHeader {
  <3cf169ce-ff7c-44ab-93c0-f78f62d172e2>
  WORD nMaxSkinWeightsPerVertex;
  WORD nMaxSkinWeightsPerFace;
  WORD nBones;
}

template SkinWeights {
  <6f0d123b-bad2-4167-a0d0-80224f25fabb>
  STRING transformNodeName;
  DWORD nWeights;
  array DWORD vertexIndices[nWeights];
  array float weights[nWeights];
  Matrix4x4 matrixOffset;
}

Frame Root {
  FrameTransformMatrix {
     1.000000, 0.000000, 0.000000, 0.000000,
     0.000000,-0.000000,-1.000000, 0.000000,
     0.000000, 1.000000,-0.000000, 0.000000,
     0.000000, 0.000000, 0.000000, 1.000000;;
  }
  Frame Armature {
    FrameTransformMatrix {
       1.000000, 0.000000, 0.000000, 0.000000,
       0.000000,-0.000000, 1.000000, 0.000000,
       0.000000,-1.000000,-0.000000, 0.000000,
       0.000000, 0.000000, 0.000000, 1.000000;;
    }
    Frame Armature_Root {
      FrameTransformMatrix {
        -0.194298,-0.214862, 0.957122, 0.000000,
         0.980011,-0.000000, 0.198944, 0.000000,
        -0.042746, 0.976644, 0.210567, 0.000000,
         0.000000,276.025421,-151.617706, 1.000000;;
      }
      Frame Armature_Spine01 {
        FrameTransformMatrix {
          -0.001264, 0.008782, 0.999961, 0.000000,
           0.999194, 0.040129, 0.000910, 0.000000,
          -0.040120, 0.999156,-0.008826, 0.000000,
          97.524025, 0.000001,-0.000032, 1.000000;;
        }
        Frame Armature_Spine02 {
          FrameTransformMatrix {
            -0.995060, 0.099107,-0.005702, 0.000000,
             0.098714, 0.993919, 0.048788, 0.000000,
             0.010503, 0.047984,-0.998793, 0.000000,
             0.000031,114.438347,-0.000000, 1.000000;;
          }
          Frame Armature_Chest {
            FrameTransformMatrix {
              -0.910755, 0.403067,-0.089789, 0.000000,
               0.412856, 0.884227,-0.218386, 0.000000,
              -0.008630,-0.235966,-0.971723, 0.000000,
               0.000038,127.459366, 0.000011, 1.000000;;
            }
            Frame Armature_Neck01 {
              FrameTransformMatrix {
                 0.881018,-0.473082,-0.000000, 0.000000,
                 0.473082, 0.881019,-0.000000, 0.000000,
                 0.000000, 0.000000, 1.000000, 0.000000,
                 0.000004,126.849571,-0.000013, 1.000000;;
              }
              Frame Armature_Neck02 {
                FrameTransformMatrix {
                   0.896118,-0.443816,-0.000000, 0.000000,
                   0.443816, 0.896118,-0.000000, 0.000000,
                   0.000000,-0.000000, 1.000000, 0.000000,
                  -0.000016,122.347382, 0.000009, 1.000000;;
                }
                Frame Armature_Neck03 {
                  FrameTransformMatrix {
                     0.962452,-0.271451, 0.000000, 0.000000,
                     0.271451, 0.962452, 0.000000, 0.000000,
                    -0.000000, 0.000000, 1.000000, 0.000000,
                    -0.000023,112.527122,-0.000001, 1.000000;;
                  }
                  Frame Armature_Head {
                    FrameTransformMatrix {
                      -0.107197, 0.074066, 0.991475, 0.000000,
                      -0.766830, 0.628575,-0.129865, 0.000000,
                      -0.632835,-0.774214,-0.010585, 0.000000,
                      -0.000002,105.244064, 0.000015, 1.000000;;
                    }
                    Frame Armature_Eye_L {
                      FrameTransformMatrix {
                         1.000000,-0.000000, 0.000000, 0.000000,
                         0.000000, 1.000000, 0.000000, 0.000000,
                        -0.000000,-0.000000, 1.000000, 0.000000,
                        34.315453,64.830887,-31.983578, 1.000000;;
                      }
                    } // End of Armature_Eye_L
                    Frame Armature_Eye_R {
                      FrameTransformMatrix {
                         1.000000,-0.000000, 0.000000, 0.000000,
                        -0.000000,-1.000000,-0.000000, 0.000000,
                         0.000000, 0.000000,-1.000000, 0.000000,
                        -34.315403,64.831322,-31.984013, 1.000000;;
                      }
                    } // End of Armature_Eye_R
                    Frame Armature_Eye_Under_L {
                      FrameTransformMatrix {
                         1.000000,-0.000000, 0.000000, 0.000000,
                         0.000000, 1.000000, 0.000000, 0.000000,
                        -0.000000,-0.000000, 1.000000, 0.000000,
                        38.478436,70.034859,-12.224440, 1.000000;;
                      }
                    } // End of Armature_Eye_Under_L
                    Frame Armature_Eye_Under_R {
                      FrameTransformMatrix {
                         1.000000,-0.000000, 0.000000, 0.000000,
                        -0.000000,-1.000000,-0.000000, 0.000000,
                         0.000000, 0.000000,-1.000000, 0.000000,
                        -38.478413,70.035217,-12.224001, 1.000000;;
                      }
                    } // End of Armature_Eye_Under_R
                    Frame Armature_Jaw01 {
                      FrameTransformMatrix {
                        -0.000000, 0.124975, 0.992160, 0.000000,
                         0.000000, 0.992160,-0.124975, 0.000000,
                        -1.000000, 0.000000,-0.000000, 0.000000,
                         0.000000,77.713943,41.943787, 1.000000;;
                      }
                      Frame Armature_Jaw02 {
                        FrameTransformMatrix {
                          -0.778932,-0.627109,-0.000001, 0.000000,
                           0.000001, 0.000000,-1.000000, 0.000000,
                           0.627109,-0.778932, 0.000000, 0.000000,
                          -0.000004,131.770691,-0.000000, 1.000000;;
                        }
                      } // End of Armature_Jaw02
                    } // End of Armature_Jaw01
                    Frame Armature_Tongue01 {
                      FrameTransformMatrix {
                        -0.000003,-0.065750, 0.997836, 0.000000,
                         0.000000, 0.997836, 0.065750, 0.000000,
                        -1.000000, 0.000000,-0.000003, 0.000000,
                        -0.000002,31.774975,21.651627, 1.000000;;
                      }
                      Frame Armature_Tongue02 {
                        FrameTransformMatrix {
                           0.999323,-0.036778,-0.000000, 0.000000,
                           0.036778, 0.999323,-0.000000, 0.000000,
                           0.000000, 0.000000, 1.000000, 0.000000,
                           0.000031,53.169937,-0.000000, 1.000000;;
                        }
                        Frame Armature_Tongue03 {
                          FrameTransformMatrix {
                             0.999072,-0.043065, 0.000000, 0.000000,
                             0.043065, 0.999072,-0.000000, 0.000000,
                            -0.000000, 0.000000, 1.000000, 0.000000,
                             0.000000,46.743359,-0.000000, 1.000000;;
                          }
                          Frame Armature_Tongue04 {
                            FrameTransformMatrix {
                              -0.962206,-0.272321,-0.000001, 0.000000,
                              -0.000000, 0.000003,-1.000000, 0.000000,
                               0.272321,-0.962206,-0.000003, 0.000000,
                               0.000015,54.004040, 0.000000, 1.000000;;
                            }
                          } // End of Armature_Tongue04
                        } // End of Armature_Tongue03
                      } // End of Armature_Tongue02
                    } // End of Armature_Tongue01
                    Frame Armature_UpperMouth01 {
                      FrameTransformMatrix {
                        -0.000003, 0.094765,-0.995500, 0.000000,
                         0.000001, 0.995500, 0.094765, 0.000000,
                         1.000000,-0.000000,-0.000003, 0.000000,
                         0.000001,97.247864,-15.643997, 1.000000;;
                      }
                      Frame Armature_UpperMouth02 {
                        FrameTransformMatrix {
                           0.995693, 0.092716, 0.000000, 0.000000,
                          -0.000000, 0.000002, 1.000000, 0.000000,
                           0.092716,-0.995693, 0.000002, 0.000000,
                          -0.000015,97.058800,-0.000000, 1.000000;;
                        }
                      } // End of Armature_UpperMouth02
                    } // End of Armature_UpperMouth01
                  } // End of Armature_Head
                } // End of Armature_Neck03
              } // End of Armature_Neck02
            } // End of Armature_Neck01
            Frame Armature_UpperArm_L {
              FrameTransformMatrix {
                 0.802227, 0.415752, 0.428464, 0.000000,
                -0.372112,-0.213015, 0.903414, 0.000000,
                 0.466865,-0.884180,-0.016180, 0.000000,
                -32.905895,-19.313217,82.735825, 1.000000;;
              }
              Frame Armature_LowerArm_L {
                FrameTransformMatrix {
                   0.987424, 0.158094, 0.000180, 0.000000,
                  -0.022056, 0.138879,-0.990064, 0.000000,
                  -0.156548, 0.977609, 0.140620, 0.000000,
                   0.000015,176.291107,-0.000015, 1.000000;;
                }
                Frame Armature_Hand_L {
                  FrameTransformMatrix {
                     0.483423,-0.863282,-0.145075, 0.000000,
                     0.787740, 0.501286,-0.358019, 0.000000,
                     0.381795, 0.058793, 0.922375, 0.000000,
                    -0.000037,171.877777,-0.000019, 1.000000;;
                  }
                  Frame Armature_Index01_L {
                    FrameTransformMatrix {
                       0.999777,-0.020721, 0.004106, 0.000000,
                       0.020953, 0.948051,-0.317428, 0.000000,
                       0.002685, 0.317443, 0.948273, 0.000000,
                      -5.378058,55.339264,-24.943523, 1.000000;;
                    }
                    Frame Armature_Index02_L {
                      FrameTransformMatrix {
                         1.000000,-0.000001,-0.000000, 0.000000,
                         0.000001, 0.999241, 0.038961, 0.000000,
                         0.000000,-0.038961, 0.999241, 0.000000,
                        -2.207211,39.770725,-0.317750, 1.000000;;
                      }
                      Frame Armature_Index03_L {
                        FrameTransformMatrix {
                           1.000000, 0.000000,-0.000000, 0.000000,
                          -0.000000, 0.573462, 0.819232, 0.000000,
                           0.000000,-0.819232, 0.573462, 0.000000,
                          -0.282494,27.569702,-1.050697, 1.000000;;
                        }
                      } // End of Armature_Index03_L
                    } // End of Armature_Index02_L
                  } // End of Armature_Index01_L
                  Frame Armature_Middle01_L {
                    FrameTransformMatrix {
                       0.997438, 0.064516,-0.030903, 0.000000,
                      -0.066262, 0.996038,-0.059304, 0.000000,
                       0.026954, 0.061200, 0.997761, 0.000000,
                      -5.274514,61.946579, 2.297020, 1.000000;;
                    }
                    Frame Armature_Middle02_L {
                      FrameTransformMatrix {
                         1.000000,-0.000000,-0.000000, 0.000000,
                         0.000000, 0.999742, 0.022722, 0.000000,
                         0.000000,-0.022722, 0.999742, 0.000000,
                         0.726913,43.116871, 0.768626, 1.000000;;
                      }
                      Frame Armature_Middle3_L {
                        FrameTransformMatrix {
                           1.000000,-0.000000,-0.000000, 0.000000,
                           0.000000, 0.573463, 0.819232, 0.000000,
                           0.000000,-0.819232, 0.573463, 0.000000,
                          -0.189644,32.270229,-0.938917, 1.000000;;
                        }
                      } // End of Armature_Middle3_L
                    } // End of Armature_Middle02_L
                  } // End of Armature_Middle01_L
                  Frame Armature_Pinky01_L {
                    FrameTransformMatrix {
                       0.999960,-0.006735,-0.005891, 0.000000,
                       0.007900, 0.973667, 0.227837, 0.000000,
                       0.004201,-0.227874, 0.973682, 0.000000,
                      -9.550691,54.729031,28.829309, 1.000000;;
                    }
                    Frame Armature_Pinky02_L {
                      FrameTransformMatrix {
                         1.000000, 0.000001, 0.000000, 0.000000,
                        -0.000001, 0.999742, 0.022722, 0.000000,
                        -0.000000,-0.022722, 0.999742, 0.000000,
                         0.112925,39.613911, 0.562936, 1.000000;;
                      }
                      Frame Armature_Pinky03_L {
                        FrameTransformMatrix {
                           1.000000,-0.000001,-0.000000, 0.000000,
                           0.000001, 0.573463, 0.819231, 0.000000,
                          -0.000000,-0.819231, 0.573463, 0.000000,
                          -0.189616,32.270267,-0.938972, 1.000000;;
                        }
                      } // End of Armature_Pinky03_L
                    } // End of Armature_Pinky02_L
                  } // End of Armature_Pinky01_L
                  Frame Armature_Thumb01_L {
                    FrameTransformMatrix {
                       0.999762,-0.019929, 0.008857, 0.000000,
                      -0.020674,-0.995353, 0.094054, 0.000000,
                       0.006948,-0.094215,-0.995513, 0.000000,
                      -12.599345,-25.391653, 3.054230, 1.000000;;
                    }
                    Frame Armature_Thumb02_L {
                      FrameTransformMatrix {
                         1.000000,-0.000000, 0.000000, 0.000000,
                         0.000000, 0.999742, 0.022722, 0.000000,
                        -0.000000,-0.022722, 0.999742, 0.000000,
                        -1.729816,36.609959, 0.235078, 1.000000;;
                      }
                    } // End of Armature_Thumb02_L
                  } // End of Armature_Thumb01_L
                } // End of Armature_Hand_L
              } // End of Armature_LowerArm_L
            } // End of Armature_UpperArm_L
            Frame Armature_UpperArm_R {
              FrameTransformMatrix {
                 0.942984, 0.179571,-0.280241, 0.000000,
                -0.317416, 0.231862,-0.919504, 0.000000,
                -0.100139, 0.956031, 0.275641, 0.000000,
                -32.906097,-19.313148,-82.735840, 1.000000;;
              }
              Frame Armature_RowerArm_R {
                FrameTransformMatrix {
                   0.986129, 0.165308, 0.014929, 0.000000,
                  -0.020089, 0.029583, 0.999361, 0.000000,
                   0.164760,-0.985798, 0.032493, 0.000000,
                   0.000000,176.291290, 0.000004, 1.000000;;
                }
                Frame Armature_Hand_R {
                  FrameTransformMatrix {
                     0.679102,-0.576561, 0.454311, 0.000000,
                     0.729070, 0.601721,-0.326173, 0.000000,
                    -0.085310, 0.552729, 0.828983, 0.000000,
                    -0.000027,171.877335, 0.000003, 1.000000;;
                  }
                  Frame Armature_Index01_R {
                    FrameTransformMatrix {
                       0.997907, 0.017385, 0.062277, 0.000000,
                      -0.035634, 0.951574, 0.305348, 0.000000,
                      -0.053953,-0.306928, 0.950202, 0.000000,
                      -4.365434,56.017715,23.587965, 1.000000;;
                    }
                    Frame Armature_Index02_R {
                      FrameTransformMatrix {
                         0.999593,-0.027995, 0.005412, 0.000000,
                         0.028227, 0.998395,-0.049106, 0.000000,
                        -0.004028, 0.049239, 0.998779, 0.000000,
                         0.922228,39.822758,-0.089582, 1.000000;;
                      }
                      Frame Armature_Index03_R {
                        FrameTransformMatrix {
                          -0.998719, 0.050615,-0.000000, 0.000000,
                          -0.029026,-0.572727, 0.819231, 0.000000,
                           0.041465, 0.818181, 0.573463, 0.000000,
                           1.113338,27.548426, 1.050573, 1.000000;;
                        }
                      } // End of Armature_Index03_R
                    } // End of Armature_Index02_R
                  } // End of Armature_Index01_R
                  Frame Armature_Middle01_R {
                    FrameTransformMatrix {
                       0.996970,-0.001895, 0.077762, 0.000000,
                      -0.001156, 0.999232, 0.039175, 0.000000,
                      -0.077777,-0.039147, 0.996202, 0.000000,
                      -2.675738,62.042568,-3.734672, 1.000000;;
                    }
                    Frame Armature_Middle02_R {
                      FrameTransformMatrix {
                         0.996394, 0.022485,-0.081820, 0.000000,
                        -0.023886, 0.999584,-0.016189, 0.000000,
                         0.081422, 0.018085, 0.996516, 0.000000,
                        -0.485391,43.120708,-0.768933, 1.000000;;
                      }
                      Frame Armature_Middle3_R {
                        FrameTransformMatrix {
                          -0.996632,-0.004223,-0.081897, 0.000000,
                          -0.065008,-0.568093, 0.820393, 0.000000,
                          -0.049990, 0.822954, 0.565905, 0.000000,
                          -0.384444,32.274979, 0.699803, 1.000000;;
                        }
                      } // End of Armature_Middle3_R
                    } // End of Armature_Middle02_R
                  } // End of Armature_Middle01_R
                  Frame Armature_Pinky01_R {
                    FrameTransformMatrix {
                       0.994406,-0.070278, 0.078849, 0.000000,
                       0.089690, 0.956109,-0.278948, 0.000000,
                      -0.055785, 0.284459, 0.957064, 0.000000,
                      -5.944221,54.442348,-30.303249, 1.000000;;
                    }
                    Frame Armature_Pinky02_R {
                      FrameTransformMatrix {
                         1.000000,-0.000000, 0.000000, 0.000000,
                         0.000000, 0.999460, 0.032845, 0.000000,
                        -0.000000,-0.032845, 0.999460, 0.000000,
                        -1.077972,39.593822, 0.897197, 1.000000;;
                      }
                      Frame Armature_Pinky03_R {
                        FrameTransformMatrix {
                           1.000000, 0.000000,-0.000001, 0.000000,
                           0.000001,-0.523352, 0.852117, 0.000000,
                          -0.000000,-0.852117,-0.523352, 0.000000,
                          -1.148803,32.262310, 0.339611, 1.000000;;
                        }
                      } // End of Armature_Pinky03_R
                    } // End of Armature_Pinky02_R
                  } // End of Armature_Pinky01_R
                  Frame Armature_Thumb01_R {
                    FrameTransformMatrix {
                       0.988791,-0.145407, 0.034081, 0.000000,
                      -0.142358,-0.986638,-0.079240, 0.000000,
                       0.045154, 0.073498,-0.996275, 0.000000,
                      -13.441567,-24.940086,-3.187922, 1.000000;;
                    }
                    Frame Armature_Thumb02_R {
                      FrameTransformMatrix {
                        -0.996214, 0.086926, 0.000000, 0.000000,
                        -0.086904,-0.995957, 0.022722, 0.000000,
                         0.001975, 0.022636, 0.999742, 0.000000,
                         1.459103,36.621075,-0.234902, 1.000000;;
                      }
                    } // End of Armature_Thumb02_R
                  } // End of Armature_Thumb01_R
                } // End of Armature_Hand_R
              } // End of Armature_RowerArm_R
            } // End of Armature_UpperArm_R
          } // End of Armature_Chest
          Frame Armature_Wing01_L {
            FrameTransformMatrix {
              -0.585490, 0.535892,-0.608294, 0.000000,
              -0.626904,-0.775041,-0.079389, 0.000000,
              -0.513996, 0.334860, 0.789732, 0.000000,
              -56.105629,20.234104,-89.395523, 1.000000;;
            }
            Frame Armature_Wing02_L {
              FrameTransformMatrix {
                -0.713166,-0.700474, 0.027038, 0.000000,
                 0.700244,-0.713657,-0.018760, 0.000000,
                 0.032437, 0.005555, 0.999458, 0.000000,
                -0.000057,299.244080,-0.000008, 1.000000;;
              }
              Frame Armature_Wing03_L {
                FrameTransformMatrix {
                   0.030644, 0.985601, 0.166289, 0.000000,
                  -0.768158, 0.129669,-0.626992, 0.000000,
                  -0.639527,-0.108522, 0.761070, 0.000000,
                  -0.000040,468.655090, 0.000008, 1.000000;;
                }
                Frame Armature_WingIndex01_L {
                  FrameTransformMatrix {
                     0.707361, 0.706843, 0.003759, 0.000000,
                    -0.706848, 0.707365, 0.000079, 0.000000,
                    -0.002603,-0.002713, 0.999993, 0.000000,
                     0.000065,40.398369, 0.000027, 1.000000;;
                  }
                  Frame Armature_WingIndex02_L {
                    FrameTransformMatrix {
                       0.957455, 0.284941,-0.045698, 0.000000,
                      -0.286235, 0.957841,-0.024698, 0.000000,
                       0.036734, 0.036728, 0.998650, 0.000000,
                       0.000000,209.264526, 0.000023, 1.000000;;
                    }
                    Frame Armature_WingIndex03_L {
                      FrameTransformMatrix {
                         0.479600, 0.259207, 0.838329, 0.000000,
                         0.737507, 0.398596,-0.545165, 0.000000,
                        -0.475466, 0.879735,-0.000000, 0.000000,
                         0.000010,228.365173, 0.000010, 1.000000;;
                      }
                    } // End of Armature_WingIndex03_L
                  } // End of Armature_WingIndex02_L
                } // End of Armature_WingIndex01_L
                Frame Armature_WingMiddle01_L {
                  FrameTransformMatrix {
                     0.526402, 0.850099, 0.015245, 0.000000,
                    -0.850168, 0.526502,-0.003255, 0.000000,
                    -0.010793,-0.011248, 0.999879, 0.000000,
                    -18.335503,37.623756,-3.889126, 1.000000;;
                  }
                  Frame Armature_WingMiddle02_L {
                    FrameTransformMatrix {
                       0.992900, 0.117832,-0.016290, 0.000000,
                      -0.117913, 0.993015,-0.004137, 0.000000,
                       0.015688, 0.006029, 0.999859, 0.000000,
                       0.000011,205.206192, 0.000024, 1.000000;;
                    }
                    Frame Armature_WingMiddle04_L {
                      FrameTransformMatrix {
                        -0.946809,-0.303649, 0.106535, 0.000000,
                        -0.304713, 0.952421, 0.006532, 0.000000,
                        -0.103450,-0.026278,-0.994287, 0.000000,
                        -7.270241,370.676208,-3.474442, 1.000000;;
                      }
                      Frame Armature_WingMiddle05_L {
                        FrameTransformMatrix {
                          -0.493034,-0.030230,-0.869485, 0.000000,
                          -0.867855,-0.053211, 0.493960, 0.000000,
                          -0.061199, 0.998126,-0.000000, 0.000000,
                          -31.631155,539.507263,-7.139740, 1.000000;;
                        }
                      } // End of Armature_WingMiddle05_L
                    } // End of Armature_WingMiddle04_L
                  } // End of Armature_WingMiddle02_L
                } // End of Armature_WingMiddle01_L
                Frame Armature_WingPinky01_L {
                  FrameTransformMatrix {
                    -0.252966,-0.964142, 0.080241, 0.000000,
                    -0.965387, 0.256997, 0.044508, 0.000000,
                    -0.063534,-0.066204,-0.995781, 0.000000,
                    -61.174332,16.226624,-8.790413, 1.000000;;
                  }
                  Frame Armature_WingPinky02_L {
                    FrameTransformMatrix {
                       0.977515,-0.197933, 0.072713, 0.000000,
                       0.195876, 0.980022, 0.034484, 0.000000,
                      -0.078086,-0.019466, 0.996756, 0.000000,
                       0.000009,195.337479,-0.000074, 1.000000;;
                    }
                    Frame Armature_WingPinky04_L {
                      FrameTransformMatrix {
                         0.969579,-0.244774, 0.001311, 0.000000,
                         0.244773, 0.969580, 0.001083, 0.000000,
                        -0.001536,-0.000729, 0.999999, 0.000000,
                         0.229259,253.069763, 3.635040, 1.000000;;
                      }
                      Frame Armature_WingPinky05_L {
                        FrameTransformMatrix {
                          -0.445037,-0.367401,-0.816675, 0.000000,
                          -0.629791,-0.519924, 0.577098, 0.000000,
                          -0.636635, 0.771165,-0.000000, 0.000000,
                          -10.885773,281.533722,-8.118954, 1.000000;;
                        }
                      } // End of Armature_WingPinky05_L
                    } // End of Armature_WingPinky04_L
                  } // End of Armature_WingPinky02_L
                } // End of Armature_WingPinky01_L
                Frame Armature_WingRing01_L {
                  FrameTransformMatrix {
                     0.413674, 0.907668, 0.070799, 0.000000,
                    -0.908943, 0.416186,-0.024750, 0.000000,
                    -0.051930,-0.054114, 0.997184, 0.000000,
                    -39.982132,25.864700,-5.638409, 1.000000;;
                  }
                  Frame Armature_WingRing02_L {
                    FrameTransformMatrix {
                      -0.972438,-0.142164, 0.184806, 0.000000,
                      -0.143709, 0.989607, 0.005080, 0.000000,
                      -0.183607,-0.021618,-0.982762, 0.000000,
                      -0.000019,199.690094, 0.000009, 1.000000;;
                    }
                    Frame Armature_WingRing04_L {
                      FrameTransformMatrix {
                         0.959317,-0.279679, 0.038613, 0.000000,
                         0.279406, 0.960093, 0.012408, 0.000000,
                        -0.040543,-0.001115, 0.999177, 0.000000,
                        14.586201,326.020874, 6.447929, 1.000000;;
                      }
                      Frame Armature_WingRing05_L {
                        FrameTransformMatrix {
                          -0.501265,-0.161077,-0.850169, 0.000000,
                          -0.809405,-0.260096, 0.526510, 0.000000,
                          -0.305934, 0.952053,-0.000000, 0.000000,
                          -34.831997,405.853271,-4.218704, 1.000000;;
                        }
                      } // End of Armature_WingRing05_L
                    } // End of Armature_WingRing04_L
                  } // End of Armature_WingRing02_L
                } // End of Armature_WingRing01_L
              } // End of Armature_Wing03_L
              Frame Armature_WingThumb01_L {
                FrameTransformMatrix {
                   0.009963,-0.000785,-0.000337, 0.000000,
                  -0.000797,-0.009962,-0.000354, 0.000000,
                  -0.000308, 0.000380,-0.009988, 0.000000,
                  22.584696,-147.901779,-4.445179, 1.000000;;
                }
              } // End of Armature_WingThumb01_L
            } // End of Armature_Wing02_L
          } // End of Armature_Wing01_L
          Frame Armature_Wing01_R {
            FrameTransformMatrix {
               0.569845,-0.535132,-0.623627, 0.000000,
              -0.587053,-0.796139, 0.146739, 0.000000,
              -0.575018, 0.282484,-0.767826, 0.000000,
              -56.105957,20.234150,89.395630, 1.000000;;
            }
            Frame Armature_Wing02_R {
              FrameTransformMatrix {
                -0.705295, 0.708397,-0.027071, 0.000000,
                -0.708172,-0.705790,-0.018816, 0.000000,
                -0.032435, 0.005901, 0.999457, 0.000000,
                -0.000046,299.244141, 0.000015, 1.000000;;
              }
              Frame Armature_Wing03_R {
                FrameTransformMatrix {
                   0.081686,-0.980462,-0.178945, 0.000000,
                   0.822453, 0.167724,-0.543543, 0.000000,
                   0.562937,-0.102774, 0.820085, 0.000000,
                   0.000000,468.654938,-0.000008, 1.000000;;
                }
                Frame Armature_WingIndex01_R {
                  FrameTransformMatrix {
                     0.715753,-0.698343,-0.003767, 0.000000,
                     0.698349, 0.715758, 0.000123, 0.000000,
                     0.002611,-0.002719, 0.999993, 0.000000,
                    -0.000004,40.397923, 0.000019, 1.000000;;
                  }
                  Frame Armature_WingIndex02_R {
                    FrameTransformMatrix {
                       0.957453,-0.284947, 0.045705, 0.000000,
                       0.286241, 0.957839,-0.024701, 0.000000,
                      -0.036740, 0.036733, 0.998650, 0.000000,
                      -0.000015,209.265198,-0.000034, 1.000000;;
                    }
                    Frame Armature_WingIndex03_R {
                      FrameTransformMatrix {
                         0.479597,-0.259205,-0.838331, 0.000000,
                         0.737510,-0.398595, 0.545161, 0.000000,
                        -0.475463,-0.879736, 0.000001, 0.000000,
                         0.000015,228.364319,-0.000038, 1.000000;;
                      }
                    } // End of Armature_WingIndex03_R
                  } // End of Armature_WingIndex02_R
                } // End of Armature_WingIndex01_R
                Frame Armature_WingMiddle01_R {
                  FrameTransformMatrix {
                     0.518918,-0.854689,-0.015222, 0.000000,
                     0.854756, 0.519019,-0.003391, 0.000000,
                     0.010799,-0.011251, 0.999878, 0.000000,
                    18.335281,37.623573,-3.888916, 1.000000;;
                  }
                  Frame Armature_WingMiddle02_R {
                    FrameTransformMatrix {
                       0.992900,-0.117830, 0.016295, 0.000000,
                       0.117912, 0.993015,-0.004139, 0.000000,
                      -0.015694, 0.006031, 0.999859, 0.000000,
                      -0.000082,205.206055, 0.000029, 1.000000;;
                    }
                    Frame Armature_WingMiddle04_R {
                      FrameTransformMatrix {
                        -0.946811, 0.303651,-0.106511, 0.000000,
                         0.304716, 0.952421, 0.006531, 0.000000,
                         0.103426,-0.026272,-0.994290, 0.000000,
                         4.796501,414.726227,-2.164345, 1.000000;;
                      }
                      Frame Armature_WingMiddle05_R {
                        FrameTransformMatrix {
                          -0.493050, 0.030231, 0.869476, 0.000000,
                          -0.867846, 0.053212,-0.493976, 0.000000,
                          -0.061200,-0.998126,-0.000000, 0.000000,
                          16.053223,498.297699,-4.423988, 1.000000;;
                        }
                      } // End of Armature_WingMiddle05_R
                    } // End of Armature_WingMiddle04_R
                  } // End of Armature_WingMiddle02_R
                } // End of Armature_WingMiddle01_R
                Frame Armature_WingPinky01_R {
                  FrameTransformMatrix {
                    -0.247277, 0.965639,-0.079971, 0.000000,
                     0.966860, 0.251314, 0.044976, 0.000000,
                     0.063528,-0.066199,-0.995782, 0.000000,
                    61.174274,16.226585,-8.790661, 1.000000;;
                  }
                  Frame Armature_WingPinky02_R {
                    FrameTransformMatrix {
                       0.977515, 0.197936,-0.072710, 0.000000,
                      -0.195878, 0.980022, 0.034484, 0.000000,
                       0.078083,-0.019466, 0.996757, 0.000000,
                       0.000025,195.337708, 0.000027, 1.000000;;
                    }
                    Frame Armature_WingPinky04_R {
                      FrameTransformMatrix {
                         0.969580, 0.244773,-0.001310, 0.000000,
                        -0.244772, 0.969580, 0.001081, 0.000000,
                         0.001535,-0.000728, 0.999998, 0.000000,
                        -9.829510,246.306549, 2.711327, 1.000000;;
                      }
                      Frame Armature_WingPinky05_R {
                        FrameTransformMatrix {
                          -0.445037, 0.367399, 0.816676, 0.000000,
                          -0.629793, 0.519924,-0.577096, 0.000000,
                          -0.636634,-0.771166,-0.000000, 0.000000,
                          21.847824,285.742340,-7.185272, 1.000000;;
                        }
                      } // End of Armature_WingPinky05_R
                    } // End of Armature_WingPinky04_R
                  } // End of Armature_WingPinky02_R
                } // End of Armature_WingPinky01_R
                Frame Armature_WingRing01_R {
                  FrameTransformMatrix {
                     0.410744,-0.909003,-0.070728, 0.000000,
                     0.910270, 0.413260,-0.024983, 0.000000,
                     0.051939,-0.054120, 0.997183, 0.000000,
                    39.982029,25.864384,-5.638580, 1.000000;;
                  }
                  Frame Armature_WingRing02_R {
                    FrameTransformMatrix {
                      -0.972431, 0.142168,-0.184844, 0.000000,
                       0.143713, 0.989606, 0.005081, 0.000000,
                       0.183645,-0.021624,-0.982755, 0.000000,
                      -0.000006,199.690491,-0.000026, 1.000000;;
                    }
                    Frame Armature_WingRing04_R {
                      FrameTransformMatrix {
                         0.959316, 0.279678,-0.038642, 0.000000,
                        -0.279405, 0.960093, 0.012417, 0.000000,
                         0.040573,-0.001115, 0.999176, 0.000000,
                        -13.788918,362.525940, 6.754227, 1.000000;;
                      }
                      Frame Armature_WingRing05_R {
                        FrameTransformMatrix {
                          -0.501262, 0.161076, 0.850171, 0.000000,
                          -0.809408, 0.260096,-0.526506, 0.000000,
                          -0.305934,-0.952053,-0.000000, 0.000000,
                          23.869019,371.023804,-4.515343, 1.000000;;
                        }
                      } // End of Armature_WingRing05_R
                    } // End of Armature_WingRing04_R
                  } // End of Armature_WingRing02_R
                } // End of Armature_WingRing01_R
              } // End of Armature_Wing03_R
              Frame Armature_WingThumb01_R {
                FrameTransformMatrix {
                   0.009964, 0.000785, 0.000338, 0.000000,
                   0.000797,-0.009962,-0.000354, 0.000000,
                   0.000309, 0.000380,-0.009988, 0.000000,
                  -27.368370,-152.163513,-4.530819, 1.000000;;
                }
              } // End of Armature_WingThumb01_R
            } // End of Armature_Wing02_R
          } // End of Armature_Wing01_R
        } // End of Armature_Spine02
      } // End of Armature_Spine01
      Frame Armature_UpperLeg_L {
        FrameTransformMatrix {
           0.763015, 0.558050,-0.326172, 0.000000,
          -0.531298, 0.254060,-0.808193, 0.000000,
          -0.368145, 0.789958, 0.490342, 0.000000,
           6.620083,85.229698,-42.187759, 1.000000;;
        }
        Frame Armature_LowerLeg_L {
          FrameTransformMatrix {
             0.101923,-0.984158, 0.145066, 0.000000,
             0.968552, 0.064901,-0.240196, 0.000000,
             0.226976, 0.164986, 0.959824, 0.000000,
             0.000008,179.437576,-0.000023, 1.000000;;
          }
          Frame Armature_Feet_L {
            FrameTransformMatrix {
               0.717642,-0.616123, 0.324625, 0.000000,
               0.579898, 0.786800, 0.211340, 0.000000,
              -0.385626, 0.036583, 0.921930, 0.000000,
               0.000006,155.874374, 0.000018, 1.000000;;
            }
            Frame Armature_IndexToe01_L {
              FrameTransformMatrix {
                 0.999886,-0.015004,-0.001566, 0.000000,
                 0.014004, 0.961815,-0.273343, 0.000000,
                 0.005607, 0.273290, 0.961916, 0.000000,
                -3.430751,25.755127,-25.501032, 1.000000;;
              }
              Frame Armature_IndexToe02_L {
                FrameTransformMatrix {
                   1.000000, 0.000000,-0.000000, 0.000000,
                  -0.000000, 0.999742, 0.022721, 0.000000,
                   0.000000,-0.022721, 0.999742, 0.000000,
                  -2.437461,28.115875,-0.142573, 1.000000;;
                }
                Frame Armature_IndexToe03_L {
                  FrameTransformMatrix {
                     1.000000,-0.000000, 0.000000, 0.000000,
                     0.000000, 0.573462, 0.819232, 0.000000,
                    -0.000000,-0.819232, 0.573462, 0.000000,
                    -0.282480,27.569700,-1.050710, 1.000000;;
                  }
                } // End of Armature_IndexToe03_L
              } // End of Armature_IndexToe02_L
            } // End of Armature_IndexToe01_L
            Frame Armature_MiddleToe01_L {
              FrameTransformMatrix {
                 0.996910, 0.072713,-0.029733, 0.000000,
                -0.068525, 0.989979, 0.123473, 0.000000,
                 0.038413,-0.121054, 0.991903, 0.000000,
                -3.218630,31.106079,-5.303304, 1.000000;;
              }
              Frame Armature_MiddleToe02_L {
                FrameTransformMatrix {
                   1.000000,-0.000000,-0.000000, 0.000000,
                   0.000000, 0.999742, 0.022721, 0.000000,
                   0.000000,-0.022721, 0.999742, 0.000000,
                   0.028369,36.646282, 0.243356, 1.000000;;
                }
                Frame Armature_MiddleToe03_L {
                  FrameTransformMatrix {
                     1.000000, 0.000000,-0.000000, 0.000000,
                     0.000000, 0.573463, 0.819232, 0.000000,
                     0.000000,-0.819232, 0.573462, 0.000000,
                    -0.189628,32.270279,-0.938974, 1.000000;;
                  }
                } // End of Armature_MiddleToe03_L
              } // End of Armature_MiddleToe02_L
            } // End of Armature_MiddleToe01_L
            Frame Armature_PinkyToe01_L {
              FrameTransformMatrix {
                 0.999946,-0.000272,-0.010429, 0.000000,
                 0.004597, 0.908855, 0.417088, 0.000000,
                 0.009365,-0.417113, 0.908807, 0.000000,
                -7.263605,23.997849,14.884003, 1.000000;;
              }
              Frame Armature_PinkyToe02_L {
                FrameTransformMatrix {
